350	 4.05652262270451E-02 
351	 4.19337302446365E-02 
352	 5.00407032668591E-02 
353	 5.10308369994164E-02 
354	 4.04614135622978E-02 
355	 4.19220216572285E-02 
356	 4.43882755935192E-02 
357	 4.31501418352127E-02 
358	 3.82637605071068E-02 
359	 4.07823100686073E-02 
360	 0.041833184659481 
361	 4.00071777403355E-02 
362	 4.04448844492435E-02 
363	 3.94342169165611E-02 
364	 3.86513397097588E-02 
365	 3.87251935899258E-02 
366	 0.036732591688633 
367	 4.04598526656628E-02 
368	 4.31604646146297E-02 
369	 3.86330895125866E-02 
370	 3.90930287539959E-02 
371	 3.95058281719685E-02 
372	 3.88358719646931E-02 
373	 3.87210324406624E-02 
374	 3.78665216267109E-02 
375	 3.85778434574604E-02 
376	 4.03002053499222E-02 
377	 3.81005145609379E-02 
378	 3.70914004743099E-02 
379	 3.80455814301968E-02 
380	 3.96870411932468E-02 
381	 3.80835570394993E-02 
382	 3.77722680568695E-02 
383	 3.86609695851803E-02 
384	 3.84654179215431E-02 
385	 3.76621969044209E-02 
386	 3.75679917633533E-02 
387	 3.84784564375877E-02 
388	 3.94239276647568E-02 
389	 3.78073416650295E-02 
390	 3.66564393043518E-02 
391	 3.79187315702438E-02 
392	 3.76458466053009E-02 
393	 3.81631590425968E-02 
394	 0.03825793415308 
395	 3.63169200718403E-02 
396	 3.74772846698761E-02 
397	 3.89786697924137E-02 
398	 3.87885048985481E-02 
399	 3.64316329360008E-02 
400	 0.037336427718401 
401	 3.83643545210361E-02 
402	 0.037077322602272 
403	 3.64530384540558E-02 
404	 3.71252559125423E-02 
405	 3.81027348339558E-02 
406	 3.79537902772427E-02 
407	 3.69867570698261E-02 
408	 3.68274785578251E-02 
409	 3.76698896288872E-02 
410	 3.82750630378723E-02 
411	 3.79686988890171E-02 
412	 3.76952663064003E-02 
413	 0.038050964474678 
414	 3.81943508982658E-02 
415	 3.79058755934238E-02 
416	 3.73979620635509E-02 
417	 3.71728278696537E-02 
418	 3.82217168807983E-02 
419	 3.88435684144497E-02 
420	 3.85340042412281E-02 
421	 3.81390042603016E-02 
422	 3.84321808815002E-02 
423	 3.88962775468826E-02 
424	 0.039016280323267 
425	 3.88962998986244E-02 
426	 3.89936082065105E-02 
427	 3.91362272202969E-02 
428	 3.90600971877575E-02 
429	 0.039896298199892 
430	 3.98289263248444E-02 
431	 3.89730297029018E-02 
432	 3.96762490272522E-02 
433	 0.039693295955658 
434	 3.93478572368622E-02 
435	 3.92739623785019E-02 
436	 3.94276008009911E-02 
437	 3.95780093967915E-02 
438	 0.039613202214241 
439	 3.95426787436008E-02 
440	 3.97317223250866E-02 
441	 3.99934984743595E-02 
442	 0.040182638913393 
443	 4.02863435447216E-02 
444	 4.03629243373871E-02 
445	 4.02471385896206E-02 
446	 3.99850495159626E-02 
447	 4.06504385173321E-02 
448	 4.08866591751575E-02 
449	 4.05394323170185E-02 
450	 4.03301380574703E-02 
451	 4.04210574924946E-02 
452	 4.04231436550617E-02 
453	 4.01752218604088E-02 
454	 4.00913543999195E-02 
455	 4.02088388800621E-02 
456	 4.02722619473934E-02 
457	 4.00614477694035E-02 
458	 4.01371829211712E-02 
459	 0.040220532566309 
460	 4.01716530323029E-02 
461	 4.00374121963978E-02 
462	 4.00690101087093E-02 
463	 4.02149111032486E-02 
464	 0.040342528373003 
465	 4.02726419270039E-02 
466	 4.02264483273029E-02 
467	 0.040076557546854 
468	 3.96865271031857E-02 
469	 0.040022362023592 
470	 4.03328537940979E-02 
471	 4.03080396354198E-02 
472	 0.040401678532362 
473	 4.03142869472504E-02 
474	 4.02288921177387E-02 
475	 4.03325781226158E-02 
476	 4.04079332947731E-02 
477	 4.05347496271133E-02 
478	 4.06709872186184E-02 
479	 4.07061763107777E-02 
480	 4.07080724835396E-02 
481	 4.08659465610981E-02 
482	 4.11147624254227E-02 
483	 4.08464968204498E-02 
484	 4.09245975315571E-02 
485	 4.12373803555965E-02 
486	 4.13898155093193E-02 
487	 4.14461828768253E-02 
488	 4.14344556629658E-02 
489	 4.14699167013168E-02 
490	 4.17349822819233E-02 
491	 4.19430546462536E-02 
492	 0.042117353528738 
493	 4.23282012343407E-02 
494	 4.26101684570313E-02 
495	 4.27456051111221E-02 
496	 4.28544171154499E-02 
497	 4.31660190224648E-02 
498	 4.31991368532181E-02 
499	 4.33441027998924E-02 
500	 4.37606237828732E-02 
501	 4.41394932568073E-02 
502	 4.41973693668842E-02 
503	 4.43665161728859E-02 
504	 4.50288876891136E-02 
505	 4.54043559730053E-02 
506	 4.56169620156288E-02 
507	 4.57963272929192E-02 
508	 4.60457354784012E-02 
509	 0.046333834528923 
510	 4.67115603387356E-02 
511	 4.71994616091251E-02 
512	 0.04775520414114 
513	 4.80487868189812E-02 
514	 4.82324436306953E-02 
515	 4.86348532140255E-02 
516	 4.90890070796013E-02 
517	 4.94860522449017E-02 
518	 4.98584695160389E-02 
519	 5.04219196736813E-02 
520	 5.07723987102509E-02 
521	 5.11039160192013E-02 
522	 5.16245029866695E-02 
523	 5.19667118787766E-02 
524	 5.23058325052261E-02 
525	 5.27053102850914E-02 
526	 5.31338155269623E-02 
527	 5.36103472113609E-02 
528	 5.40856160223484E-02 
529	 5.44870384037495E-02 
530	 5.46674132347107E-02 
531	 5.50939105451107E-02 
532	 5.56173101067543E-02 
533	 5.59054613113403E-02 
534	 5.63118979334831E-02 
535	 5.67375719547272E-02 
536	 5.71266189217567E-02 
537	 5.75222112238407E-02 
538	 5.79116307199001E-02 
539	 5.83540983498096E-02 
540	 5.88798113167286E-02 
541	 5.93577511608601E-02 
542	 5.98007664084435E-02 
543	 6.02247752249241E-02 
544	 6.06475360691547E-02 
545	 0.061124324798584 
546	 6.15966618061066E-02 
547	 6.20149746537209E-02 
548	 6.23722411692142E-02 
549	 6.28140866756439E-02 
550	 6.32713511586189E-02 
551	 6.36134892702103E-02 
552	 6.39760494232178E-02 
553	 6.43303170800209E-02 
554	 6.46488964557648E-02 
555	 6.49235844612122E-02 
556	 6.52169287204742E-02 
557	 0.065572589635849 
558	 6.59645348787308E-02 
559	 6.61386176943779E-02 
560	 6.62994533777237E-02 
561	 6.65173977613449E-02 
562	 6.67523369193077E-02 
563	 6.69918581843376E-02 
564	 0.067223347723484 
565	 6.74198195338249E-02 
566	 6.75021633505821E-02 
567	 6.76311478018761E-02 
568	 6.78064078092575E-02 
569	 6.79624676704407E-02 
570	 6.81303143501282E-02 
571	 6.82411938905716E-02 
572	 0.068304754793644 
573	 6.84462115168571E-02 
574	 6.85985088348389E-02 
575	 0.068741112947464 
576	 6.88658058643341E-02 
577	 6.89610838890076E-02 
578	 6.90958127379417E-02 
579	 6.92337602376938E-02 
580	 6.92679509520531E-02 
581	 6.94042220711708E-02 
582	 6.95448070764542E-02 
583	 6.96288123726845E-02 
584	 6.98214322328568E-02 
585	 6.99239075183868E-02 
586	 6.99902400374413E-02 
587	 7.01610893011093E-02 
588	 7.02999830245972E-02 
589	 7.04384297132492E-02 
590	 7.05842822790146E-02 
591	 7.06964060664177E-02 
592	 7.07765594124794E-02 
593	 7.08547756075859E-02 
594	 7.09611251950264E-02 
595	 7.10788518190384E-02 
596	 7.12175071239471E-02 
597	 0.071368545293808 
598	 7.15039372444153E-02 
599	 7.15559497475624E-02 
600	 7.15838298201561E-02 
601	 7.16428011655808E-02 
602	 7.17178881168365E-02 
603	 7.18067288398743E-02 
604	 7.18992948532104E-02 
605	 7.19910562038422E-02 
606	 7.21403509378433E-02 
607	 7.22952485084534E-02 
608	 7.24262744188309E-02 
609	 7.25503042340279E-02 
610	 7.27423205971718E-02 
611	 7.29180723428726E-02 
612	 7.30002447962761E-02 
613	 7.30956196784973E-02 
614	 7.32919871807098E-02 
615	 7.35591799020767E-02 
616	 0.073780432343483 
617	 7.39110186696053E-02 
618	 7.40528777241707E-02 
619	 7.42772147059441E-02 
620	 7.45494589209557E-02 
621	 7.47667625546455E-02 
622	 7.49557614326477E-02 
623	 7.51949772238731E-02 
624	 7.54850059747696E-02 
625	 7.57507532835007E-02 
626	 0.075967475771904 
627	 7.61748626828194E-02 
628	 7.64257460832596E-02 
629	 7.66765475273132E-02 
630	 7.68551751971245E-02 
631	 7.68848210573196E-02 
632	 7.69088193774223E-02 
633	 7.69069567322731E-02 
634	 0.07675851136446 
635	 7.65757635235786E-02 
636	 0.076265811920166 
637	 7.58014395833015E-02 
638	 7.53332301974297E-02 
639	 7.47598558664322E-02 
640	 7.41520375013351E-02 
641	 7.35990703105927E-02 
642	 7.29363784193993E-02 
643	 7.23486095666885E-02 
644	 7.18800202012062E-02 
645	 0.071410283446312 
646	 7.09634646773338E-02 
647	 7.06519186496735E-02 
648	 7.05092698335648E-02 
649	 7.02909976243973E-02 
650	 7.01875612139702E-02 
651	 7.01697394251823E-02 
652	 7.01024606823921E-02 
653	 7.00485035777092E-02 
654	 6.99931308627129E-02 
655	 6.99104592204094E-02 
656	 6.97780400514603E-02 
657	 6.95027783513069E-02 
658	 6.92355260252953E-02 
659	 6.91051855683327E-02 
660	 6.88447505235672E-02 
661	 6.85530751943588E-02 
662	 6.83030933141708E-02 
663	 6.81370198726654E-02 
664	 6.80805221199989E-02 
665	 0.068047434091568 
666	 6.80242851376534E-02 
667	 0.068196177482605 
668	 6.84926956892014E-02 
669	 6.88360035419464E-02 
670	 6.91816210746765E-02 
671	 6.97105005383492E-02 
672	 7.03521072864532E-02 
673	 7.10562244057655E-02 
674	 7.18182921409607E-02 
675	 7.27439597249031E-02 
676	 7.38537237048149E-02 
677	 7.51311480998993E-02 
678	 7.65189528465271E-02 
679	 7.80004635453224E-02 
680	 7.96697363257408E-02 
681	 8.16589146852493E-02 
682	 8.38927552103996E-02 
683	 8.64355862140656E-02 
684	 8.93137603998184E-02 
685	 0.09248336404562 
686	 9.60394293069839E-02 
687	 9.99792516231537E-02 
688	 0.104235284030437 
689	 0.108659908175468 
690	 0.11322857439518 
691	 0.11794351041317 
692	 0.12280448526144 
693	 0.127656832337379 
694	 0.132492572069168 
695	 0.137293592095375 
696	 0.142002612352371 
697	 0.146791189908981 
698	 0.151557937264442 
699	 0.156191557645798 
700	 0.160921409726143 
701	 0.165655940771103 
702	 0.170332372188568 
703	 0.17493249475956 
704	 0.179577365517616 
705	 0.184237703680992 
706	 0.18886199593544 
707	 0.193390280008316 
708	 0.197939082980156 
709	 0.202469661831856 
710	 0.20690193772316 
711	 0.211271747946739 
712	 0.215522542595863 
713	 0.219673663377762 
714	 0.223799586296082 
715	 0.227803662419319 
716	 0.231764882802963 
717	 0.235696628689766 
718	 0.23943318426609 
719	 0.243158757686615 
720	 0.246855080127716 
721	 0.25044721364975 
722	 0.253956198692322 
723	 0.257422924041748 
724	 0.260859042406082 
725	 0.264245271682739 
726	 0.267559230327606 
727	 0.270794838666916 
728	 0.273972362279892 
729	 0.277165651321411 
730	 0.280246824026108 
731	 0.283243536949158 
732	 0.286238789558411 
733	 0.289256364107132 
734	 0.292267978191376 
735	 0.295235067605972 
736	 0.298117786645889 
737	 0.300867021083832 
738	 0.303604185581207 
739	 0.306385159492493 
740	 0.309086889028549 
741	 0.311697900295258 
742	 0.31424343585968 
743	 0.31676983833313 
744	 0.319294512271881 
745	 0.321748971939087 
746	 0.32411989569664 
747	 0.326446384191513 
748	 0.328799456357956 
749	 0.33112359046936 
750	 0.333370000123978 
751	 0.335518658161163 
752	 0.337693214416504 
753	 0.339915752410889 
754	 0.342172265052795 
755	 0.344438672065735 
756	 0.34665459394455 
757	 0.34884837269783 
758	 0.351102769374847 
759	 0.353356510400772 
760	 0.355635046958923 
761	 0.357948005199432 
762	 0.360270321369171 
763	 0.362682461738586 
764	 0.365119963884354 
765	 0.367543905973434 
766	 0.370078027248383 
767	 0.372559934854507 
768	 0.374988585710526 
769	 0.377410471439362 
770	 0.379755288362503 
771	 0.382094711065292 
772	 0.384447932243347 
773	 0.386764794588089 
774	 0.389074116945267 
775	 0.391280978918076 
776	 0.393381834030151 
777	 0.395571768283844 
778	 0.397731781005859 
779	 0.39981135725975 
780	 0.401809513568878 
781	 0.403829455375671 
782	 0.405786693096161 
783	 0.407659202814102 
784	 0.409474909305573 
785	 0.411266535520554 
786	 0.413112282752991 
787	 0.41503232717514 
788	 0.416958302259445 
789	 0.418713927268982 
790	 0.420443713665009 
791	 0.422246545553207 
792	 0.423974424600601 
793	 0.425630688667297 
794	 0.427273482084274 
795	 0.42893847823143 
796	 0.430461496114731 
797	 0.432031571865082 
798	 0.433708220720291 
799	 0.435425937175751 
800	 0.43707087635994 
801	 0.438648998737335 
802	 0.44016245007515 
803	 0.441584855318069 
804	 0.443030655384064 
805	 0.444459319114685 
806	 0.445847868919373 
807	 0.447276949882507 
808	 0.448717802762985 
809	 0.450139820575714 
810	 0.451516091823578 
811	 0.452823489904404 
812	 0.454231649637222 
813	 0.455670446157455 
814	 0.456950157880783 
815	 0.458208978176117 
816	 0.459513038396835 
817	 0.46086049079895 
818	 0.462181508541107 
819	 0.46347975730896 
820	 0.46473228931427 
821	 0.465921193361282 
822	 0.467079758644104 
823	 0.468285828828812 
824	 0.469533950090408 
825	 0.470761626958847 
826	 0.471821695566177 
827	 0.472864001989365 
828	 0.474006563425064 
829	 0.475267648696899 
830	 0.476271241903305 
831	 0.477315604686737 
832	 0.478482723236084 
833	 0.479658931493759 
834	 0.480742067098618 
835	 0.481790751218796 
836	 0.482840716838837 
837	 0.483905673027039 
838	 0.484984189271927 
839	 0.485992401838303 
840	 0.486914396286011 
841	 0.487850248813629 
842	 0.488788634538651 
843	 0.489704936742783 
844	 0.490579813718796 
845	 0.491426885128021 
846	 0.492371618747711 
847	 0.493389189243317 
848	 0.494365066289902 
849	 0.49518746137619 
850	 0.49593910574913 
851	 0.496722161769867 
852	 0.497603923082352 
853	 0.498462826013565 
854	 0.499210774898529 
855	 0.499947220087051 
856	 0.500876069068909 
857	 0.501678943634033 
858	 0.502370178699493 
859	 0.503051817417145 
860	 0.503850817680359 
861	 0.504671990871429 
862	 0.505436062812805 
863	 0.506120324134827 
864	 0.506827473640442 
865	 0.507572293281555 
866	 0.508272767066956 
867	 0.508904933929443 
868	 0.509584963321686 
869	 0.510294675827026 
870	 0.510912120342255 
871	 0.511415839195251 
872	 0.512048184871674 
873	 0.512662351131439 
874	 0.51329642534256 
875	 0.514007925987244 
876	 0.514568865299225 
877	 0.515229225158691 
878	 0.515916168689728 
879	 0.516451835632324 
880	 0.517010033130646 
881	 0.517601370811462 
882	 0.518179833889008 
883	 0.518724381923676 
884	 0.519253194332123 
885	 0.519763350486755 
886	 0.520293176174164 
887	 0.520868360996246 
888	 0.521499931812286 
889	 0.522034108638763 
890	 0.522502541542053 
891	 0.523095488548279 
892	 0.523597419261932 
893	 0.524099051952362 
894	 0.52459979057312 
895	 0.525010347366333 
896	 0.525455415248871 
897	 0.525894820690155 
898	 0.526334166526794 
899	 0.526867568492889 
900	 0.527302920818329 
901	 0.52775764465332 
902	 0.528303563594818 
903	 0.528840601444244 
904	 0.529289901256561 
905	 0.529700398445129 
906	 0.530150413513184 
907	 0.53079092502594 
908	 0.531234741210938 
909	 0.531596064567566 
910	 0.532021045684814 
911	 0.532479524612427 
912	 0.533053278923035 
913	 0.533452391624451 
914	 0.533603727817535 
915	 0.534049808979034 
916	 0.534556269645691 
917	 0.534949660301209 
918	 0.535251021385193 
919	 0.535829782485962 
920	 0.53636759519577 
921	 0.53686136007309 
922	 0.537343621253967 
923	 0.537720680236816 
924	 0.537885785102844 
925	 0.538230001926422 
926	 0.538928270339966 
927	 0.539439380168915 
928	 0.539702475070953 
929	 0.539984703063965 
930	 0.540460050106049 
931	 0.540881156921387 
932	 0.54104346036911 
933	 0.541239082813263 
934	 0.541704058647156 
935	 0.542340159416199 
936	 0.542552590370178 
937	 0.542685508728027 
938	 0.543130040168762 
939	 0.543824315071106 
940	 0.544124484062195 
941	 0.544326841831207 
942	 0.544666767120361 
943	 0.544940710067749 
944	 0.545161187648773 
945	 0.54551112651825 
946	 0.545926153659821 
947	 0.545986473560333 
948	 0.546423316001892 
949	 0.54666805267334 
950	 0.546679735183716 
951	 0.547306954860687 
952	 0.547405779361725 
953	 0.547507524490356 
954	 0.547847032546997 
955	 0.548020362854004 
956	 0.548221170902252 
957	 0.548441410064697 
958	 0.548617243766785 
959	 0.548682391643524 
960	 0.548973917961121 
961	 0.54918646812439 
962	 0.549259066581726 
963	 0.549352705478668 
964	 0.54946380853653 
965	 0.549637317657471 
966	 0.549817442893982 
967	 0.549903035163879 
968	 0.549852848052979 
969	 0.5498006939888 
970	 0.550142884254456 
971	 0.550941050052643 
972	 0.55082893371582 
973	 0.550677001476288 
974	 0.550789058208466 
975	 0.551071465015411 
976	 0.550931632518768 
977	 0.551195621490479 
978	 0.551449000835419 
979	 0.551312863826752 
980	 0.551157057285309 
981	 0.551329791545868 
982	 0.551601529121399 
983	 0.551826775074005 
984	 0.552099704742432 
985	 0.551771342754364 
986	 0.551713764667511 
987	 0.552090167999268 
988	 0.552311480045319 
989	 0.552502393722534 
990	 0.552419006824493 
991	 0.552408635616302 
992	 0.552856683731079 
993	 0.552736103534698 
994	 0.552702963352203 
995	 0.552927494049072 
996	 0.553320944309235 
997	 0.55377995967865 
998	 0.553636372089386 
999	 0.553548872470856 
1000	 0.553914546966553 
1001	 0.55345094203949 
1002	 0.553322315216064 
1003	 0.553704500198364 
1004	 0.553857862949371 
1005	 0.553865015506744 
1006	 0.554093301296234 
1007	 0.554391026496887 
1008	 0.554473698139191 
1009	 0.55457204580307 
1010	 0.554765939712524 
1011	 0.554889023303986 
1012	 0.55501514673233 
1013	 0.555252194404602 
1014	 0.555497407913208 
1015	 0.555605888366699 
1016	 0.555764615535736 
1017	 0.555964529514313 
1018	 0.556173264980316 
1019	 0.556571066379547 
1020	 0.5572110414505 
1021	 0.557420015335083 
1022	 0.557599663734436 
1023	 0.557781457901001 
1024	 0.557642877101898 
1025	 0.557645380496979 
1026	 0.55777508020401 
1027	 0.557900428771973 
1028	 0.558072745800018 
1029	 0.558046996593475 
1030	 0.558119595050812 
1031	 0.558274388313293 
1032	 0.55824613571167 
1033	 0.558282375335693 
1034	 0.558337092399597 
1035	 0.558367908000946 
1036	 0.558525860309601 
1037	 0.558718144893646 
1038	 0.558988630771637 
1039	 0.559490621089935 
1040	 0.559778094291687 
1041	 0.560109972953796 
1042	 0.560260415077209 
1043	 0.560170710086823 
1044	 0.560158967971802 
1045	 0.560221552848816 
1046	 0.56010490655899 
1047	 0.560255825519562 
1048	 0.560598969459534 
1049	 0.560944080352783 
1050	 0.561571359634399 
1051	 0.561733305454254 
1052	 0.561683058738709 
1053	 0.561693012714386 
1054	 0.561230719089508 
1055	 0.561332821846008 
1056	 0.562040567398071 
1057	 0.562252581119537 
1058	 0.562451720237732 
1059	 0.562571704387665 
1060	 0.562406539916992 
1061	 0.562203943729401 
1062	 0.562280476093292 
1063	 0.562555193901062 
1064	 0.562855064868927 
1065	 0.563367605209351 
1066	 0.563622117042542 
1067	 0.563838303089142 
1068	 0.564015507698059 
1069	 0.563996970653534 
1070	 0.564094245433807 
1071	 0.564378023147583 
1072	 0.564505755901337 
1073	 0.564537107944489 
1074	 0.564565360546112 
1075	 0.564651787281036 
1076	 0.564474761486053 
1077	 0.564445853233337 
1078	 0.564376294612885 
1079	 0.564504086971283 
1080	 0.5647873878479 
1081	 0.564880073070526 
1082	 0.565039157867432 
1083	 0.565106451511383 
1084	 0.564865350723267 
1085	 0.564937651157379 
1086	 0.565311312675476 
1087	 0.56543356180191 
1088	 0.565542221069336 
1089	 0.565618932247162 
1090	 0.565461456775665 
1091	 0.565368592739105 
1092	 0.565369427204132 
1093	 0.5654656291008 
1094	 0.565510213375092 
1095	 0.565573990345001 
1096	 0.565684378147125 
1097	 0.565894663333893 
1098	 0.565940856933594 
1099	 0.565923690795898 
1100	 0.565980017185211 
1101	 0.565991878509521 
1102	 0.56600284576416 
1103	 0.56610631942749 
1104	 0.566176056861877 
1105	 0.566178560256958 
1106	 0.566192328929901 
1107	 0.56622850894928 
1108	 0.566314280033112 
1109	 0.566315293312073 
1110	 0.566259980201721 
1111	 0.566218793392181 
1112	 0.566136479377747 
1113	 0.5660560131073 
1114	 0.56585305929184 
1115	 0.565887033939362 
1116	 0.566119194030762 
1117	 0.566161334514618 
1118	 0.566279053688049 
1119	 0.566317498683929 
1120	 0.566137671470642 
1121	 0.56604129076004 
1122	 0.566028892993927 
1123	 0.565946936607361 
1124	 0.565842807292938 
1125	 0.565685153007507 
1126	 0.565642416477203 
1127	 0.565659463405609 
1128	 0.565617263317108 
1129	 0.565610706806183 
1130	 0.565559983253479 
1131	 0.565472304821014 
1132	 0.565357863903046 
1133	 0.565242350101471 
1134	 0.565144836902618 
1135	 0.565003216266632 
1136	 0.56486976146698 
1137	 0.564805388450623 
1138	 0.564683675765991 
1139	 0.564436376094818 
1140	 0.564301788806915 
1141	 0.564274966716766 
1142	 0.564342498779297 
1143	 0.564314484596252 
1144	 0.564412236213684 
1145	 0.564294636249542 
1146	 0.563979804515839 
1147	 0.563790082931519 
1148	 0.563589572906494 
1149	 0.563373863697052 
1150	 0.563162803649902 
1151	 0.562958180904388 
1152	 0.562704145908356 
1153	 0.562518775463104 
1154	 0.562471866607666 
1155	 0.562279164791107 
1156	 0.561998903751373 
1157	 0.561773896217346 
1158	 0.561462342739105 
1159	 0.561170220375061 
1160	 0.560888350009918 
1161	 0.560606360435486 
1162	 0.560386896133423 
1163	 0.560215532779694 
1164	 0.559980988502502 
1165	 0.559779644012451 
1166	 0.559489965438843 
1167	 0.559042274951935 
1168	 0.558718860149384 
1169	 0.558467388153076 
1170	 0.558176279067993 
1171	 0.557928562164307 
1172	 0.557624459266663 
1173	 0.557224035263062 
1174	 0.556859374046326 
1175	 0.556620717048645 
1176	 0.556403875350952 
1177	 0.55616694688797 
1178	 0.556058049201965 
1179	 0.555780231952667 
1180	 0.555368423461914 
1181	 0.555033445358276 
1182	 0.55458927154541 
1183	 0.554344773292542 
1184	 0.554312825202942 
1185	 0.554051339626312 
1186	 0.553679943084717 
1187	 0.553472459316254 
1188	 0.553316533565521 
1189	 0.553075730800629 
1190	 0.552878141403198 
1191	 0.552804231643677 
1192	 0.552618503570557 
1193	 0.552212715148926 
1194	 0.552099168300629 
1195	 0.552126049995422 
1196	 0.551973938941956 
1197	 0.551719427108765 
1198	 0.551661014556885 
1199	 0.551621079444885 
1200	 0.551616787910461 
1201	 0.551855981349945 
1202	 0.551843106746674 
1203	 0.551628589630127 
1204	 0.551533758640289 
1205	 0.551348686218262 
1206	 0.551328480243683 
1207	 0.551497101783752 
1208	 0.551589548587799 
1209	 0.551724791526794 
1210	 0.551823616027832 
1211	 0.551879048347473 
1212	 0.552001535892487 
1213	 0.552212476730347 
1214	 0.552343487739563 
1215	 0.552457511425018 
1216	 0.552707731723785 
1217	 0.552935123443604 
1218	 0.553173243999481 
1219	 0.553462028503418 
1220	 0.553774774074554 
1221	 0.554099142551422 
1222	 0.554542303085327 
1223	 0.554839313030243 
1224	 0.555028676986694 
1225	 0.55533355474472 
1226	 0.555629849433899 
1227	 0.555908262729645 
1228	 0.556283116340637 
1229	 0.556536853313446 
1230	 0.556695163249969 
1231	 0.556903123855591 
1232	 0.55706799030304 
1233	 0.557262122631073 
1234	 0.557528674602509 
1235	 0.557692289352417 
1236	 0.557984530925751 
1237	 0.55834299325943 
1238	 0.558522582054138 
1239	 0.558611392974854 
1240	 0.5587437748909 
1241	 0.558742940425873 
1242	 0.558873116970062 
1243	 0.559138178825378 
1244	 0.559289395809174 
1245	 0.559398710727692 
1246	 0.559534907341003 
1247	 0.559640944004059 
1248	 0.559782803058624 
1249	 0.559905111789703 
1250	 0.55996161699295 
1251	 0.560043275356293 
1252	 0.560109555721283 
1253	 0.56024181842804 
1254	 0.560425996780396 
1255	 0.560510516166687 
1256	 0.560471892356873 
1257	 0.560457825660706 
1258	 0.560504615306854 
1259	 0.560515701770782 
1260	 0.560536086559296 
1261	 0.560627043247223 
1262	 0.560701072216034 
1263	 0.560798168182373 
1264	 0.561035633087158 
1265	 0.561107158660889 
1266	 0.561106264591217 
1267	 0.561165750026703 
1268	 0.561171770095825 
1269	 0.561173021793365 
1270	 0.561408340930939 
1271	 0.56147825717926 
1272	 0.561411738395691 
1273	 0.561467707157135 
1274	 0.561453878879547 
1275	 0.561456680297852 
1276	 0.561590850353241 
1277	 0.561708688735962 
1278	 0.561745226383209 
1279	 0.561679840087891 
1280	 0.561827480792999 
1281	 0.5621377825737 
1282	 0.562225759029388 
1283	 0.562240362167358 
1284	 0.562329411506653 
1285	 0.562261581420898 
1286	 0.562274813652039 
1287	 0.562434732913971 
1288	 0.562564492225647 
1289	 0.56270706653595 
1290	 0.562633454799652 
1291	 0.562657833099365 
1292	 0.562774121761322 
1293	 0.562779605388641 
1294	 0.56290602684021 
1295	 0.563106596469879 
1296	 0.563169598579407 
1297	 0.563173055648804 
1298	 0.563095808029175 
1299	 0.562952160835266 
1300	 0.562954604625702 
1301	 0.563002407550812 
1302	 0.562933444976807 
1303	 0.562946498394012 
1304	 0.563006222248077 
1305	 0.562920391559601 
1306	 0.562744200229645 
1307	 0.562704980373383 
1308	 0.562601625919342 
1309	 0.562559127807617 
1310	 0.562746226787567 
1311	 0.562681257724762 
1312	 0.56242173910141 
1313	 0.562262713909149 
1314	 0.562006533145905 
1315	 0.561841249465942 
1316	 0.561751186847687 
1317	 0.561594605445862 
1318	 0.56139063835144 
1319	 0.561110496520996 
1320	 0.560782074928284 
1321	 0.560516595840454 
1322	 0.560320317745209 
1323	 0.560136079788208 
1324	 0.55993515253067 
1325	 0.55967128276825 
1326	 0.559391260147095 
1327	 0.559117019176483 
1328	 0.558828949928284 
1329	 0.558598101139069 
1330	 0.558299481868744 
1331	 0.557899594306946 
1332	 0.557544469833374 
1333	 0.55727881193161 
1334	 0.556945085525513 
1335	 0.556523501873016 
1336	 0.556194663047791 
1337	 0.555943667888641 
1338	 0.555575430393219 
1339	 0.555157065391541 
1340	 0.554808080196381 
1341	 0.554352641105652 
1342	 0.553877651691437 
1343	 0.55354505777359 
1344	 0.553157091140747 
1345	 0.55271589756012 
1346	 0.552296578884125 
1347	 0.551757872104645 
1348	 0.551255166530609 
1349	 0.550866484642029 
1350	 0.55044025182724 
1351	 0.549930512905121 
1352	 0.549428284168243 
1353	 0.548917055130005 
1354	 0.548346340656281 
1355	 0.547912895679474 
1356	 0.547532081604004 
1357	 0.54697459936142 
1358	 0.546323120594025 
1359	 0.54577898979187 
1360	 0.545220613479614 
1361	 0.544741988182068 
1362	 0.544400095939636 
1363	 0.5439173579216 
1364	 0.54333758354187 
1365	 0.542815327644348 
1366	 0.542186737060547 
1367	 0.541846930980682 
1368	 0.541494786739349 
1369	 0.541024267673492 
1370	 0.540641188621521 
1371	 0.540184319019318 
1372	 0.539665281772614 
1373	 0.539288520812988 
1374	 0.538825154304504 
1375	 0.538282692432404 
1376	 0.537866353988647 
1377	 0.537407517433167 
1378	 0.536889970302582 
1379	 0.536416530609131 
1380	 0.535839855670929 
1381	 0.535132229328156 
1382	 0.534483134746552 
1383	 0.533790409564972 
1384	 0.532914102077484 
1385	 0.532076895236969 
1386	 0.531253814697266 
1387	 0.53031188249588 
1388	 0.529400646686554 
1389	 0.528626322746277 
1390	 0.527636587619781 
1391	 0.526513874530792 
1392	 0.525366365909576 
1393	 0.524128496646881 
1394	 0.522816717624664 
1395	 0.521422803401947 
1396	 0.520069658756256 
1397	 0.518622159957886 
1398	 0.516995668411255 
1399	 0.515375077724457 
1400	 0.513624250888824 
1401	 0.511647462844849 
1402	 0.509780526161194 
1403	 0.50784969329834 
1404	 0.505688607692719 
1405	 0.503543317317963 
1406	 0.50132429599762 
1407	 0.498941868543625 
1408	 0.496503800153732 
1409	 0.494063645601273 
1410	 0.491581112146378 
1411	 0.489105612039566 
1412	 0.486701995134354 
1413	 0.484201401472092 
1414	 0.481640994548798 
1415	 0.479152351617813 
1416	 0.476725250482559 
1417	 0.474338084459305 
1418	 0.47203454375267 
1419	 0.469747751951218 
1420	 0.467424124479294 
1421	 0.465189158916473 
1422	 0.463044106960297 
1423	 0.460906475782394 
1424	 0.458783000707626 
1425	 0.456760048866272 
1426	 0.454745650291443 
1427	 0.452870100736618 
1428	 0.45118048787117 
1429	 0.449482351541519 
1430	 0.447831630706787 
1431	 0.446213930845261 
1432	 0.444759011268616 
1433	 0.443333476781845 
1434	 0.442008137702942 
1435	 0.440827965736389 
1436	 0.439666420221329 
1437	 0.438566297292709 
1438	 0.437615841627121 
1439	 0.436744540929794 
1440	 0.435941815376282 
1441	 0.435208261013031 
1442	 0.434508264064789 
1443	 0.43382802605629 
1444	 0.433199375867844 
1445	 0.432590126991272 
1446	 0.432088434696198 
1447	 0.431782364845276 
1448	 0.43144303560257 
1449	 0.431076914072037 
1450	 0.430773466825485 
1451	 0.4304458796978 
1452	 0.430274993181229 
1453	 0.430161535739899 
1454	 0.429981082677841 
1455	 0.429867058992386 
1456	 0.429754614830017 
1457	 0.429675132036209 
1458	 0.429674535989761 
1459	 0.429645091295242 
1460	 0.429581135511398 
1461	 0.429527878761292 
1462	 0.42947193980217 
1463	 0.429427355527878 
1464	 0.429455071687698 
1465	 0.429588854312897 
1466	 0.429656356573105 
1467	 0.429716974496841 
1468	 0.429817020893097 
1469	 0.429883182048798 
1470	 0.429971575737 
1471	 0.430058360099792 
1472	 0.43023294210434 
1473	 0.430456191301346 
1474	 0.430683821439743 
1475	 0.430907964706421 
1476	 0.431123375892639 
1477	 0.431362360715866 
1478	 0.431556403636932 
1479	 0.431798845529556 
1480	 0.432157516479492 
1481	 0.432460248470306 
1482	 0.432721883058548 
1483	 0.433054745197296 
1484	 0.433431357145309 
1485	 0.433692932128906 
1486	 0.433929204940796 
1487	 0.434339672327042 
1488	 0.434662103652954 
1489	 0.434908002614975 
1490	 0.435365974903107 
1491	 0.435706317424774 
1492	 0.435932993888855 
1493	 0.436420053243637 
1494	 0.436856925487518 
1495	 0.437193691730499 
1496	 0.43776398897171 
1497	 0.438230991363525 
1498	 0.438549429178238 
1499	 0.438993453979492 
1500	 0.439374595880508 
1501	 0.439785867929459 
1502	 0.440328568220139 
1503	 0.440778344869614 
1504	 0.441216766834259 
1505	 0.441699385643005 
1506	 0.442140489816666 
1507	 0.442637175321579 
1508	 0.443088978528976 
1509	 0.443356484174728 
1510	 0.443668186664581 
1511	 0.444058746099472 
1512	 0.444443911314011 
1513	 0.444854885339737 
1514	 0.445298463106155 
1515	 0.44573900103569 
1516	 0.446108549833298 
1517	 0.446461737155914 
1518	 0.446822971105576 
1519	 0.447118908166885 
1520	 0.447312265634537 
1521	 0.447640687227249 
1522	 0.448044508695602 
1523	 0.44838085770607 
1524	 0.448694556951523 
1525	 0.449039071798325 
1526	 0.449459344148636 
1527	 0.449698239564896 
1528	 0.449891567230225 
1529	 0.450097858905792 
1530	 0.45007985830307 
1531	 0.450208127498627 
1532	 0.450502067804337 
1533	 0.450690448284149 
1534	 0.450844764709473 
1535	 0.451027870178223 
1536	 0.451212465763092 
1537	 0.451392292976379 
1538	 0.451546847820282 
1539	 0.451723784208298 
1540	 0.451843440532684 
1541	 0.451931357383728 
1542	 0.452084302902222 
1543	 0.452286839485168 
1544	 0.452506005764008 
1545	 0.452754527330399 
1546	 0.452954530715942 
1547	 0.453087002038956 
1548	 0.453205555677414 
1549	 0.453353881835938 
1550	 0.453527897596359 
1551	 0.453605145215988 
1552	 0.453688025474548 
1553	 0.453860640525818 
1554	 0.45401456952095 
1555	 0.454255908727646 
1556	 0.454534202814102 
1557	 0.454630821943283 
1558	 0.454697847366333 
1559	 0.454818308353424 
1560	 0.4548499584198 
1561	 0.454993695020676 
1562	 0.455173581838608 
1563	 0.455220252275467 
1564	 0.455372005701065 
1565	 0.455546677112579 
1566	 0.455723941326141 
1567	 0.455891340970993 
1568	 0.455882668495178 
1569	 0.45597830414772 
1570	 0.456208080053329 
1571	 0.456344217061996 
1572	 0.456525713205338 
1573	 0.456688702106476 
1574	 0.456697970628738 
1575	 0.456797808408737 
1576	 0.457087278366089 
1577	 0.457332968711853 
1578	 0.457453310489655 
1579	 0.457663327455521 
1580	 0.457919269800186 
1581	 0.45807147026062 
1582	 0.458298414945602 
1583	 0.45856910943985 
1584	 0.45872688293457 
1585	 0.458914816379547 
1586	 0.459183365106583 
1587	 0.459373772144318 
1588	 0.459582537412643 
1589	 0.459944158792496 
1590	 0.460322827100754 
1591	 0.460627645254135 
1592	 0.460890561342239 
1593	 0.46117976307869 
1594	 0.461483836174011 
1595	 0.461815744638443 
1596	 0.462194561958313 
1597	 0.462484240531921 
1598	 0.462775647640228 
1599	 0.463135302066803 
1600	 0.463428437709808 
1601	 0.463825613260269 
1602	 0.464277267456055 
1603	 0.464522540569305 
1604	 0.464761257171631 
1605	 0.465144455432892 
1606	 0.46555507183075 
1607	 0.465917766094208 
1608	 0.46620786190033 
1609	 0.466536402702332 
1610	 0.46691220998764 
1611	 0.467224508523941 
1612	 0.467626303434372 
1613	 0.468033462762833 
1614	 0.468177527189255 
1615	 0.468293637037277 
1616	 0.468613535165787 
1617	 0.468908071517944 
1618	 0.46918985247612 
1619	 0.469563692808151 
1620	 0.469876825809479 
1621	 0.47009664773941 
1622	 0.470280915498734 
1623	 0.470468133687973 
1624	 0.470600754022598 
1625	 0.470780909061432 
1626	 0.471057653427124 
1627	 0.471203714609146 
1628	 0.471346348524094 
1629	 0.471486181020737 
1630	 0.471573621034622 
1631	 0.471754521131516 
1632	 0.471873760223389 
1633	 0.471993118524551 
1634	 0.472076833248138 
1635	 0.472091495990753 
1636	 0.472333580255508 
1637	 0.472455352544785 
1638	 0.472314238548279 
1639	 0.47232112288475 
1640	 0.472285509109497 
1641	 0.472096771001816 
1642	 0.472080528736115 
1643	 0.472102820873261 
1644	 0.472019076347351 
1645	 0.47190722823143 
1646	 0.471717298030853 
1647	 0.471503227949142 
1648	 0.471272200345993 
1649	 0.470971912145615 
1650	 0.470693796873093 
1651	 0.470381021499634 
1652	 0.469971209764481 
1653	 0.469650745391846 
1654	 0.469391703605652 
1655	 0.469028621912003 
1656	 0.468616992235184 
1657	 0.468171775341034 
1658	 0.467688649892807 
1659	 0.467347174882889 
1660	 0.467040657997131 
1661	 0.466586947441101 
1662	 0.466192245483398 
1663	 0.465877264738083 
1664	 0.46545535326004 
1665	 0.465133726596832 
1666	 0.464909642934799 
1667	 0.464555710554123 
1668	 0.464203894138336 
1669	 0.463953018188477 
1670	 0.463641762733459 
1671	 0.463315308094025 
1672	 0.463191032409668 
1673	 0.462956875562668 
1674	 0.462457358837128 
1675	 0.462072938680649 
1676	 0.461726516485214 
1677	 0.46134141087532 
1678	 0.461078524589539 
1679	 0.460752844810486 
1680	 0.460226029157639 
1681	 0.459839552640915 
1682	 0.459592074155808 
1683	 0.459235996007919 
1684	 0.458922058343887 
1685	 0.458497226238251 
1686	 0.457864582538605 
1687	 0.457373321056366 
1688	 0.456930637359619 
1689	 0.456457376480103 
1690	 0.45618212223053 
1691	 0.455647855997086 
1692	 0.454854905605316 
1693	 0.454207181930542 
1694	 0.453510135412216 
1695	 0.452816069126129 
1696	 0.452217668294907 
1697	 0.451580375432968 
1698	 0.450873881578445 
1699	 0.450171381235123 
1700	 0.449483841657639 
1701	 0.448787808418274 
1702	 0.44801926612854 
1703	 0.447344988584518 
1704	 0.446828365325928 
1705	 0.446118533611298 
1706	 0.445242792367935 
1707	 0.444601237773895 
1708	 0.443987548351288 
1709	 0.443341851234436 
1710	 0.442875891923904 
1711	 0.442266553640366 
1712	 0.441471219062805 
1713	 0.440854519605637 
1714	 0.440405160188675 
1715	 0.439752608537674 
1716	 0.43900528550148 
1717	 0.438394844532013 
1718	 0.437723189592361 
1719	 0.437174558639526 
1720	 0.436796188354492 
1721	 0.436316668987274 
1722	 0.435777634382248 
1723	 0.435398012399673 
1724	 0.435071676969528 
1725	 0.434833198785782 
1726	 0.434723615646362 
1727	 0.434571892023087 
1728	 0.434391736984253 
1729	 0.434461444616318 
1730	 0.434634000062943 
1731	 0.434774219989777 
1732	 0.435253471136093 
1733	 0.435769706964493 
1734	 0.436046600341797 
1735	 0.436354577541351 
1736	 0.436734825372696 
1737	 0.437029659748077 
1738	 0.437361985445023 
1739	 0.437972486019135 
1740	 0.438295692205429 
1741	 0.43838968873024 
1742	 0.438509076833725 
1743	 0.438513606786728 
1744	 0.438476800918579 
1745	 0.438389718532562 
1746	 0.438336461782455 
1747	 0.438140511512756 
1748	 0.438100188970566 
1749	 0.438220322132111 
1750	 0.438281327486038 
1751	 0.438420206308365 
1752	 0.438497126102448 
1753	 0.43849590420723 
1754	 0.438543289899826 
1755	 0.438615024089813 
1756	 0.438639491796494 
1757	 0.438667058944702 
1758	 0.438683450222015 
1759	 0.43852773308754 
1760	 0.438667982816696 
1761	 0.438986331224442 
1762	 0.43927127122879 
1763	 0.439709663391113 
1764	 0.440140038728714 
1765	 0.440617501735687 
1766	 0.440890967845917 
1767	 0.44110694527626 
1768	 0.441392034292221 
1769	 0.44146791100502 
1770	 0.441845506429672 
1771	 0.44251811504364 
1772	 0.442948281764984 
1773	 0.443369477987289 
1774	 0.443705976009369 
1775	 0.443929404020309 
1776	 0.444142371416092 
1777	 0.444503754377365 
1778	 0.444773316383362 
1779	 0.445024520158768 
1780	 0.44539549946785 
1781	 0.44558173418045 
1782	 0.445631831884384 
1783	 0.445733934640884 
1784	 0.445700615644455 
1785	 0.445741981267929 
1786	 0.445867210626602 
1787	 0.446007341146469 
1788	 0.446167558431625 
1789	 0.446332156658173 
1790	 0.446540981531143 
1791	 0.44670695066452 
1792	 0.446869015693665 
1793	 0.446957886219025 
1794	 0.447056502103806 
1795	 0.447052389383316 
1796	 0.446837782859802 
1797	 0.446824193000793 
1798	 0.446824699640274 
1799	 0.446907997131348 
1800	 0.447167128324509 
1801	 0.447280615568161 
1802	 0.447288185358047 
1803	 0.447488307952881 
1804	 0.447764992713928 
1805	 0.44797745347023 
1806	 0.448366850614548 
1807	 0.448436707258224 
1808	 0.448379665613174 
1809	 0.448642730712891 
1810	 0.448754787445068 
1811	 0.448824912309647 
1812	 0.448948800563812 
1813	 0.448859214782715 
1814	 0.44874107837677 
1815	 0.448729932308197 
1816	 0.448835730552673 
1817	 0.449019283056259 
1818	 0.449140340089798 
1819	 0.449238717556 
1820	 0.449463874101639 
1821	 0.449800103902817 
1822	 0.44996166229248 
1823	 0.450128734111786 
1824	 0.450273752212524 
1825	 0.450206696987152 
1826	 0.450300812721252 
1827	 0.450572937726974 
1828	 0.450688362121582 
1829	 0.450792521238327 
1830	 0.450726687908173 
1831	 0.450171262025833 
1832	 0.450427234172821 
1833	 0.450578838586807 
1834	 0.450802087783813 
1835	 0.451101928949356 
1836	 0.451412260532379 
1837	 0.451729834079742 
1838	 0.452201277017593 
1839	 0.452421009540558 
1840	 0.45267528295517 
1841	 0.452832967042923 
1842	 0.452954560518265 
1843	 0.453242778778076 
1844	 0.453771948814392 
1845	 0.454132199287415 
1846	 0.45457649230957 
1847	 0.454883843660355 
1848	 0.454900562763214 
1849	 0.45486444234848 
1850	 0.454866200685501 
1851	 0.454810976982117 
1852	 0.454735636711121 
1853	 0.454739481210709 
1854	 0.454660683870316 
1855	 0.454495191574097 
1856	 0.454308867454529 
1857	 0.454114735126495 
1858	 0.453857511281967 
1859	 0.453661978244781 
1860	 0.453408360481262 
1861	 0.453069597482681 
1862	 0.452832520008087 
1863	 0.452545642852783 
1864	 0.452076733112335 
1865	 0.45164555311203 
1866	 0.451323062181473 
1867	 0.450961410999298 
1868	 0.450290024280548 
1869	 0.449632883071899 
1870	 0.448984354734421 
1871	 0.448029458522797 
1872	 0.446939080953598 
1873	 0.445713758468628 
1874	 0.444331616163254 
1875	 0.442618429660797 
1876	 0.441032469272614 
1877	 0.439440101385117 
1878	 0.437743008136749 
1879	 0.436105906963348 
1880	 0.43424928188324 
1881	 0.431860476732254 
1882	 0.42934587597847 
1883	 0.426695048809052 
1884	 0.423928827047348 
1885	 0.421069771051407 
1886	 0.418245494365692 
1887	 0.415253907442093 
1888	 0.411854147911072 
1889	 0.408195018768311 
1890	 0.404662251472473 
1891	 0.400713115930557 
1892	 0.39647576212883 
1893	 0.392222315073013 
1894	 0.3874551653862 
1895	 0.382571816444397 
1896	 0.377847969532013 
1897	 0.373173654079437 
1898	 0.368515968322754 
1899	 0.363919138908386 
1900	 0.358973264694214 
1901	 0.353994220495224 
1902	 0.349174231290817 
1903	 0.344229727983475 
1904	 0.339683294296265 
1905	 0.335433781147003 
1906	 0.331045091152191 
1907	 0.327005654573441 
1908	 0.323155671358109 
1909	 0.319655925035477 
1910	 0.316202193498611 
1911	 0.312970399856567 
1912	 0.310165792703629 
1913	 0.307609915733337 
1914	 0.305175334215164 
1915	 0.303001493215561 
1916	 0.300803542137146 
1917	 0.298568725585938 
1918	 0.296764314174652 
1919	 0.295306950807571 
1920	 0.294104039669037 
1921	 0.292927920818329 
1922	 0.291971027851105 
1923	 0.291108846664429 
1924	 0.290286004543304 
1925	 0.289700448513031 
1926	 0.289299577474594 
1927	 0.289043843746185 
1928	 0.288871020078659 
1929	 0.288763821125031 
1930	 0.288746327161789 
1931	 0.288972109556198 
1932	 0.289198100566864 
1933	 0.289470732212067 
1934	 0.289920181035995 
1935	 0.290282994508743 
1936	 0.290808409452438 
1937	 0.291445136070251 
1938	 0.292003214359283 
1939	 0.292929589748383 
1940	 0.293852746486664 
1941	 0.294846653938293 
1942	 0.295594453811646 
1943	 0.29662361741066 
1944	 0.297591537237167 
1945	 0.298340916633606 
1946	 0.299408853054047 
1947	 0.300534605979919 
1948	 0.301605850458145 
1949	 0.302862912416458 
1950	 0.304027706384659 
1951	 0.305160582065582 
1952	 0.306268364191055 
1953	 0.30737030506134 
1954	 0.308220833539963 
1955	 0.309018403291702 
1956	 0.309948533773422 
1957	 0.310933440923691 
1958	 0.311863869428635 
1959	 0.312811106443405 
1960	 0.313782393932343 
1961	 0.314670860767365 
1962	 0.315679013729095 
1963	 0.316946715116501 
1964	 0.318006843328476 
1965	 0.319028735160828 
1966	 0.31992968916893 
1967	 0.321033596992493 
1968	 0.322079241275787 
1969	 0.323196351528168 
1970	 0.324517279863358 
1971	 0.325456559658051 
1972	 0.326124519109726 
1973	 0.327137589454651 
1974	 0.328200608491898 
1975	 0.329275697469711 
1976	 0.330219238996506 
1977	 0.331240475177765 
1978	 0.331959307193756 
1979	 0.332697838544846 
1980	 0.333605229854584 
1981	 0.334453672170639 
1982	 0.335245192050934 
1983	 0.336185336112976 
1984	 0.337096393108368 
1985	 0.337876826524735 
1986	 0.338816910982132 
1987	 0.339743465185165 
1988	 0.340360462665558 
1989	 0.341038763523102 
1990	 0.34174457192421 
1991	 0.342518031597137 
1992	 0.343115866184235 
1993	 0.343789368867874 
1994	 0.344358950853348 
1995	 0.344980895519257 
1996	 0.345548391342163 
1997	 0.345900446176529 
1998	 0.346699506044388 
1999	 0.347354114055634 
2000	 0.347539007663727 
2001	 0.348109126091003 
2002	 0.348518460988998 
2003	 0.348737448453903 
2004	 0.348788142204285 
2005	 0.349134057760239 
2006	 0.349043786525726 
2007	 0.348671287298203 
2008	 0.3486148416996 
2009	 0.348723560571671 
2010	 0.348855078220367 
2011	 0.348752856254578 
2012	 0.348481059074402 
2013	 0.348235964775085 
2014	 0.347793132066727 
2015	 0.347382426261902 
2016	 0.347132503986359 
2017	 0.346711754798889 
2018	 0.34612050652504 
2019	 0.345515608787537 
2020	 0.344955205917358 
2021	 0.344286203384399 
2022	 0.343482136726379 
2023	 0.342690080404282 
2024	 0.342113822698593 
2025	 0.341461807489395 
2026	 0.34074467420578 
2027	 0.339920997619629 
2028	 0.338979214429855 
2029	 0.337735950946808 
2030	 0.33668839931488 
2031	 0.335618108510971 
2032	 0.334616839885712 
2033	 0.333710938692093 
2034	 0.332478672266006 
2035	 0.331266701221466 
2036	 0.330422431230545 
2037	 0.329465836286545 
2038	 0.32845464348793 
2039	 0.327339679002762 
2040	 0.326018631458282 
2041	 0.32485431432724 
2042	 0.323751628398895 
2043	 0.322602778673172 
2044	 0.321594625711441 
2045	 0.32050496339798 
2046	 0.319243937730789 
2047	 0.318145632743835 
2048	 0.317180246114731 
2049	 0.316096127033234 
2050	 0.314976543188095 
2051	 0.313983798027039 
2052	 0.312983423471451 
2053	 0.311839878559113 
2054	 0.310990065336227 
2055	 0.309986710548401 
2056	 0.308721452951431 
2057	 0.308032631874084 
2058	 0.307255774736404 
2059	 0.306386530399323 
2060	 0.305534422397614 
2061	 0.304906040430069 
2062	 0.304061561822891 
2063	 0.302920997142792 
2064	 0.302237927913666 
2065	 0.301403880119324 
2066	 0.300378382205963 
2067	 0.299592465162277 
2068	 0.29893559217453 
2069	 0.298319905996323 
2070	 0.297681957483292 
2071	 0.297075569629669 
2072	 0.296284109354019 
2073	 0.295547902584076 
2074	 0.294780135154724 
2075	 0.294139087200165 
2076	 0.293511807918549 
2077	 0.29306235909462 
2078	 0.292572677135468 
2079	 0.291906297206879 
2080	 0.291416019201279 
2081	 0.290731579065323 
2082	 0.290065377950668 
2083	 0.289612382650375 
2084	 0.288828760385513 
2085	 0.288269430398941 
2086	 0.288010448217392 
2087	 0.287559807300568 
2088	 0.287075936794281 
2089	 0.286697506904602 
2090	 0.286208808422089 
2091	 0.285462111234665 
2092	 0.284923434257507 
2093	 0.284561812877655 
2094	 0.284121781587601 
2095	 0.283519327640533 
2096	 0.282926082611084 
2097	 0.282438039779663 
2098	 0.28178197145462 
2099	 0.281244516372681 
2100	 0.280841141939163 
2101	 0.280471056699753 
2102	 0.280405521392822 
2103	 0.280301928520203 
2104	 0.28009170293808 
2105	 0.279785454273224 
2106	 0.279356420040131 
2107	 0.278975874185562 
2108	 0.278469085693359 
2109	 0.278127640485764 
2110	 0.277932822704315 
2111	 0.277614176273346 
2112	 0.277266412973404 
2113	 0.27719447016716 
2114	 0.277051597833633 
2115	 0.276793986558914 
2116	 0.276416122913361 
2117	 0.275755375623703 
2118	 0.275203883647919 
2119	 0.275060802698135 
2120	 0.275138646364212 
2121	 0.27523535490036 
2122	 0.27499383687973 
2123	 0.274484872817993 
2124	 0.274158030748367 
2125	 0.273714333772659 
2126	 0.273336887359619 
2127	 0.273114025592804 
2128	 0.272947072982788 
2129	 0.27273365855217 
2130	 0.272561967372894 
2131	 0.272387087345123 
2132	 0.27250811457634 
2133	 0.272740602493286 
2134	 0.272673070430756 
2135	 0.272616297006607 
2136	 0.272500097751617 
2137	 0.272390514612198 
2138	 0.272689461708069 
2139	 0.273169338703156 
2140	 0.273586541414261 
2141	 0.273916482925415 
2142	 0.274001687765121 
2143	 0.274112105369568 
2144	 0.274277538061142 
2145	 0.274506002664566 
2146	 0.27460041642189 
2147	 0.274808138608933 
2148	 0.275102257728577 
2149	 0.275476783514023 
2150	 0.276001423597336 
2151	 0.276663899421692 
2152	 0.27730792760849 
2153	 0.277610391378403 
2154	 0.277889668941498 
2155	 0.278095722198486 
2156	 0.278351843357086 
2157	 0.279099106788635 
2158	 0.279639333486557 
2159	 0.280111312866211 
2160	 0.280873954296112 
2161	 0.281288087368011 
2162	 0.281756013631821 
2163	 0.282322704792023 
2164	 0.282754957675934 
2165	 0.282944947481155 
2166	 0.283294409513474 
2167	 0.28347834944725 
2168	 0.283935517072678 
2169	 0.284468680620193 
2170	 0.285351902246475 
2171	 0.286443144083023 
2172	 0.287331730127335 
2173	 0.2877297103405 
2174	 0.288241326808929 
2175	 0.288738965988159 
2176	 0.288977980613709 
2177	 0.289704352617264 
2178	 0.290733486413956 
2179	 0.291544705629349 
2180	 0.292297214269638 
2181	 0.293010354042053 
2182	 0.293571352958679 
2183	 0.294026136398315 
2184	 0.294687509536743 
2185	 0.295319467782974 
2186	 0.296154677867889 
2187	 0.296556025743485 
2188	 0.296608686447144 
2189	 0.296997547149658 
2190	 0.297203809022903 
2191	 0.297835916280746 
2192	 0.29899725317955 
2193	 0.29981341958046 
2194	 0.300758183002472 
2195	 0.301343113183975 
2196	 0.301285684108734 
2197	 0.301950752735138 
2198	 0.303102880716324 
2199	 0.303663074970245 
2200	 0.304370522499084 
2201	 0.304973989725113 
2202	 0.304888218641281 
2203	 0.305232524871826 
2204	 0.305923938751221 
2205	 0.306636095046997 
2206	 0.307182401418686 
2207	 0.307301700115204 
2208	 0.3080133497715 
2209	 0.309017986059189 
2210	 0.309379577636719 
2211	 0.309400945901871 
2212	 0.309893786907196 
2213	 0.310166358947754 
2214	 0.310428559780121 
2215	 0.311383783817291 
2216	 0.311853766441345 
2217	 0.312030404806137 
2218	 0.311526715755463 
2219	 0.311385244131088 
2220	 0.311407446861267 
2221	 0.311328768730164 
2222	 0.3116255402565 
2223	 0.311746627092361 
2224	 0.311496675014496 
2225	 0.311548292636871 
2226	 0.311326801776886 
2227	 0.310874223709106 
2228	 0.310920685529709 
2229	 0.310802549123764 
2230	 0.310145437717438 
2231	 0.309508562088013 
2232	 0.309068828821182 
2233	 0.308490544557571 
2234	 0.307690292596817 
2235	 0.306983768939972 
2236	 0.306055694818497 
2237	 0.30500990152359 
2238	 0.303661316633224 
2239	 0.30253654718399 
2240	 0.301517605781555 
2241	 0.300254374742508 
2242	 0.298841893672943 
2243	 0.297383964061737 
2244	 0.295764982700348 
2245	 0.294269323348999 
2246	 0.292777955532074 
2247	 0.291355639696121 
2248	 0.2899429500103 
2249	 0.288430362939835 
2250	 0.287163019180298 
2251	 0.285831123590469 
2252	 0.28429913520813 
2253	 0.2827487885952 
2254	 0.281223386526108 
2255	 0.279790729284287 
2256	 0.278572678565979 
2257	 0.277475535869598 
2258	 0.275787353515625 
2259	 0.273691117763519 
2260	 0.27197077870369 
2261	 0.27057296037674 
2262	 0.269244104623795 
2263	 0.268182635307312 
2264	 0.267416179180145 
2265	 0.266244828701019 
2266	 0.265109270811081 
2267	 0.264717012643814 
2268	 0.263979941606522 
2269	 0.262650191783905 
2270	 0.26180773973465 
2271	 0.260966867208481 
2272	 0.260040193796158 
2273	 0.259090483188629 
2274	 0.258382230997086 
2275	 0.257954746484756 
2276	 0.257035166025162 
2277	 0.255866795778275 
2278	 0.255098789930344 
2279	 0.253961980342865 
2280	 0.253258228302002 
2281	 0.253099828958511 
2282	 0.252949208021164 
2283	 0.252032220363617 
2284	 0.251020759344101 
2285	 0.249989315867424 
2286	 0.248964905738831 
2287	 0.248517394065857 
2288	 0.24773333966732 
2289	 0.246747925877571 
2290	 0.2456985861063 
2291	 0.244345292448997 
2292	 0.243584394454956 
2293	 0.242611303925514 
2294	 0.241509050130844 
2295	 0.240796625614166 
2296	 0.239304348826408 
2297	 0.238131567835808 
2298	 0.237646132707596 
2299	 0.236113980412483 
2300	 0.23493367433548 
2301	 0.234134763479233 
2302	 0.232237279415131 
2303	 0.231237903237343 
2304	 0.231137692928314 
2305	 0.230338916182518 
2306	 0.229574963450432 
2307	 0.22922882437706 
2308	 0.2289018034935 
2309	 0.228812471032143 
2310	 0.229406848549843 
2311	 0.230213448405266 
2312	 0.230517446994781 
2313	 0.231068328022957 
2314	 0.232232719659805 
2315	 0.232737198472023 
2316	 0.232921123504639 
2317	 0.233590230345726 
2318	 0.233848050236702 
2319	 0.234215781092644 
2320	 0.235543712973595 
2321	 0.236388891935349 
2322	 0.236547276377678 
2323	 0.236803144216537 
2324	 0.236880883574486 
2325	 0.236680179834366 
2326	 0.236207470297813 
2327	 0.23627270758152 
2328	 0.236498549580574 
2329	 0.236376002430916 
2330	 0.23638129234314 
2331	 0.236320495605469 
2332	 0.236183971166611 
2333	 0.235870957374573 
2334	 0.235254839062691 
2335	 0.234426811337471 
2336	 0.233205556869507 
2337	 0.232420220971107 
2338	 0.232500582933426 
2339	 0.232723891735077 
2340	 0.232178688049316 
2341	 0.231485620141029 
2342	 0.230924025177956 
2343	 0.230395436286926 
2344	 0.230669111013412 
2345	 0.230860516428947 
2346	 0.22995924949646 
2347	 0.229272484779358 
2348	 0.229242518544197 
2349	 0.228608354926109 
2350	 0.228584289550781 
2351	 0.228844970464706 
2352	 0.227875962853432 
2353	 0.228090569376945 
2354	 0.229247003793716 
2355	 0.229802191257477 
2356	 0.2307970225811 
2357	 0.230890229344368 
2358	 0.230669260025024 
2359	 0.231590449810028 
2360	 0.232501029968262 
2361	 0.233365803956985 
2362	 0.234156310558319 
2363	 0.234549850225449 
2364	 0.234028846025467 
2365	 0.233233541250229 
2366	 0.233500957489014 
2367	 0.233925342559814 
2368	 0.234266296029091 
2369	 0.235428273677826 
2370	 0.235594063997269 
2371	 0.234211891889572 
2372	 0.234189048409462 
2373	 0.234656363725662 
2374	 0.234519436955452 
2375	 0.235325634479523 
2376	 0.235531687736511 
2377	 0.23519392311573 
2378	 0.235388189554214 
2379	 0.234223663806915 
2380	 0.233008667826653 
2381	 0.233060300350189 
2382	 0.232858285307884 
2383	 0.233853876590729 
2384	 0.235395342111588 
2385	 0.23518368601799 
2386	 0.234865546226501 
2387	 0.234340667724609 
2388	 0.233958587050438 
2389	 0.234291225671768 
2390	 0.233879506587982 
2391	 0.234059363603592 
2392	 0.234253212809563 
2393	 0.233941733837128 
2394	 0.234239473938942 
2395	 0.233520418405533 
2396	 0.232758909463882 
2397	 0.23301388323307 
2398	 0.232514083385468 
2399	 0.232487767934799 
2400	 0.232952415943146 
2401	 0.231860250234604 
2402	 0.232159033417702 
2403	 0.232692182064056 
2404	 0.231196537613869 
2405	 0.230433210730553 
2406	 0.229240000247955 
2407	 0.229155048727989 
2408	 0.230586990714073 
2409	 0.230130970478058 
2410	 0.230222880840302 
2411	 0.230481967329979 
2412	 0.229443535208702 
2413	 0.230223938822746 
2414	 0.230570003390312 
2415	 0.229144051671028 
2416	 0.228821575641632 
2417	 0.228008314967155 
2418	 0.226573467254639 
2419	 0.225554183125496 
2420	 0.223964422941208 
2421	 0.222802445292473 
2422	 0.222138464450836 
2423	 0.222399979829788 
2424	 0.223163321614265 
2425	 0.223362967371941 
2426	 0.223718762397766 
2427	 0.221922755241394 
2428	 0.218878522515297 
2429	 0.217088758945465 
2430	 0.215743079781532 
2431	 0.215810284018517 
2432	 0.216721028089523 
2433	 0.215882629156113 
2434	 0.214430958032608 
2435	 0.212917253375053 
2436	 0.210640102624893 
2437	 0.209310352802277 
2438	 0.208762496709824 
2439	 0.209831058979034 
2440	 0.210791796445847 
2441	 0.209195479750633 
2442	 0.207931637763977 
2443	 0.205847427248955 
2444	 0.202381536364555 
2445	 0.201614618301392 
2446	 0.202209666371346 
2447	 0.201190561056137 
2448	 0.200480714440346 
2449	 0.2006965726614 
2450	 0.199158534407616 
2451	 0.196130514144897 
2452	 0.194174781441689 
2453	 0.192256391048431 
2454	 0.191225573420525 
2455	 0.192114114761353 
2456	 0.192704558372498 
2457	 0.192086055874825 
2458	 0.19133760035038 
2459	 0.190585628151894 
2460	 0.188965797424316 
2461	 0.188367947936058 
2462	 0.186893448233604 
2463	 0.183326616883278 
2464	 0.182283833622932 
2465	 0.182583257555962 
2466	 0.180974557995796 
2467	 0.178864225745201 
2468	 0.178341597318649 
2469	 0.177372425794601 
2470	 0.176849663257599 
2471	 0.178103536367416 
2472	 0.178265973925591 
2473	 0.177940279245377 
2474	 0.177697658538818 
2475	 0.178040996193886 
2476	 0.177631631493568 
2477	 0.175656035542488 
2478	 0.174661412835121 
2479	 0.173652291297913 
2480	 0.172868296504021 
2481	 0.175511673092842 
2482	 0.175908580422401 
2483	 0.172225669026375 
2484	 0.167546451091766 
2485	 0.164687871932983 
2486	 0.166515916585922 
2487	 0.169513702392578 
2488	 0.174517050385475 
2489	 0.175596296787262 
2490	 0.170109197497368 
2491	 0.171553030610085 
2492	 0.174398839473724 
2493	 0.172989815473557 
2494	 0.173492938280106 
2495	 0.167665675282478 
2496	 0.159336626529694 
2497	 0.157804802060127 
2498	 0.161064714193344 
2499	 0.165364727377892 
2500	 0.163714587688446 
