350	 8.58380123972893E-02 
351	 8.83040875196457E-02 
352	 9.29625928401947E-02 
353	 9.45223048329353E-02 
354	 9.15936604142189E-02 
355	 0.093999944627285 
356	 9.65018346905708E-02 
357	 9.72982719540596E-02 
358	 0.096490703523159 
359	 9.61855873465538E-02 
360	 9.75687056779861E-02 
361	 0.100572064518929 
362	 0.10391641408205 
363	 0.102885350584984 
364	 0.101287104189396 
365	 0.102130860090256 
366	 0.104887910187244 
367	 0.106653094291687 
368	 0.106765866279602 
369	 0.105984956026077 
370	 0.107234701514244 
371	 0.107498154044151 
372	 0.106755971908569 
373	 0.1069430783391 
374	 0.108156450092793 
375	 0.109088689088821 
376	 0.108881518244743 
377	 0.107519775629044 
378	 0.108215004205704 
379	 0.110389940440655 
380	 0.112041786313057 
381	 0.10982009023428 
382	 0.110298186540604 
383	 0.112713046371937 
384	 0.11295710504055 
385	 0.112425126135349 
386	 0.112587198615074 
387	 0.113487876951694 
388	 0.11358879506588 
389	 0.113254688680172 
390	 0.112547434866428 
391	 0.112046167254448 
392	 0.113908804953098 
393	 0.115220613777637 
394	 0.115183241665363 
395	 0.114400543272495 
396	 0.115542814135551 
397	 0.116616010665894 
398	 0.116702131927013 
399	 0.116348296403885 
400	 0.116713859140873 
401	 0.117484703660011 
402	 0.118149943649769 
403	 0.118381358683109 
404	 0.119638234376907 
405	 0.121223032474518 
406	 0.1218431442976 
407	 0.122004166245461 
408	 0.122557327151299 
409	 0.123375415802002 
410	 0.123456336557865 
411	 0.123869366943836 
412	 0.124689809978008 
413	 0.12554195523262 
414	 0.125460997223854 
415	 0.125148430466652 
416	 0.124950416386127 
417	 0.125074744224548 
418	 0.125879630446434 
419	 0.126149028539658 
420	 0.125875607132912 
421	 0.126257687807083 
422	 0.126094102859497 
423	 0.126006036996841 
424	 0.126408249139786 
425	 0.126402750611305 
426	 0.126614645123482 
427	 0.126864746212959 
428	 0.126771301031113 
429	 0.126890197396278 
430	 0.12702701985836 
431	 0.12713323533535 
432	 0.127368837594986 
433	 0.127302557229996 
434	 0.127180799841881 
435	 0.127315655350685 
436	 0.127810120582581 
437	 0.128273412585258 
438	 0.128633543848991 
439	 0.128982707858086 
440	 0.129305988550186 
441	 0.129373833537102 
442	 0.129231855273247 
443	 0.129311338067055 
444	 0.129215523600578 
445	 0.128877878189087 
446	 0.128458485007286 
447	 0.128618165850639 
448	 0.12869043648243 
449	 0.128474980592728 
450	 0.128167152404785 
451	 0.128338128328323 
452	 0.128628864884377 
453	 0.128841370344162 
454	 0.129345804452896 
455	 0.129827573895454 
456	 0.13031679391861 
457	 0.130925163626671 
458	 0.131606251001358 
459	 0.132142424583435 
460	 0.132543236017227 
461	 0.13304515182972 
462	 0.133707314729691 
463	 0.134223341941833 
464	 0.134438291192055 
465	 0.134735867381096 
466	 0.135013118386269 
467	 0.135239645838737 
468	 0.13543926179409 
469	 0.13581457734108 
470	 0.136220544576645 
471	 0.136614918708801 
472	 0.137128233909607 
473	 0.13786655664444 
474	 0.138741359114647 
475	 0.139625996351242 
476	 0.140513345599175 
477	 0.141086533665657 
478	 0.141434758901596 
479	 0.141895309090614 
480	 0.142275050282478 
481	 0.142368108034134 
482	 0.142149716615677 
483	 0.141895830631256 
484	 0.14185793697834 
485	 0.141977146267891 
486	 0.14205613732338 
487	 0.141818523406982 
488	 0.141749367117882 
489	 0.141951695084572 
490	 0.142103016376495 
491	 0.14221727848053 
492	 0.142387449741364 
493	 0.142691493034363 
494	 0.143113315105438 
495	 0.14367301762104 
496	 0.144468277692795 
497	 0.14558532834053 
498	 0.146775305271149 
499	 0.147949397563934 
500	 0.149086132645607 
501	 0.150245264172554 
502	 0.15116411447525 
503	 0.15196031332016 
504	 0.152791246771812 
505	 0.153485655784607 
506	 0.154016152024269 
507	 0.154373750090599 
508	 0.154579877853394 
509	 0.155019462108612 
510	 0.1555295586586 
511	 0.155933126807213 
512	 0.156258523464203 
513	 0.15646430850029 
514	 0.15668673813343 
515	 0.157096207141876 
516	 0.157540276646614 
517	 0.157887443900108 
518	 0.158105745911598 
519	 0.158275052905083 
520	 0.158507287502289 
521	 0.15884855389595 
522	 0.15924271941185 
523	 0.159365251660347 
524	 0.159636408090591 
525	 0.160100817680359 
526	 0.160509690642357 
527	 0.16091750562191 
528	 0.161399990320206 
529	 0.161975726485252 
530	 0.162525072693825 
531	 0.163081020116806 
532	 0.163636818528175 
533	 0.164191260933876 
534	 0.164834305644035 
535	 0.165474906563759 
536	 0.166053399443626 
537	 0.166560560464859 
538	 0.16712611913681 
539	 0.16768653690815 
540	 0.168171510100365 
541	 0.16868457198143 
542	 0.169201031327248 
543	 0.169708833098412 
544	 0.170200765132904 
545	 0.17065703868866 
546	 0.17111524939537 
547	 0.171574756503105 
548	 0.171907439827919 
549	 0.172292470932007 
550	 0.172684580087662 
551	 0.172962754964828 
552	 0.17319367825985 
553	 0.173392355442047 
554	 0.173541456460953 
555	 0.173588052392006 
556	 0.173633858561516 
557	 0.173679605126381 
558	 0.173689067363739 
559	 0.173588067293167 
560	 0.173447877168655 
561	 0.173378273844719 
562	 0.173497334122658 
563	 0.173590525984764 
564	 0.173669040203094 
565	 0.17376683652401 
566	 0.173870697617531 
567	 0.17401148378849 
568	 0.17414490878582 
569	 0.174190640449524 
570	 0.174126192927361 
571	 0.173824653029442 
572	 0.17327344417572 
573	 0.172621220350266 
574	 0.171905979514122 
575	 0.171192809939384 
576	 0.17056705057621 
577	 0.170167088508606 
578	 0.16995395720005 
579	 0.169801205396652 
580	 0.169532015919685 
581	 0.169334381818771 
582	 0.169177740812302 
583	 0.169045850634575 
584	 0.169054344296455 
585	 0.169121518731117 
586	 0.1691734790802 
587	 0.169161811470985 
588	 0.169165566563606 
589	 0.16919019818306 
590	 0.169249922037125 
591	 0.169385924935341 
592	 0.169534131884575 
593	 0.169599130749702 
594	 0.16952508687973 
595	 0.169423386454582 
596	 0.169207587838173 
597	 0.168825015425682 
598	 0.168272465467453 
599	 0.167811259627342 
600	 0.167456164956093 
601	 0.167198017239571 
602	 0.167060270905495 
603	 0.167080834507942 
604	 0.167288899421692 
605	 0.167661532759666 
606	 0.167945072054863 
607	 0.168020516633987 
608	 0.167888894677162 
609	 0.167695537209511 
610	 0.167457431554794 
611	 0.167093813419342 
612	 0.166540205478668 
613	 0.165893152356148 
614	 0.165277019143105 
615	 0.164667755365372 
616	 0.163939967751503 
617	 0.163121268153191 
618	 0.16231407225132 
619	 0.16158327460289 
620	 0.16089178621769 
621	 0.160281717777252 
622	 0.159762695431709 
623	 0.159327387809753 
624	 0.158915400505066 
625	 0.158553376793861 
626	 0.158246621489525 
627	 0.157960072159767 
628	 0.157730892300606 
629	 0.157571569085121 
630	 0.157457754015923 
631	 0.157270267605782 
632	 0.15712197124958 
633	 0.157007426023483 
634	 0.156856775283813 
635	 0.156846269965172 
636	 0.15684275329113 
637	 0.156797304749489 
638	 0.156905174255371 
639	 0.157023429870605 
640	 0.157187059521675 
641	 0.157433897256851 
642	 0.157465994358063 
643	 0.157578215003014 
644	 0.157833352684975 
645	 0.158020839095116 
646	 0.158194005489349 
647	 0.158420696854591 
648	 0.158721968531609 
649	 0.15897661447525 
650	 0.159244120121002 
651	 0.159553423523903 
652	 0.159904971718788 
653	 0.160238653421402 
654	 0.160573944449425 
655	 0.160932719707489 
656	 0.161343440413475 
657	 0.161681294441223 
658	 0.161976426839828 
659	 0.162295982241631 
660	 0.162656545639038 
661	 0.162965148687363 
662	 0.163235411047935 
663	 0.16356135904789 
664	 0.163905575871468 
665	 0.164265498518944 
666	 0.164629682898521 
667	 0.164959862828255 
668	 0.165396571159363 
669	 0.165830597281456 
670	 0.166118636727333 
671	 0.166512072086334 
672	 0.166939467191696 
673	 0.16738098859787 
674	 0.16789473593235 
675	 0.168394565582275 
676	 0.168941557407379 
677	 0.1695596575737 
678	 0.170069187879562 
679	 0.170506119728088 
680	 0.170900389552116 
681	 0.171287789940834 
682	 0.171768233180046 
683	 0.172231093049049 
684	 0.172641694545746 
685	 0.173102676868439 
686	 0.17366686463356 
687	 0.174266874790192 
688	 0.174813479185104 
689	 0.175300136208534 
690	 0.175850763916969 
691	 0.176479011774063 
692	 0.177115082740784 
693	 0.177738651633263 
694	 0.178386598825455 
695	 0.1790771484375 
696	 0.179796606302261 
697	 0.180547893047333 
698	 0.181273475289345 
699	 0.181933730840683 
700	 0.182656779885292 
701	 0.183451220393181 
702	 0.184235170483589 
703	 0.184875726699829 
704	 0.185591161251068 
705	 0.186365783214569 
706	 0.187154844403267 
707	 0.187938496470451 
708	 0.188667759299278 
709	 0.189406961202621 
710	 0.190215170383453 
711	 0.19096651673317 
712	 0.191677048802376 
713	 0.192378893494606 
714	 0.193104356527328 
715	 0.193836346268654 
716	 0.194585040211678 
717	 0.195332869887352 
718	 0.196003779768944 
719	 0.196683436632156 
720	 0.197376921772957 
721	 0.198062226176262 
722	 0.198736518621445 
723	 0.199431657791138 
724	 0.200129896402359 
725	 0.200772076845169 
726	 0.201386466622353 
727	 0.202040940523148 
728	 0.202744215726852 
729	 0.203368410468102 
730	 0.203899294137955 
731	 0.20441523194313 
732	 0.205005705356598 
733	 0.205601140856743 
734	 0.206187948584557 
735	 0.206751897931099 
736	 0.207281172275543 
737	 0.207771986722946 
738	 0.208264946937561 
739	 0.208766207098961 
740	 0.209201008081436 
741	 0.209635064005852 
742	 0.210085794329643 
743	 0.210557356476784 
744	 0.21105520427227 
745	 0.211490035057068 
746	 0.211872547864914 
747	 0.212289392948151 
748	 0.212705016136169 
749	 0.213083103299141 
750	 0.213428646326065 
751	 0.213806346058846 
752	 0.214199766516685 
753	 0.214579641819 
754	 0.21493598818779 
755	 0.215346738696098 
756	 0.215689152479172 
757	 0.215982437133789 
758	 0.216321408748627 
759	 0.216589495539665 
760	 0.216846078634262 
761	 0.217140555381775 
762	 0.217480570077896 
763	 0.217813119292259 
764	 0.218107625842094 
765	 0.218378335237503 
766	 0.218740284442902 
767	 0.219068169593811 
768	 0.219346582889557 
769	 0.219606712460518 
770	 0.219854429364204 
771	 0.220106154680252 
772	 0.220362603664398 
773	 0.220601931214333 
774	 0.220836371183395 
775	 0.221046701073647 
776	 0.221248865127563 
777	 0.221529752016068 
778	 0.221813872456551 
779	 0.222057208418846 
780	 0.222251430153847 
781	 0.222475469112396 
782	 0.222669750452042 
783	 0.222837045788765 
784	 0.223016530275345 
785	 0.223193272948265 
786	 0.223388060927391 
787	 0.223612502217293 
788	 0.22385661303997 
789	 0.224073752760887 
790	 0.224232539534569 
791	 0.224346339702606 
792	 0.224520727992058 
793	 0.224691405892372 
794	 0.224859893321991 
795	 0.225040271878242 
796	 0.225213199853897 
797	 0.22536227107048 
798	 0.225510075688362 
799	 0.225692316889763 
800	 0.225890070199966 
801	 0.226015821099281 
802	 0.226088657975197 
803	 0.226250424981117 
804	 0.22636017203331 
805	 0.226453959941864 
806	 0.226576492190361 
807	 0.226702064275742 
808	 0.226891040802002 
809	 0.22704128921032 
810	 0.22706550359726 
811	 0.227133616805077 
812	 0.227307021617889 
813	 0.227497190237045 
814	 0.2275620251894 
815	 0.227692410349846 
816	 0.22783026099205 
817	 0.22794209420681 
818	 0.228040710091591 
819	 0.228122025728226 
820	 0.228202641010284 
821	 0.22828796505928 
822	 0.22837895154953 
823	 0.228504598140717 
824	 0.228607356548309 
825	 0.228633984923363 
826	 0.228603303432465 
827	 0.228618115186691 
828	 0.228710263967514 
829	 0.228846356272697 
830	 0.2288608700037 
831	 0.228912174701691 
832	 0.229016095399857 
833	 0.229075953364372 
834	 0.22907093167305 
835	 0.229141414165497 
836	 0.229284435510635 
837	 0.229345500469208 
838	 0.229408174753189 
839	 0.229414239525795 
840	 0.229380652308464 
841	 0.229471907019615 
842	 0.229558810591698 
843	 0.229541346430779 
844	 0.229420155286789 
845	 0.229436933994293 
846	 0.229502961039543 
847	 0.229550793766975 
848	 0.229548707604408 
849	 0.22963559627533 
850	 0.229670494794846 
851	 0.229682415723801 
852	 0.229772731661797 
853	 0.229890659451485 
854	 0.229921236634254 
855	 0.229873701930046 
856	 0.229858726263046 
857	 0.229854166507721 
858	 0.22979648411274 
859	 0.229728356003761 
860	 0.229796960949898 
861	 0.229928359389305 
862	 0.229986160993576 
863	 0.229959562420845 
864	 0.230059385299683 
865	 0.230084970593452 
866	 0.230054780840874 
867	 0.230012103915215 
868	 0.22992005944252 
869	 0.229942217469215 
870	 0.229964643716812 
871	 0.22988472878933 
872	 0.229837968945503 
873	 0.229808330535889 
874	 0.229778185486794 
875	 0.229740113019943 
876	 0.229699641466141 
877	 0.229673564434052 
878	 0.229687735438347 
879	 0.229737430810928 
880	 0.229668587446213 
881	 0.229570284485817 
882	 0.229521542787552 
883	 0.229562312364578 
884	 0.229476645588875 
885	 0.229303225874901 
886	 0.229160264134407 
887	 0.22915980219841 
888	 0.229183495044708 
889	 0.229071900248528 
890	 0.228895172476768 
891	 0.228899925947189 
892	 0.228794455528259 
893	 0.228699564933777 
894	 0.228609651327133 
895	 0.228365927934647 
896	 0.228254809975624 
897	 0.228178024291992 
898	 0.228083059191704 
899	 0.228054717183113 
900	 0.227900564670563 
901	 0.227713197469711 
902	 0.227572247385979 
903	 0.227441623806953 
904	 0.227226465940475 
905	 0.226952224969864 
906	 0.226699009537697 
907	 0.226614475250244 
908	 0.226496994495392 
909	 0.226285621523857 
910	 0.22603003680706 
911	 0.225904300808907 
912	 0.225775375962257 
913	 0.225566312670708 
914	 0.225284457206726 
915	 0.225082099437714 
916	 0.224919974803925 
917	 0.22465655207634 
918	 0.22429795563221 
919	 0.224187076091766 
920	 0.224008724093437 
921	 0.223780333995819 
922	 0.223578989505768 
923	 0.223406568169594 
924	 0.22300386428833 
925	 0.222665801644325 
926	 0.222591370344162 
927	 0.222457900643349 
928	 0.22221152484417 
929	 0.221779674291611 
930	 0.221262454986572 
931	 0.221058249473572 
932	 0.220808014273643 
933	 0.220536097884178 
934	 0.220294445753098 
935	 0.220019310712814 
936	 0.219620913267136 
937	 0.219196602702141 
938	 0.218862220644951 
939	 0.218643054366112 
940	 0.218236848711967 
941	 0.217851340770721 
942	 0.21763026714325 
943	 0.217421725392342 
944	 0.217105254530907 
945	 0.216764152050018 
946	 0.216440185904503 
947	 0.216053113341331 
948	 0.215833440423012 
949	 0.215525642037392 
950	 0.215092688798904 
951	 0.214872226119041 
952	 0.214575529098511 
953	 0.214286133646965 
954	 0.214061662554741 
955	 0.213838487863541 
956	 0.213538944721222 
957	 0.213223606348038 
958	 0.212914392352104 
959	 0.212582811713219 
960	 0.212344005703926 
961	 0.212113201618195 
962	 0.2117879986763 
963	 0.211328014731407 
964	 0.210959792137146 
965	 0.210650637745857 
966	 0.210494786500931 
967	 0.210458129644394 
968	 0.209578916430473 
969	 0.209029316902161 
970	 0.209012016654015 
971	 0.209092199802399 
972	 0.208551123738289 
973	 0.208135783672333 
974	 0.207795545458794 
975	 0.207381129264832 
976	 0.207204535603523 
977	 0.207103297114372 
978	 0.206746980547905 
979	 0.206130489706993 
980	 0.205865830183029 
981	 0.205707892775536 
982	 0.205537036061287 
983	 0.205258250236511 
984	 0.204841107130051 
985	 0.204663544893265 
986	 0.204554989933968 
987	 0.204243808984756 
988	 0.2036092877388 
989	 0.203412085771561 
990	 0.202974230051041 
991	 0.202382534742355 
992	 0.202150642871857 
993	 0.202213436365128 
994	 0.201762929558754 
995	 0.201376274228096 
996	 0.201604053378105 
997	 0.201293110847473 
998	 0.200711756944656 
999	 0.200227335095406 
1000	 0.200015485286713 
1001	 0.201372236013412 
1002	 0.20110984146595 
1003	 0.200921833515167 
1004	 0.200498476624489 
1005	 0.199949368834496 
1006	 0.199489250779152 
1007	 0.198865011334419 
1008	 0.198457449674606 
1009	 0.198237404227257 
1010	 0.197904035449028 
1011	 0.197590947151184 
1012	 0.197248429059982 
1013	 0.19673453271389 
1014	 0.196560889482498 
1015	 0.196357190608978 
1016	 0.19614976644516 
1017	 0.196036711335182 
1018	 0.195906743407249 
1019	 0.195757612586021 
1020	 0.195635288953781 
1021	 0.195346876978874 
1022	 0.194948256015778 
1023	 0.19467106461525 
1024	 0.194323033094406 
1025	 0.194142624735832 
1026	 0.194121822714806 
1027	 0.193955287337303 
1028	 0.193782761693001 
1029	 0.193609729409218 
1030	 0.193365886807442 
1031	 0.193195775151253 
1032	 0.192952677607536 
1033	 0.192597776651382 
1034	 0.192317843437195 
1035	 0.191906481981277 
1036	 0.191731676459312 
1037	 0.19179105758667 
1038	 0.191685065627098 
1039	 0.191565543413162 
1040	 0.191528424620628 
1041	 0.191471472382545 
1042	 0.191393777728081 
1043	 0.191451519727707 
1044	 0.191368609666824 
1045	 0.191262423992157 
1046	 0.191064819693565 
1047	 0.190887272357941 
1048	 0.190704762935638 
1049	 0.190574631094933 
1050	 0.190443083643913 
1051	 0.190265417098999 
1052	 0.190157830715179 
1053	 0.189914047718048 
1054	 0.189410239458084 
1055	 0.189231544733047 
1056	 0.189157903194427 
1057	 0.189089044928551 
1058	 0.189254283905029 
1059	 0.189352422952652 
1060	 0.189138412475586 
1061	 0.188861265778542 
1062	 0.188826471567154 
1063	 0.188827931880951 
1064	 0.188803806900978 
1065	 0.188953086733818 
1066	 0.188999742269516 
1067	 0.188843473792076 
1068	 0.188889726996422 
1069	 0.189168304204941 
1070	 0.189268842339516 
1071	 0.189304009079933 
1072	 0.189388066530228 
1073	 0.189381137490273 
1074	 0.189452916383743 
1075	 0.189637377858162 
1076	 0.18984691798687 
1077	 0.189913257956505 
1078	 0.189866900444031 
1079	 0.189977526664734 
1080	 0.190011769533157 
1081	 0.190215930342674 
1082	 0.190704017877579 
1083	 0.190952092409134 
1084	 0.191093176603317 
1085	 0.191304922103882 
1086	 0.191409841179848 
1087	 0.191624790430069 
1088	 0.191928640007973 
1089	 0.192273959517479 
1090	 0.192663744091988 
1091	 0.193078473210335 
1092	 0.193444475531578 
1093	 0.193903669714928 
1094	 0.194115698337555 
1095	 0.194089531898499 
1096	 0.19436177611351 
1097	 0.194579511880875 
1098	 0.194973394274712 
1099	 0.195822790265083 
1100	 0.196198508143425 
1101	 0.196315079927444 
1102	 0.196584939956665 
1103	 0.196561470627785 
1104	 0.196857765316963 
1105	 0.197642371058464 
1106	 0.1980901658535 
1107	 0.198463633656502 
1108	 0.198846161365509 
1109	 0.199115768074989 
1110	 0.199087679386139 
1111	 0.199348852038383 
1112	 0.199780911207199 
1113	 0.200035527348518 
1114	 0.200194984674454 
1115	 0.20051671564579 
1116	 0.200938835740089 
1117	 0.201179847121239 
1118	 0.201454684138298 
1119	 0.201692968606949 
1120	 0.20169073343277 
1121	 0.201803907752037 
1122	 0.201979100704193 
1123	 0.202237740159035 
1124	 0.202450111508369 
1125	 0.20262798666954 
1126	 0.20289221405983 
1127	 0.203315123915672 
1128	 0.20346637070179 
1129	 0.203490346670151 
1130	 0.203608021140099 
1131	 0.203610941767693 
1132	 0.203665554523468 
1133	 0.20384493470192 
1134	 0.2039655148983 
1135	 0.203950852155685 
1136	 0.204051971435547 
1137	 0.204335853457451 
1138	 0.204459920525551 
1139	 0.204444453120232 
1140	 0.204562917351723 
1141	 0.204705595970154 
1142	 0.204797938466072 
1143	 0.204937905073166 
1144	 0.20526522397995 
1145	 0.205338388681412 
1146	 0.205245226621628 
1147	 0.205261513590813 
1148	 0.205168470740318 
1149	 0.205215647816658 
1150	 0.205396860837936 
1151	 0.205510184168816 
1152	 0.205701529979706 
1153	 0.205797344446182 
1154	 0.205818727612495 
1155	 0.205832839012146 
1156	 0.205740064382553 
1157	 0.205722287297249 
1158	 0.205800607800484 
1159	 0.205926433205605 
1160	 0.206045642495155 
1161	 0.206260427832603 
1162	 0.206366971135139 
1163	 0.206445664167404 
1164	 0.206471562385559 
1165	 0.20637184381485 
1166	 0.206439763307571 
1167	 0.206571713089943 
1168	 0.206618800759315 
1169	 0.206743955612183 
1170	 0.206805646419525 
1171	 0.206705346703529 
1172	 0.20671746134758 
1173	 0.206806480884552 
1174	 0.206897526979446 
1175	 0.206908911466599 
1176	 0.206998690962791 
1177	 0.207124665379524 
1178	 0.207321748137474 
1179	 0.207376703619957 
1180	 0.207382574677467 
1181	 0.207464128732681 
1182	 0.207492902874947 
1183	 0.207551702857018 
1184	 0.207729384303093 
1185	 0.207815855741501 
1186	 0.207811027765274 
1187	 0.207806274294853 
1188	 0.207786783576012 
1189	 0.20783007144928 
1190	 0.2078737616539 
1191	 0.207931309938431 
1192	 0.208065778017044 
1193	 0.208159700036049 
1194	 0.20817144215107 
1195	 0.208123162388802 
1196	 0.208170503377914 
1197	 0.208252802491188 
1198	 0.208274975419044 
1199	 0.208339840173721 
1200	 0.208403512835503 
1201	 0.208369091153145 
1202	 0.208401039242744 
1203	 0.208507940173149 
1204	 0.208581984043121 
1205	 0.208692595362663 
1206	 0.208757758140564 
1207	 0.208771213889122 
1208	 0.208830162882805 
1209	 0.208870470523834 
1210	 0.208916798233986 
1211	 0.208989799022675 
1212	 0.209078252315521 
1213	 0.20920367538929 
1214	 0.209251821041107 
1215	 0.209269359707832 
1216	 0.209405198693275 
1217	 0.209531590342522 
1218	 0.209664180874825 
1219	 0.209774985909462 
1220	 0.209908306598663 
1221	 0.210036650300026 
1222	 0.210138067603111 
1223	 0.21024377644062 
1224	 0.21039180457592 
1225	 0.210513219237328 
1226	 0.210601225495338 
1227	 0.210694208741188 
1228	 0.210805967450142 
1229	 0.210835739970207 
1230	 0.210900515317917 
1231	 0.210966303944588 
1232	 0.211070284247398 
1233	 0.211264625191689 
1234	 0.211390465497971 
1235	 0.211449921131134 
1236	 0.211570173501968 
1237	 0.211730927228928 
1238	 0.21187362074852 
1239	 0.212106093764305 
1240	 0.212243869900703 
1241	 0.212283298373222 
1242	 0.212394431233406 
1243	 0.212489485740662 
1244	 0.212638318538666 
1245	 0.212881445884705 
1246	 0.213056296110153 
1247	 0.213218852877617 
1248	 0.213389843702316 
1249	 0.213500991463661 
1250	 0.21357087790966 
1251	 0.213738888502121 
1252	 0.213954791426659 
1253	 0.214144289493561 
1254	 0.214270278811455 
1255	 0.214417695999146 
1256	 0.214615419507027 
1257	 0.214737311005592 
1258	 0.21488893032074 
1259	 0.215064078569412 
1260	 0.215180635452271 
1261	 0.215345203876495 
1262	 0.215590327978134 
1263	 0.215834081172943 
1264	 0.216124668717384 
1265	 0.216313496232033 
1266	 0.216448992490768 
1267	 0.216624349355698 
1268	 0.216755121946335 
1269	 0.216882184147835 
1270	 0.217100828886032 
1271	 0.21740248799324 
1272	 0.217576667666435 
1273	 0.21776120364666 
1274	 0.217966079711914 
1275	 0.218068078160286 
1276	 0.218249157071114 
1277	 0.218525901436806 
1278	 0.218671202659607 
1279	 0.218758106231689 
1280	 0.219038620591164 
1281	 0.219293877482414 
1282	 0.219464108347893 
1283	 0.219664797186852 
1284	 0.219855964183807 
1285	 0.219844251871109 
1286	 0.220021799206734 
1287	 0.220403373241425 
1288	 0.220642745494843 
1289	 0.220862030982971 
1290	 0.221090734004974 
1291	 0.22121673822403 
1292	 0.221342831850052 
1293	 0.221625775098801 
1294	 0.221836090087891 
1295	 0.222089871764183 
1296	 0.222473442554474 
1297	 0.22278043627739 
1298	 0.223118960857391 
1299	 0.223506957292557 
1300	 0.223864153027534 
1301	 0.224204257130623 
1302	 0.224512040615082 
1303	 0.224921360611916 
1304	 0.225362792611122 
1305	 0.225724667310715 
1306	 0.226091474294662 
1307	 0.226509064435959 
1308	 0.226825386285782 
1309	 0.22726908326149 
1310	 0.227876380085945 
1311	 0.228386670351028 
1312	 0.228940486907959 
1313	 0.229385763406754 
1314	 0.229694351553917 
1315	 0.230104386806488 
1316	 0.2305798381567 
1317	 0.230983078479767 
1318	 0.231492027640343 
1319	 0.231979221105576 
1320	 0.232445999979973 
1321	 0.232958883047104 
1322	 0.233403638005257 
1323	 0.23386088013649 
1324	 0.234344094991684 
1325	 0.234709843993187 
1326	 0.235087886452675 
1327	 0.235573515295982 
1328	 0.235822513699532 
1329	 0.236007064580917 
1330	 0.236356914043427 
1331	 0.236787989735603 
1332	 0.237078383564949 
1333	 0.237443685531616 
1334	 0.237818196415901 
1335	 0.238043993711472 
1336	 0.238367229700089 
1337	 0.238862097263336 
1338	 0.239194333553314 
1339	 0.239387169480324 
1340	 0.239736407995224 
1341	 0.240030169487 
1342	 0.240263611078262 
1343	 0.240617498755455 
1344	 0.240893989801407 
1345	 0.241068243980408 
1346	 0.241366669535637 
1347	 0.241744831204414 
1348	 0.242009580135345 
1349	 0.24231992661953 
1350	 0.24271622300148 
1351	 0.242956072092056 
1352	 0.243164822459221 
1353	 0.243507131934166 
1354	 0.243822678923607 
1355	 0.244119182229042 
1356	 0.244469717144966 
1357	 0.244734838604927 
1358	 0.24491311609745 
1359	 0.245149970054626 
1360	 0.245373591780663 
1361	 0.245658099651337 
1362	 0.246053636074066 
1363	 0.246336743235588 
1364	 0.246551737189293 
1365	 0.246797233819962 
1366	 0.246970877051353 
1367	 0.247263550758362 
1368	 0.247581899166107 
1369	 0.247950971126556 
1370	 0.248381853103638 
1371	 0.248657569289207 
1372	 0.248933628201485 
1373	 0.249326556921005 
1374	 0.249652996659279 
1375	 0.249994546175003 
1376	 0.250362515449524 
1377	 0.250681936740875 
1378	 0.251055687665939 
1379	 0.25149142742157 
1380	 0.251904994249344 
1381	 0.252295523881912 
1382	 0.252710223197937 
1383	 0.253145724534988 
1384	 0.253559708595276 
1385	 0.254006266593933 
1386	 0.2544846534729 
1387	 0.254881739616394 
1388	 0.255326062440872 
1389	 0.25582155585289 
1390	 0.25630921125412 
1391	 0.256819814443588 
1392	 0.257277548313141 
1393	 0.257674783468246 
1394	 0.258134186267853 
1395	 0.258584022521973 
1396	 0.259081721305847 
1397	 0.259595513343811 
1398	 0.260107517242432 
1399	 0.260616511106491 
1400	 0.261109679937363 
1401	 0.261588245630264 
1402	 0.262079954147339 
1403	 0.262533932924271 
1404	 0.262892216444016 
1405	 0.263302981853485 
1406	 0.263748168945313 
1407	 0.264118045568466 
1408	 0.264569401741028 
1409	 0.265057444572449 
1410	 0.265465527772903 
1411	 0.265898942947388 
1412	 0.26629701256752 
1413	 0.266647905111313 
1414	 0.267102897167206 
1415	 0.267591744661331 
1416	 0.268068373203278 
1417	 0.268555134534836 
1418	 0.268977224826813 
1419	 0.26940181851387 
1420	 0.269925564527512 
1421	 0.270442664623261 
1422	 0.27092632651329 
1423	 0.271397262811661 
1424	 0.271809756755829 
1425	 0.272296696901321 
1426	 0.272792547941208 
1427	 0.273341417312622 
1428	 0.274011611938477 
1429	 0.274600297212601 
1430	 0.275171250104904 
1431	 0.275706171989441 
1432	 0.276263564825058 
1433	 0.27677395939827 
1434	 0.277304738759995 
1435	 0.277935743331909 
1436	 0.278596460819244 
1437	 0.279235064983368 
1438	 0.279875516891479 
1439	 0.280481547117233 
1440	 0.281086921691895 
1441	 0.281711220741272 
1442	 0.282317787408829 
1443	 0.282939910888672 
1444	 0.28356659412384 
1445	 0.284131467342377 
1446	 0.284789949655533 
1447	 0.285572052001953 
1448	 0.286259919404984 
1449	 0.286887049674988 
1450	 0.287526309490204 
1451	 0.288174897432327 
1452	 0.288905471563339 
1453	 0.289564728736877 
1454	 0.290171533823013 
1455	 0.290905356407166 
1456	 0.291583687067032 
1457	 0.292272746562958 
1458	 0.293074637651443 
1459	 0.29375746846199 
1460	 0.294394731521606 
1461	 0.295099049806595 
1462	 0.295815467834473 
1463	 0.296553045511246 
1464	 0.297276735305786 
1465	 0.297998666763306 
1466	 0.298744708299637 
1467	 0.299474388360977 
1468	 0.300217032432556 
1469	 0.301020294427872 
1470	 0.301759451627731 
1471	 0.302430838346481 
1472	 0.303179085254669 
1473	 0.303948104381561 
1474	 0.304654449224472 
1475	 0.305429548025131 
1476	 0.306197047233582 
1477	 0.306930363178253 
1478	 0.30770418047905 
1479	 0.308473318815231 
1480	 0.30919286608696 
1481	 0.309942364692688 
1482	 0.310732156038284 
1483	 0.311492919921875 
1484	 0.312281459569931 
1485	 0.31313955783844 
1486	 0.313908845186234 
1487	 0.314655333757401 
1488	 0.315575897693634 
1489	 0.316440314054489 
1490	 0.317228555679321 
1491	 0.318061023950577 
1492	 0.318880081176758 
1493	 0.319702714681625 
1494	 0.320510178804398 
1495	 0.321376293897629 
1496	 0.322297602891922 
1497	 0.323237478733063 
1498	 0.324165493249893 
1499	 0.324962019920349 
1500	 0.325758367776871 
1501	 0.326528638601303 
1502	 0.327297925949097 
1503	 0.328293859958649 
1504	 0.329248130321503 
1505	 0.33001783490181 
1506	 0.330887526273727 
1507	 0.331812053918839 
1508	 0.33267542719841 
1509	 0.333555191755295 
1510	 0.334448099136353 
1511	 0.335345447063446 
1512	 0.336221605539322 
1513	 0.337070256471634 
1514	 0.337967723608017 
1515	 0.338783651590347 
1516	 0.339517384767532 
1517	 0.340345650911331 
1518	 0.341269582509995 
1519	 0.342105388641357 
1520	 0.342963993549347 
1521	 0.343829214572906 
1522	 0.34466740489006 
1523	 0.345475554466248 
1524	 0.346209973096848 
1525	 0.347019702196121 
1526	 0.3478744328022 
1527	 0.348724603652954 
1528	 0.349703550338745 
1529	 0.350543558597565 
1530	 0.351214230060577 
1531	 0.351952075958252 
1532	 0.352653205394745 
1533	 0.353428572416306 
1534	 0.354323625564575 
1535	 0.35516756772995 
1536	 0.356044113636017 
1537	 0.35680091381073 
1538	 0.357538938522339 
1539	 0.358387678861618 
1540	 0.359259039163589 
1541	 0.360083818435669 
1542	 0.361037284135818 
1543	 0.361896574497223 
1544	 0.362608194351196 
1545	 0.363566249608994 
1546	 0.364548832178116 
1547	 0.365359634160995 
1548	 0.366261512041092 
1549	 0.367135256528854 
1550	 0.367766916751862 
1551	 0.368479162454605 
1552	 0.369393885135651 
1553	 0.370224207639694 
1554	 0.371127277612686 
1555	 0.372161239385605 
1556	 0.372905224561691 
1557	 0.373524159193039 
1558	 0.374346047639847 
1559	 0.37509623169899 
1560	 0.375844061374664 
1561	 0.376785784959793 
1562	 0.377572685480118 
1563	 0.378267198801041 
1564	 0.379087567329407 
1565	 0.379882395267487 
1566	 0.380692660808563 
1567	 0.381467372179031 
1568	 0.3822161257267 
1569	 0.383079767227173 
1570	 0.383832722902298 
1571	 0.384585082530975 
1572	 0.385439783334732 
1573	 0.38613498210907 
1574	 0.386906743049622 
1575	 0.38775035738945 
1576	 0.388421058654785 
1577	 0.389105916023254 
1578	 0.389849334955215 
1579	 0.390661239624023 
1580	 0.391484439373016 
1581	 0.392149329185486 
1582	 0.392824172973633 
1583	 0.39359650015831 
1584	 0.394361257553101 
1585	 0.395158171653748 
1586	 0.395857185125351 
1587	 0.39641946554184 
1588	 0.397150367498398 
1589	 0.398043483495712 
1590	 0.398909687995911 
1591	 0.399713039398193 
1592	 0.400422006845474 
1593	 0.40107923746109 
1594	 0.401843547821045 
1595	 0.402694344520569 
1596	 0.403494328260422 
1597	 0.404267549514771 
1598	 0.405019104480743 
1599	 0.405718863010406 
1600	 0.406501561403275 
1601	 0.407393336296082 
1602	 0.408178120851517 
1603	 0.408930271863937 
1604	 0.409591853618622 
1605	 0.410102963447571 
1606	 0.410805225372314 
1607	 0.411641120910645 
1608	 0.412441551685333 
1609	 0.413222849369049 
1610	 0.41388413310051 
1611	 0.414451569318771 
1612	 0.415069282054901 
1613	 0.415796726942062 
1614	 0.41667041182518 
1615	 0.417416483163834 
1616	 0.417988836765289 
1617	 0.41871389746666 
1618	 0.419492542743683 
1619	 0.420150905847549 
1620	 0.420775681734085 
1621	 0.421382337808609 
1622	 0.42187973856926 
1623	 0.422430962324142 
1624	 0.42320454120636 
1625	 0.423926591873169 
1626	 0.424477636814117 
1627	 0.425057888031006 
1628	 0.425603240728378 
1629	 0.42607107758522 
1630	 0.426635384559631 
1631	 0.427241832017899 
1632	 0.427934885025024 
1633	 0.428642064332962 
1634	 0.429199278354645 
1635	 0.429812014102936 
1636	 0.430484116077423 
1637	 0.4310622215271 
1638	 0.431564092636108 
1639	 0.432101219892502 
1640	 0.432686984539032 
1641	 0.433262467384338 
1642	 0.433890074491501 
1643	 0.434504389762878 
1644	 0.434983283281326 
1645	 0.435396730899811 
1646	 0.435954570770264 
1647	 0.436685413122177 
1648	 0.43747341632843 
1649	 0.438188642263412 
1650	 0.438785672187805 
1651	 0.439312517642975 
1652	 0.439709693193436 
1653	 0.440140157938004 
1654	 0.440701991319656 
1655	 0.441207647323608 
1656	 0.44174587726593 
1657	 0.442324429750443 
1658	 0.442814141511917 
1659	 0.443378746509552 
1660	 0.443942755460739 
1661	 0.444435268640518 
1662	 0.444899916648865 
1663	 0.44540336728096 
1664	 0.445905596017838 
1665	 0.446221262216568 
1666	 0.44659024477005 
1667	 0.447093635797501 
1668	 0.447543948888779 
1669	 0.448026299476624 
1670	 0.448526531457901 
1671	 0.448893129825592 
1672	 0.449354380369186 
1673	 0.449925065040588 
1674	 0.45030078291893 
1675	 0.450768142938614 
1676	 0.451104402542114 
1677	 0.451473444700241 
1678	 0.451986134052277 
1679	 0.452429741621017 
1680	 0.452700167894363 
1681	 0.453141212463379 
1682	 0.453703165054321 
1683	 0.454235315322876 
1684	 0.454929322004318 
1685	 0.45541188120842 
1686	 0.455657511949539 
1687	 0.456051290035248 
1688	 0.456527024507523 
1689	 0.456859886646271 
1690	 0.457194864749908 
1691	 0.457529842853546 
1692	 0.457670509815216 
1693	 0.457933634519577 
1694	 0.45832222700119 
1695	 0.458708047866821 
1696	 0.459068953990936 
1697	 0.459505915641785 
1698	 0.460124045610428 
1699	 0.460574060678482 
1700	 0.460931330919266 
1701	 0.461308598518372 
1702	 0.461579471826553 
1703	 0.461930513381958 
1704	 0.462344467639923 
1705	 0.462797075510025 
1706	 0.463327795267105 
1707	 0.463742256164551 
1708	 0.464127898216248 
1709	 0.464517265558243 
1710	 0.464810848236084 
1711	 0.465172469615936 
1712	 0.465697199106216 
1713	 0.465968370437622 
1714	 0.466077923774719 
1715	 0.466322213411331 
1716	 0.46647310256958 
1717	 0.466736614704132 
1718	 0.467163622379303 
1719	 0.467478781938553 
1720	 0.467730700969696 
1721	 0.468072354793549 
1722	 0.468490034341812 
1723	 0.468800723552704 
1724	 0.469095766544342 
1725	 0.469381511211395 
1726	 0.469598829746246 
1727	 0.469873279333115 
1728	 0.470180332660675 
1729	 0.470484763383865 
1730	 0.470806926488876 
1731	 0.470945447683334 
1732	 0.471245646476746 
1733	 0.471539050340652 
1734	 0.47163850069046 
1735	 0.471745878458023 
1736	 0.471966147422791 
1737	 0.472222298383713 
1738	 0.472428441047668 
1739	 0.472713232040405 
1740	 0.472972393035889 
1741	 0.473099231719971 
1742	 0.473311483860016 
1743	 0.473674029111862 
1744	 0.473931640386581 
1745	 0.474115997552872 
1746	 0.474342584609985 
1747	 0.474479615688324 
1748	 0.474728226661682 
1749	 0.475178986787796 
1750	 0.47541543841362 
1751	 0.475566864013672 
1752	 0.475770801305771 
1753	 0.475807934999466 
1754	 0.475996166467667 
1755	 0.476367473602295 
1756	 0.476622313261032 
1757	 0.476894795894623 
1758	 0.477065205574036 
1759	 0.477113574743271 
1760	 0.477239459753037 
1761	 0.47729167342186 
1762	 0.477515071630478 
1763	 0.477918148040771 
1764	 0.478157222270966 
1765	 0.478386282920837 
1766	 0.478597015142441 
1767	 0.478715002536774 
1768	 0.478890091180801 
1769	 0.479130804538727 
1770	 0.479321658611298 
1771	 0.479409009218216 
1772	 0.479678571224213 
1773	 0.480080932378769 
1774	 0.480369389057159 
1775	 0.480623096227646 
1776	 0.480823516845703 
1777	 0.48102730512619 
1778	 0.48119792342186 
1779	 0.481354713439941 
1780	 0.481640160083771 
1781	 0.481838643550873 
1782	 0.482090443372726 
1783	 0.482354253530502 
1784	 0.482477635145187 
1785	 0.482713431119919 
1786	 0.48312172293663 
1787	 0.483399391174316 
1788	 0.483614534139633 
1789	 0.483861416578293 
1790	 0.48410901427269 
1791	 0.484305322170258 
1792	 0.4845050573349 
1793	 0.484669238328934 
1794	 0.484657049179077 
1795	 0.484861135482788 
1796	 0.485209941864014 
1797	 0.485460609197617 
1798	 0.485792279243469 
1799	 0.486043810844421 
1800	 0.486156046390533 
1801	 0.486376196146011 
1802	 0.486666321754456 
1803	 0.486867904663086 
1804	 0.487089186906815 
1805	 0.487194269895554 
1806	 0.487301915884018 
1807	 0.487410038709641 
1808	 0.487444907426834 
1809	 0.487707436084747 
1810	 0.488042891025543 
1811	 0.488383054733276 
1812	 0.488678514957428 
1813	 0.488856881856918 
1814	 0.488984942436218 
1815	 0.48903551697731 
1816	 0.489130258560181 
1817	 0.489223092794418 
1818	 0.489390283823013 
1819	 0.489682823419571 
1820	 0.490031599998474 
1821	 0.490440428256989 
1822	 0.490751892328262 
1823	 0.491135716438293 
1824	 0.491422772407532 
1825	 0.491552531719208 
1826	 0.491825759410858 
1827	 0.492123007774353 
1828	 0.492444753646851 
1829	 0.49285551905632 
1830	 0.49323233962059 
1831	 0.49239057302475 
1832	 0.492507576942444 
1833	 0.492458939552307 
1834	 0.492490351200104 
1835	 0.49263396859169 
1836	 0.492637634277344 
1837	 0.492446005344391 
1838	 0.492553234100342 
1839	 0.492781221866608 
1840	 0.492754340171814 
1841	 0.492944002151489 
1842	 0.493176639080048 
1843	 0.493258476257324 
1844	 0.493074834346771 
1845	 0.493249237537384 
1846	 0.49369803071022 
1847	 0.493881553411484 
1848	 0.493814647197723 
1849	 0.493750751018524 
1850	 0.493550062179565 
1851	 0.493319362401962 
1852	 0.493489056825638 
1853	 0.493966162204742 
1854	 0.494047284126282 
1855	 0.493871480226517 
1856	 0.493825852870941 
1857	 0.493759989738464 
1858	 0.493499606847763 
1859	 0.493056267499924 
1860	 0.493081390857697 
1861	 0.493126451969147 
1862	 0.493005812168121 
1863	 0.493230640888214 
1864	 0.494089841842651 
1865	 0.494294941425323 
1866	 0.49424746632576 
1867	 0.494418233633041 
1868	 0.494502484798431 
1869	 0.494259476661682 
1870	 0.494178414344788 
1871	 0.494003713130951 
1872	 0.493624925613403 
1873	 0.493705928325653 
1874	 0.49371924996376 
1875	 0.493889659643173 
1876	 0.49397200345993 
1877	 0.494212061166763 
1878	 0.494047462940216 
1879	 0.493810534477234 
1880	 0.493653118610382 
1881	 0.49328801035881 
1882	 0.492826879024506 
1883	 0.492324203252792 
1884	 0.492080271244049 
1885	 0.491962015628815 
1886	 0.492023080587387 
1887	 0.492035746574402 
1888	 0.492051929235458 
1889	 0.491890519857407 
1890	 0.491507530212402 
1891	 0.491177678108215 
1892	 0.490975379943848 
1893	 0.490666896104813 
1894	 0.490418046712875 
1895	 0.490096688270569 
1896	 0.489714533090591 
1897	 0.489181280136108 
1898	 0.488964706659317 
1899	 0.488645434379578 
1900	 0.48823606967926 
1901	 0.487947136163712 
1902	 0.487477779388428 
1903	 0.487121760845184 
1904	 0.486835956573486 
1905	 0.486558198928833 
1906	 0.486341446638107 
1907	 0.486088007688522 
1908	 0.48581799864769 
1909	 0.485477089881897 
1910	 0.484947293996811 
1911	 0.48449781537056 
1912	 0.48419851064682 
1913	 0.483955860137939 
1914	 0.483881860971451 
1915	 0.483694940805435 
1916	 0.483353644609451 
1917	 0.4830382168293 
1918	 0.48284974694252 
1919	 0.48281592130661 
1920	 0.482818454504013 
1921	 0.482545852661133 
1922	 0.482374787330627 
1923	 0.482220262289047 
1924	 0.481995105743408 
1925	 0.482153236865997 
1926	 0.482195168733597 
1927	 0.481902033090591 
1928	 0.481687128543854 
1929	 0.481551617383957 
1930	 0.481382995843887 
1931	 0.481323599815369 
1932	 0.481378704309464 
1933	 0.481518894433975 
1934	 0.48155090212822 
1935	 0.481268167495728 
1936	 0.481083154678345 
1937	 0.480988591909409 
1938	 0.480963796377182 
1939	 0.481156259775162 
1940	 0.481291741132736 
1941	 0.481492012739182 
1942	 0.481654822826386 
1943	 0.481791377067566 
1944	 0.481638729572296 
1945	 0.481383204460144 
1946	 0.481343805789948 
1947	 0.481311619281769 
1948	 0.481275379657745 
1949	 0.481569111347198 
1950	 0.481523871421814 
1951	 0.481233686208725 
1952	 0.481202721595764 
1953	 0.481313973665237 
1954	 0.48138153553009 
1955	 0.481676995754242 
1956	 0.481942981481552 
1957	 0.481957346200943 
1958	 0.482114106416702 
1959	 0.482062995433807 
1960	 0.4819076359272 
1961	 0.48200398683548 
1962	 0.48216125369072 
1963	 0.482152044773102 
1964	 0.482120037078857 
1965	 0.482183277606964 
1966	 0.482305258512497 
1967	 0.48228520154953 
1968	 0.482371807098389 
1969	 0.482518434524536 
1970	 0.482491493225098 
1971	 0.482450574636459 
1972	 0.482246249914169 
1973	 0.482251048088074 
1974	 0.482505023479462 
1975	 0.482504308223724 
1976	 0.482531249523163 
1977	 0.48263943195343 
1978	 0.482852607965469 
1979	 0.482683002948761 
1980	 0.482427150011063 
1981	 0.482432276010513 
1982	 0.482318252325058 
1983	 0.482254177331924 
1984	 0.482389748096466 
1985	 0.482481002807617 
1986	 0.482508659362793 
1987	 0.482503622770309 
1988	 0.482574194669724 
1989	 0.482680976390839 
1990	 0.482859253883362 
1991	 0.482944279909134 
1992	 0.482942551374435 
1993	 0.483082413673401 
1994	 0.483174681663513 
1995	 0.483115583658218 
1996	 0.483269542455673 
1997	 0.483598113059998 
1998	 0.483917862176895 
1999	 0.48400953412056 
2000	 0.483843713998795 
2001	 0.48372358083725 
2002	 0.483632326126099 
2003	 0.483422577381134 
2004	 0.483365774154663 
2005	 0.483416348695755 
2006	 0.483318477869034 
2007	 0.483103930950165 
2008	 0.483049541711807 
2009	 0.483126431703568 
2010	 0.483196467161179 
2011	 0.483001798391342 
2012	 0.482605129480362 
2013	 0.4825818836689 
2014	 0.482450544834137 
2015	 0.482353836297989 
2016	 0.48256915807724 
2017	 0.48260423541069 
2018	 0.482521384954453 
2019	 0.482253074645996 
2020	 0.482086658477783 
2021	 0.481975972652435 
2022	 0.481863647699356 
2023	 0.481834501028061 
2024	 0.481976687908173 
2025	 0.481782466173172 
2026	 0.481496959924698 
2027	 0.481388360261917 
2028	 0.481125056743622 
2029	 0.480642527341843 
2030	 0.480436891317368 
2031	 0.480300605297089 
2032	 0.480092287063599 
2033	 0.480059146881104 
2034	 0.480020403862 
2035	 0.479845881462097 
2036	 0.479558020830154 
2037	 0.479233056306839 
2038	 0.479037076234818 
2039	 0.478902280330658 
2040	 0.478817939758301 
2041	 0.47872057557106 
2042	 0.478538811206818 
2043	 0.478337407112122 
2044	 0.478044629096985 
2045	 0.47772279381752 
2046	 0.477337777614594 
2047	 0.47705739736557 
2048	 0.476793497800827 
2049	 0.476857751607895 
2050	 0.476766288280487 
2051	 0.476504594087601 
2052	 0.47608083486557 
2053	 0.475588649511337 
2054	 0.475448459386826 
2055	 0.475230157375336 
2056	 0.475050985813141 
2057	 0.475035011768341 
2058	 0.4748894572258 
2059	 0.474581658840179 
2060	 0.474371433258057 
2061	 0.474269658327103 
2062	 0.473961263895035 
2063	 0.473498851060867 
2064	 0.473186463117599 
2065	 0.47298064827919 
2066	 0.472731083631516 
2067	 0.472676008939743 
2068	 0.472676485776901 
2069	 0.472335547208786 
2070	 0.471978396177292 
2071	 0.471707165241241 
2072	 0.471191108226776 
2073	 0.470899999141693 
2074	 0.470998734235764 
2075	 0.470811545848846 
2076	 0.470417439937592 
2077	 0.470243811607361 
2078	 0.470492482185364 
2079	 0.470164656639099 
2080	 0.469903081655502 
2081	 0.469729661941528 
2082	 0.469221234321594 
2083	 0.468986749649048 
2084	 0.468962371349335 
2085	 0.468975871801376 
2086	 0.468964248895645 
2087	 0.468743622303009 
2088	 0.468512356281281 
2089	 0.468109518289566 
2090	 0.467876136302948 
2091	 0.467682480812073 
2092	 0.467514216899872 
2093	 0.467355519533157 
2094	 0.467423260211945 
2095	 0.467440485954285 
2096	 0.467187434434891 
2097	 0.467156648635864 
2098	 0.467014044523239 
2099	 0.466664880514145 
2100	 0.466575533151627 
2101	 0.466536492109299 
2102	 0.46638897061348 
2103	 0.466324388980865 
2104	 0.466227203607559 
2105	 0.466111868619919 
2106	 0.465913444757462 
2107	 0.465887069702148 
2108	 0.466052711009979 
2109	 0.466003477573395 
2110	 0.465823709964752 
2111	 0.465892225503922 
2112	 0.465835332870483 
2113	 0.465656369924545 
2114	 0.465725272893906 
2115	 0.46573007106781 
2116	 0.465570986270905 
2117	 0.465488016605377 
2118	 0.465547025203705 
2119	 0.465530812740326 
2120	 0.465568661689758 
2121	 0.465728938579559 
2122	 0.465664207935333 
2123	 0.465465128421783 
2124	 0.46541503071785 
2125	 0.465483486652374 
2126	 0.465362966060638 
2127	 0.465241432189941 
2128	 0.465047478675842 
2129	 0.464640200138092 
2130	 0.464239746332169 
2131	 0.464037448167801 
2132	 0.46405565738678 
2133	 0.46401846408844 
2134	 0.46382600069046 
2135	 0.463786512613297 
2136	 0.46391949057579 
2137	 0.464136600494385 
2138	 0.464410036802292 
2139	 0.464381575584412 
2140	 0.464385122060776 
2141	 0.464503705501556 
2142	 0.4646897315979 
2143	 0.464631587266922 
2144	 0.464614897966385 
2145	 0.464574038982391 
2146	 0.464203506708145 
2147	 0.464167475700378 
2148	 0.464403331279755 
2149	 0.464473187923431 
2150	 0.464537769556046 
2151	 0.464547246694565 
2152	 0.464353859424591 
2153	 0.464035868644714 
2154	 0.46386331319809 
2155	 0.463917136192322 
2156	 0.463941127061844 
2157	 0.463839888572693 
2158	 0.463546842336655 
2159	 0.463318794965744 
2160	 0.463416129350662 
2161	 0.463458567857742 
2162	 0.463503569364548 
2163	 0.463765114545822 
2164	 0.463779479265213 
2165	 0.463486433029175 
2166	 0.463421940803528 
2167	 0.463391721248627 
2168	 0.463293105363846 
2169	 0.463102370500565 
2170	 0.463203817605972 
2171	 0.463264375925064 
2172	 0.463283717632294 
2173	 0.463495224714279 
2174	 0.463645309209824 
2175	 0.463646709918976 
2176	 0.463682621717453 
2177	 0.46383336186409 
2178	 0.463790029287338 
2179	 0.463560372591019 
2180	 0.463541239500046 
2181	 0.463351190090179 
2182	 0.463115215301514 
2183	 0.463390916585922 
2184	 0.463702827692032 
2185	 0.463764756917953 
2186	 0.463669836521149 
2187	 0.463815569877625 
2188	 0.463876485824585 
2189	 0.463986068964005 
2190	 0.464474081993103 
2191	 0.464669764041901 
2192	 0.46470782160759 
2193	 0.464614272117615 
2194	 0.464572429656982 
2195	 0.464568614959717 
2196	 0.464533776044846 
2197	 0.464286744594574 
2198	 0.464391589164734 
2199	 0.46466264128685 
2200	 0.464782178401947 
2201	 0.465055733919144 
2202	 0.465150326490402 
2203	 0.46498116850853 
2204	 0.464802324771881 
2205	 0.464751780033112 
2206	 0.464667141437531 
2207	 0.464310675859451 
2208	 0.464468479156494 
2209	 0.465025424957275 
2210	 0.465197712182999 
2211	 0.465490758419037 
2212	 0.465539783239365 
2213	 0.465059131383896 
2214	 0.465055286884308 
2215	 0.465440005064011 
2216	 0.4654261469841 
2217	 0.465505093336105 
2218	 0.465110272169113 
2219	 0.4647576212883 
2220	 0.464585155248642 
2221	 0.464455038309097 
2222	 0.464475154876709 
2223	 0.464199542999268 
2224	 0.46408349275589 
2225	 0.464398682117462 
2226	 0.464439272880554 
2227	 0.464260369539261 
2228	 0.463873267173767 
2229	 0.463551193475723 
2230	 0.46358847618103 
2231	 0.463564842939377 
2232	 0.46375584602356 
2233	 0.463738560676575 
2234	 0.463441610336304 
2235	 0.463132590055466 
2236	 0.462720394134521 
2237	 0.462614446878433 
2238	 0.462643265724182 
2239	 0.462519496679306 
2240	 0.462747097015381 
2241	 0.462647020816803 
2242	 0.462107568979263 
2243	 0.461625248193741 
2244	 0.461210697889328 
2245	 0.460700392723084 
2246	 0.459905683994293 
2247	 0.459334284067154 
2248	 0.459722518920898 
2249	 0.459670186042786 
2250	 0.459386497735977 
2251	 0.459687680006027 
2252	 0.459486424922943 
2253	 0.459031939506531 
2254	 0.459258437156677 
2255	 0.459547162055969 
2256	 0.459230005741119 
2257	 0.458862960338593 
2258	 0.458816051483154 
2259	 0.458598375320435 
2260	 0.458389967679977 
2261	 0.458286613225937 
2262	 0.45767742395401 
2263	 0.457243591547012 
2264	 0.457181423902512 
2265	 0.45683816075325 
2266	 0.456541836261749 
2267	 0.456278175115585 
2268	 0.456047475337982 
2269	 0.455924570560455 
2270	 0.455830931663513 
2271	 0.45556828379631 
2272	 0.455327779054642 
2273	 0.454842031002045 
2274	 0.454613715410233 
2275	 0.454733729362488 
2276	 0.454561144113541 
2277	 0.454009860754013 
2278	 0.453800529241562 
2279	 0.453689724206924 
2280	 0.453579485416412 
2281	 0.453541278839111 
2282	 0.453870326280594 
2283	 0.453951925039291 
2284	 0.454020977020264 
2285	 0.454111993312836 
2286	 0.453911572694778 
2287	 0.453652292490005 
2288	 0.453461349010468 
2289	 0.453979134559631 
2290	 0.454547792673111 
2291	 0.454294890165329 
2292	 0.453890144824982 
2293	 0.453303903341293 
2294	 0.45270961523056 
2295	 0.452909380197525 
2296	 0.453609615564346 
2297	 0.453888088464737 
2298	 0.453738808631897 
2299	 0.453879714012146 
2300	 0.453853696584702 
2301	 0.453392922878265 
2302	 0.453290343284607 
2303	 0.452891111373901 
2304	 0.452140480279922 
2305	 0.452058643102646 
2306	 0.451980650424957 
2307	 0.451696127653122 
2308	 0.451621055603027 
2309	 0.451370477676392 
2310	 0.45092836022377 
2311	 0.450785398483276 
2312	 0.451030075550079 
2313	 0.450971186161041 
2314	 0.450727075338364 
2315	 0.450804501771927 
2316	 0.450610518455505 
2317	 0.449836134910584 
2318	 0.449469536542892 
2319	 0.449502229690552 
2320	 0.449200809001923 
2321	 0.449218779802322 
2322	 0.448829025030136 
2323	 0.448417514562607 
2324	 0.4474196434021 
2325	 0.447184860706329 
2326	 0.447553396224976 
2327	 0.447727352380753 
2328	 0.448008239269257 
2329	 0.448457837104797 
2330	 0.449098944664001 
2331	 0.449253112077713 
2332	 0.449106127023697 
2333	 0.44810539484024 
2334	 0.446942508220673 
2335	 0.446436911821365 
2336	 0.446530699729919 
2337	 0.446678757667542 
2338	 0.446864992380142 
2339	 0.446854680776596 
2340	 0.44643160700798 
2341	 0.447049230337143 
2342	 0.447822064161301 
2343	 0.44794836640358 
2344	 0.448485672473907 
2345	 0.449015229940414 
2346	 0.448693007230759 
2347	 0.447818845510483 
2348	 0.447353094816208 
2349	 0.446836709976196 
2350	 0.447227209806442 
2351	 0.448706448078156 
2352	 0.448712170124054 
2353	 0.448059946298599 
2354	 0.44711896777153 
2355	 0.445451587438583 
2356	 0.444973647594452 
2357	 0.445095151662827 
2358	 0.445184618234634 
2359	 0.445492327213287 
2360	 0.445240527391434 
2361	 0.445041626691818 
2362	 0.445243418216705 
2363	 0.445265591144562 
2364	 0.444782078266144 
2365	 0.444206655025482 
2366	 0.444151222705841 
2367	 0.444151252508163 
2368	 0.444467306137085 
2369	 0.445356339216232 
2370	 0.445758730173111 
2371	 0.445074558258057 
2372	 0.444813400506973 
2373	 0.445853352546692 
2374	 0.44648465514183 
2375	 0.446679621934891 
2376	 0.446813225746155 
2377	 0.446192532777786 
2378	 0.445616781711578 
2379	 0.445471078157425 
2380	 0.445321500301361 
2381	 0.445057451725006 
2382	 0.444840550422668 
2383	 0.445627629756927 
2384	 0.446832597255707 
2385	 0.446428835391998 
2386	 0.445672631263733 
2387	 0.444855690002441 
2388	 0.443374574184418 
2389	 0.443376541137695 
2390	 0.443203836679459 
2391	 0.442140936851501 
2392	 0.442975580692291 
2393	 0.443503051996231 
2394	 0.44361475110054 
2395	 0.444415271282196 
2396	 0.443679392337799 
2397	 0.443420201539993 
2398	 0.444097250699997 
2399	 0.443797409534454 
2400	 0.443391293287277 
2401	 0.443773627281189 
2402	 0.444597035646439 
2403	 0.445355325937271 
2404	 0.445936053991318 
2405	 0.444608598947525 
2406	 0.442833513021469 
2407	 0.44263768196106 
2408	 0.443083971738815 
2409	 0.444136530160904 
2410	 0.444542974233627 
2411	 0.444603621959686 
2412	 0.444411486387253 
2413	 0.444430232048035 
2414	 0.445067018270493 
2415	 0.445057034492493 
2416	 0.444757014513016 
2417	 0.444696009159088 
2418	 0.444779932498932 
2419	 0.443292707204819 
2420	 0.441502660512924 
2421	 0.440551847219467 
2422	 0.440070927143097 
2423	 0.440747052431107 
2424	 0.440686970949173 
2425	 0.43975293636322 
2426	 0.439872443675995 
2427	 0.440196543931961 
2428	 0.440455377101898 
2429	 0.440679728984833 
2430	 0.439507991075516 
2431	 0.437903046607971 
2432	 0.437929511070251 
2433	 0.440032869577408 
2434	 0.440035432577133 
2435	 0.439536213874817 
2436	 0.441004723310471 
2437	 0.440662324428558 
2438	 0.440736532211304 
2439	 0.440890550613403 
2440	 0.439393311738968 
2441	 0.438529819250107 
2442	 0.439227849245071 
2443	 0.44076332449913 
2444	 0.442048043012619 
2445	 0.441796272993088 
2446	 0.440438002347946 
2447	 0.440699011087418 
2448	 0.440927684307098 
2449	 0.440565258264542 
2450	 0.441236525774002 
2451	 0.440956383943558 
2452	 0.439099460840225 
2453	 0.437749803066254 
2454	 0.438012808561325 
2455	 0.437905341386795 
2456	 0.438031882047653 
2457	 0.439921110868454 
2458	 0.439173251390457 
2459	 0.435635596513748 
2460	 0.434568464756012 
2461	 0.434336692094803 
2462	 0.434150278568268 
2463	 0.435659915208817 
2464	 0.435070484876633 
2465	 0.432178467512131 
2466	 0.431077599525452 
2467	 0.429043769836426 
2468	 0.429715812206268 
2469	 0.434822529554367 
2470	 0.435469925403595 
2471	 0.434754371643066 
2472	 0.436188101768494 
2473	 0.435301959514618 
2474	 0.434648603200912 
2475	 0.436944633722305 
2476	 0.436830520629883 
2477	 0.434288859367371 
2478	 0.432714879512787 
2479	 0.432450950145721 
2480	 0.434150248765945 
2481	 0.436410367488861 
2482	 0.440456986427307 
2483	 0.442527651786804 
2484	 0.439661592245102 
2485	 0.437712341547012 
2486	 0.439047336578369 
2487	 0.436984032392502 
2488	 0.431849539279938 
2489	 0.428855866193771 
2490	 0.425077497959137 
2491	 0.425207108259201 
2492	 0.432241171598434 
2493	 0.435160756111145 
2494	 0.438075125217438 
2495	 0.439018756151199 
2496	 0.434358477592468 
2497	 0.433575809001923 
2498	 0.428844451904297 
2499	 0.423101246356964 
2500	 0.424295991659164 
