350	 0.117741644382477 
351	 0.114230766892433 
352	 0.120049230754375 
353	 0.124109715223312 
354	 0.119758158922195 
355	 0.119512654840946 
356	 0.120727956295013 
357	 0.121696695685387 
358	 0.121370241045952 
359	 0.120238661766052 
360	 0.121731787919998 
361	 0.124873071908951 
362	 0.125275805592537 
363	 0.123601756989956 
364	 0.12309542298317 
365	 0.124229669570923 
366	 0.121669009327888 
367	 0.124450534582138 
368	 0.127153620123863 
369	 0.124198243021965 
370	 0.126079425215721 
371	 0.125949531793594 
372	 0.124123387038708 
373	 0.125109255313873 
374	 0.124653644859791 
375	 0.124691143631935 
376	 0.125768437981606 
377	 0.125570520758629 
378	 0.126036629080772 
379	 0.127012997865677 
380	 0.127786442637444 
381	 0.127517104148865 
382	 0.127742245793343 
383	 0.128031685948372 
384	 0.127223804593086 
385	 0.126337751746178 
386	 0.127090379595757 
387	 0.128681510686874 
388	 0.127628579735756 
389	 0.127477705478668 
390	 0.127656027674675 
391	 0.127373427152634 
392	 0.127554193139076 
393	 0.127706706523895 
394	 0.127670869231224 
395	 0.127611637115479 
396	 0.12881700694561 
397	 0.129518508911133 
398	 0.12898650765419 
399	 0.127779081463814 
400	 0.12698931992054 
401	 0.127071991562843 
402	 0.127808853983879 
403	 0.127849668264389 
404	 0.128415003418922 
405	 0.128695413470268 
406	 0.127727925777435 
407	 0.12810942530632 
408	 0.12906776368618 
409	 0.129536405205727 
410	 0.128544420003891 
411	 0.128144592046738 
412	 0.129031404852867 
413	 0.130544304847717 
414	 0.129576861858368 
415	 0.129043564200401 
416	 0.129196539521217 
417	 0.129356160759926 
418	 0.129984200000763 
419	 0.13023629784584 
420	 0.130126059055328 
421	 0.130529597401619 
422	 0.130624517798424 
423	 0.130651488900185 
424	 0.130873411893845 
425	 0.131117403507233 
426	 0.131557211279869 
427	 0.131935358047485 
428	 0.131980031728745 
429	 0.132550165057182 
430	 0.132858261466026 
431	 0.132727757096291 
432	 0.132755368947983 
433	 0.132787868380547 
434	 0.13302718102932 
435	 0.133549720048904 
436	 0.133928790688515 
437	 0.134322106838226 
438	 0.134690552949905 
439	 0.13497568666935 
440	 0.135804727673531 
441	 0.136226654052734 
442	 0.136136040091515 
443	 0.136742979288101 
444	 0.137090072035789 
445	 0.137155592441559 
446	 0.137211710214615 
447	 0.137745425105095 
448	 0.137828305363655 
449	 0.137420266866684 
450	 0.137124761939049 
451	 0.137140080332756 
452	 0.137034967541695 
453	 0.136671796441078 
454	 0.136640027165413 
455	 0.136576697230339 
456	 0.136479586362839 
457	 0.136438190937042 
458	 0.136414125561714 
459	 0.136374726891518 
460	 0.136354640126228 
461	 0.136453092098236 
462	 0.13660754263401 
463	 0.136646866798401 
464	 0.136535048484802 
465	 0.13662126660347 
466	 0.136590749025345 
467	 0.136397570371628 
468	 0.136184617877007 
469	 0.136458739638329 
470	 0.136694714426994 
471	 0.136644527316093 
472	 0.136538699269295 
473	 0.136603742837906 
474	 0.136742115020752 
475	 0.136813297867775 
476	 0.136870324611664 
477	 0.13697324693203 
478	 0.137059912085533 
479	 0.137023434042931 
480	 0.137240350246429 
481	 0.137413829565048 
482	 0.137366428971291 
483	 0.137287706136703 
484	 0.137453004717827 
485	 0.137681439518929 
486	 0.137700110673904 
487	 0.137650102376938 
488	 0.137633875012398 
489	 0.137681156396866 
490	 0.137744799256325 
491	 0.137869521975517 
492	 0.138000294566154 
493	 0.138101905584335 
494	 0.138282805681229 
495	 0.138329014182091 
496	 0.138287886977196 
497	 0.138321399688721 
498	 0.138310790061951 
499	 0.138375118374825 
500	 0.138579368591309 
501	 0.138899654150009 
502	 0.138740479946136 
503	 0.138563051819801 
504	 0.138901144266129 
505	 0.139189094305038 
506	 0.139260411262512 
507	 0.139168009161949 
508	 0.139134958386421 
509	 0.13917201757431 
510	 0.139297246932983 
511	 0.139480277895927 
512	 0.139600411057472 
513	 0.139464929699898 
514	 0.139320015907288 
515	 0.139535948634148 
516	 0.139832049608231 
517	 0.139984130859375 
518	 0.139953762292862 
519	 0.139925017952919 
520	 0.13991741836071 
521	 0.140058949589729 
522	 0.140345573425293 
523	 0.140219166874886 
524	 0.140204966068268 
525	 0.140373691916466 
526	 0.14044226706028 
527	 0.14055460691452 
528	 0.140781953930855 
529	 0.141057223081589 
530	 0.140995159745216 
531	 0.141093477606773 
532	 0.141323998570442 
533	 0.141476586461067 
534	 0.141708880662918 
535	 0.14188352227211 
536	 0.141970321536064 
537	 0.142095535993576 
538	 0.142308309674263 
539	 0.142512053251266 
540	 0.142612650990486 
541	 0.142656803131104 
542	 0.142874643206596 
543	 0.143189966678619 
544	 0.143311455845833 
545	 0.143453270196915 
546	 0.143694758415222 
547	 0.144005835056305 
548	 0.144140049815178 
549	 0.144375756382942 
550	 0.144696623086929 
551	 0.144973129034042 
552	 0.14521811902523 
553	 0.14548733830452 
554	 0.145750239491463 
555	 0.145860180258751 
556	 0.146083295345306 
557	 0.146404340863228 
558	 0.146728321909904 
559	 0.146955192089081 
560	 0.147248521447182 
561	 0.147665485739708 
562	 0.148175612092018 
563	 0.14872182905674 
564	 0.149324178695679 
565	 0.149989396333694 
566	 0.150652930140495 
567	 0.151398703455925 
568	 0.152153789997101 
569	 0.152802094817162 
570	 0.153465911746025 
571	 0.153995767235756 
572	 0.154362037777901 
573	 0.154725521802902 
574	 0.155195415019989 
575	 0.155683219432831 
576	 0.156111553311348 
577	 0.156686812639236 
578	 0.157362014055252 
579	 0.158121675252914 
580	 0.158966958522797 
581	 0.159821406006813 
582	 0.160682559013367 
583	 0.161543697118759 
584	 0.162352323532104 
585	 0.163197830319405 
586	 0.164082482457161 
587	 0.164954677224159 
588	 0.165683895349503 
589	 0.166308477520943 
590	 0.166848734021187 
591	 0.167275756597519 
592	 0.167947635054588 
593	 0.168840542435646 
594	 0.169809520244598 
595	 0.170745104551315 
596	 0.171544849872589 
597	 0.172141790390015 
598	 0.172514289617538 
599	 0.172858595848083 
600	 0.173217386007309 
601	 0.173645675182343 
602	 0.174261644482613 
603	 0.175205886363983 
604	 0.176320597529411 
605	 0.177325993776321 
606	 0.178230777382851 
607	 0.178896889090538 
608	 0.179302930831909 
609	 0.179598703980446 
610	 0.179876536130905 
611	 0.180045858025551 
612	 0.180051326751709 
613	 0.18017016351223 
614	 0.180375814437866 
615	 0.180600270628929 
616	 0.180751085281372 
617	 0.180735945701599 
618	 0.180672138929367 
619	 0.180657431483269 
620	 0.180680215358734 
621	 0.180667385458946 
622	 0.180676177144051 
623	 0.180804505944252 
624	 0.180999487638474 
625	 0.181133344769478 
626	 0.181206062436104 
627	 0.181367143988609 
628	 0.181551054120064 
629	 0.181780830025673 
630	 0.182051286101341 
631	 0.18220791220665 
632	 0.182348430156708 
633	 0.182518884539604 
634	 0.182721018791199 
635	 0.182900130748749 
636	 0.183002486824989 
637	 0.183077871799469 
638	 0.183376550674438 
639	 0.183605909347534 
640	 0.183775842189789 
641	 0.183975636959076 
642	 0.184077844023705 
643	 0.184229776263237 
644	 0.184482485055923 
645	 0.184764608740807 
646	 0.184908777475357 
647	 0.185096815228462 
648	 0.185448318719864 
649	 0.185691371560097 
650	 0.185932725667953 
651	 0.186203107237816 
652	 0.186483576893806 
653	 0.186711356043816 
654	 0.186978250741959 
655	 0.187316000461578 
656	 0.187660530209541 
657	 0.187959045171738 
658	 0.188247010111809 
659	 0.188578173518181 
660	 0.188963353633881 
661	 0.189310222864151 
662	 0.189614027738571 
663	 0.189942210912704 
664	 0.190329596400261 
665	 0.19078865647316 
666	 0.19129079580307 
667	 0.191743433475494 
668	 0.192263439297676 
669	 0.192748636007309 
670	 0.193084076046944 
671	 0.193566635251045 
672	 0.194116055965424 
673	 0.194630891084671 
674	 0.195029467344284 
675	 0.195563897490501 
676	 0.196234703063965 
677	 0.196946337819099 
678	 0.197479709982872 
679	 0.198067724704742 
680	 0.198720917105675 
681	 0.19934456050396 
682	 0.200041919946671 
683	 0.20074275135994 
684	 0.201421245932579 
685	 0.202140852808952 
686	 0.202851176261902 
687	 0.203588590025902 
688	 0.204387575387955 
689	 0.205249235033989 
690	 0.206036373972893 
691	 0.206792756915092 
692	 0.207658126950264 
693	 0.208479657769203 
694	 0.209324508905411 
695	 0.210210010409355 
696	 0.211035832762718 
697	 0.211910396814346 
698	 0.21282272040844 
699	 0.213722571730614 
700	 0.21458737552166 
701	 0.215524017810822 
702	 0.216486021876335 
703	 0.217319801449776 
704	 0.218287289142609 
705	 0.219257071614265 
706	 0.220127299427986 
707	 0.22096349298954 
708	 0.221893042325974 
709	 0.222868323326111 
710	 0.223789632320404 
711	 0.224700838327408 
712	 0.225643441081047 
713	 0.226594403386116 
714	 0.227472931146622 
715	 0.228301823139191 
716	 0.229187473654747 
717	 0.230149999260902 
718	 0.23101818561554 
719	 0.231846392154694 
720	 0.232686817646027 
721	 0.233577042818069 
722	 0.234469667077065 
723	 0.235294833779335 
724	 0.23610545694828 
725	 0.237044543027878 
726	 0.237866133451462 
727	 0.238655358552933 
728	 0.239490061998367 
729	 0.240299418568611 
730	 0.241139963269234 
731	 0.241917967796326 
732	 0.242556512355804 
733	 0.243300572037697 
734	 0.244076922535896 
735	 0.244820892810822 
736	 0.245501592755318 
737	 0.246210590004921 
738	 0.24698568880558 
739	 0.247778981924057 
740	 0.248395994305611 
741	 0.249000802636147 
742	 0.249658107757568 
743	 0.250368744134903 
744	 0.250979959964752 
745	 0.251604795455933 
746	 0.252252340316772 
747	 0.252851963043213 
748	 0.253384441137314 
749	 0.253999263048172 
750	 0.254704266786575 
751	 0.255232006311417 
752	 0.255704164505005 
753	 0.256173968315125 
754	 0.256675750017166 
755	 0.257230341434479 
756	 0.257752597332001 
757	 0.258282363414764 
758	 0.25890839099884 
759	 0.259403645992279 
760	 0.259804248809814 
761	 0.26018214225769 
762	 0.26060876250267 
763	 0.261082619428635 
764	 0.261545926332474 
765	 0.261976629495621 
766	 0.262492686510086 
767	 0.262942373752594 
768	 0.263336360454559 
769	 0.263729423284531 
770	 0.263994961977005 
771	 0.264277637004852 
772	 0.264637410640717 
773	 0.265026211738586 
774	 0.265466928482056 
775	 0.265819102525711 
776	 0.26607409119606 
777	 0.266513526439667 
778	 0.266886383295059 
779	 0.267187267541885 
780	 0.267483919858933 
781	 0.267805397510529 
782	 0.268141746520996 
783	 0.268480181694031 
784	 0.268810778856277 
785	 0.269172430038452 
786	 0.269377142190933 
787	 0.269469529390335 
788	 0.269766300916672 
789	 0.27005410194397 
790	 0.270291656255722 
791	 0.270504921674728 
792	 0.270801186561584 
793	 0.271097362041473 
794	 0.271366566419601 
795	 0.271599948406219 
796	 0.271789819002151 
797	 0.271933019161224 
798	 0.272095143795013 
799	 0.272360324859619 
800	 0.272653371095657 
801	 0.272924482822418 
802	 0.273138523101807 
803	 0.273277550935745 
804	 0.273543119430542 
805	 0.27380496263504 
806	 0.27395161986351 
807	 0.27406245470047 
808	 0.274200111627579 
809	 0.274376899003983 
810	 0.274564653635025 
811	 0.274659484624863 
812	 0.274802893400192 
813	 0.275000602006912 
814	 0.275168001651764 
815	 0.275281012058258 
816	 0.27539911866188 
817	 0.275545060634613 
818	 0.275696992874146 
819	 0.275936931371689 
820	 0.276160180568695 
821	 0.27629280090332 
822	 0.27639451622963 
823	 0.276500642299652 
824	 0.276614040136337 
825	 0.276715487241745 
826	 0.276747703552246 
827	 0.276855885982513 
828	 0.277001053094864 
829	 0.277096271514893 
830	 0.277220845222473 
831	 0.277372360229492 
832	 0.277514576911926 
833	 0.277601480484009 
834	 0.277742892503738 
835	 0.27787846326828 
836	 0.278009444475174 
837	 0.278223812580109 
838	 0.278330266475677 
839	 0.27840319275856 
840	 0.278508424758911 
841	 0.278602749109268 
842	 0.278714567422867 
843	 0.278813362121582 
844	 0.278877347707748 
845	 0.278948366641998 
846	 0.279111564159393 
847	 0.279309064149857 
848	 0.279437392950058 
849	 0.279500603675842 
850	 0.279557704925537 
851	 0.279631912708282 
852	 0.279731303453445 
853	 0.27993306517601 
854	 0.280122876167297 
855	 0.280264317989349 
856	 0.280395239591599 
857	 0.280449450016022 
858	 0.280457824468613 
859	 0.280519783496857 
860	 0.280761390924454 
861	 0.280922383069992 
862	 0.281001389026642 
863	 0.281073957681656 
864	 0.281273394823074 
865	 0.281413555145264 
866	 0.281509578227997 
867	 0.281618922948837 
868	 0.281765252351761 
869	 0.281876385211945 
870	 0.281947314739227 
871	 0.282026886940002 
872	 0.282186061143875 
873	 0.282379388809204 
874	 0.282519400119781 
875	 0.282566279172897 
876	 0.282664746046066 
877	 0.282772809267044 
878	 0.282930552959442 
879	 0.283162623643875 
880	 0.283226251602173 
881	 0.283343523740768 
882	 0.283473193645477 
883	 0.28347259759903 
884	 0.283568859100342 
885	 0.283698886632919 
886	 0.283829718828201 
887	 0.283956795930862 
888	 0.284152060747147 
889	 0.284289866685867 
890	 0.284340649843216 
891	 0.284390658140183 
892	 0.284488409757614 
893	 0.284706383943558 
894	 0.284926235675812 
895	 0.284895300865173 
896	 0.285088717937469 
897	 0.285231709480286 
898	 0.28526645898819 
899	 0.285549491643906 
900	 0.285656452178955 
901	 0.285677134990692 
902	 0.285772651433945 
903	 0.286031901836395 
904	 0.286179453134537 
905	 0.286186218261719 
906	 0.286213934421539 
907	 0.286655783653259 
908	 0.28685599565506 
909	 0.286896973848343 
910	 0.286996424198151 
911	 0.287268817424774 
912	 0.287573575973511 
913	 0.287699788808823 
914	 0.287652283906937 
915	 0.287882179021835 
916	 0.288062065839767 
917	 0.288155645132065 
918	 0.288250744342804 
919	 0.288518369197845 
920	 0.288741677999496 
921	 0.288891345262527 
922	 0.289028167724609 
923	 0.289266973733902 
924	 0.289371520280838 
925	 0.289508670568466 
926	 0.289835184812546 
927	 0.290250808000565 
928	 0.290486544370651 
929	 0.290504187345505 
930	 0.290477454662323 
931	 0.290808975696564 
932	 0.291006296873093 
933	 0.291105300188065 
934	 0.291205197572708 
935	 0.291277199983597 
936	 0.291425079107285 
937	 0.291583061218262 
938	 0.291759312152863 
939	 0.292132169008255 
940	 0.292233318090439 
941	 0.292338490486145 
942	 0.292549312114716 
943	 0.292456388473511 
944	 0.292801469564438 
945	 0.293121159076691 
946	 0.293119966983795 
947	 0.293133735656738 
948	 0.293365389108658 
949	 0.29362964630127 
950	 0.293744772672653 
951	 0.293705701828003 
952	 0.293764054775238 
953	 0.293907761573792 
954	 0.294158518314362 
955	 0.294533640146255 
956	 0.29451322555542 
957	 0.294682532548904 
958	 0.294998437166214 
959	 0.294850647449493 
960	 0.294889628887177 
961	 0.29512545466423 
962	 0.295302629470825 
963	 0.295175999403 
964	 0.295372158288956 
965	 0.295764625072479 
966	 0.295988380908966 
967	 0.295797526836395 
968	 0.295862793922424 
969	 0.296240836381912 
970	 0.296660184860229 
971	 0.296846300363541 
972	 0.297034323215485 
973	 0.297382742166519 
974	 0.297464907169342 
975	 0.297148674726486 
976	 0.297468394041061 
977	 0.297884494066238 
978	 0.297993570566177 
979	 0.297809898853302 
980	 0.297988563776016 
981	 0.297921657562256 
982	 0.298169523477554 
983	 0.298672556877136 
984	 0.29847240447998 
985	 0.298439621925354 
986	 0.29861769080162 
987	 0.298816025257111 
988	 0.29887443780899 
989	 0.299480706453323 
990	 0.299616098403931 
991	 0.299260914325714 
992	 0.299038112163544 
993	 0.299025028944016 
994	 0.299222320318222 
995	 0.299607813358307 
996	 0.300041407346725 
997	 0.300150096416473 
998	 0.299939185380936 
999	 0.299674957990646 
1000	 0.299592912197113 
1001	 0.299779921770096 
1002	 0.299874663352966 
1003	 0.299827575683594 
1004	 0.299966186285019 
1005	 0.299950242042542 
1006	 0.300023078918457 
1007	 0.300306767225266 
1008	 0.300453096628189 
1009	 0.300491064786911 
1010	 0.30057281255722 
1011	 0.300749182701111 
1012	 0.300677895545959 
1013	 0.300317257642746 
1014	 0.300295412540436 
1015	 0.300168871879578 
1016	 0.3002650141716 
1017	 0.300787031650543 
1018	 0.301045656204224 
1019	 0.301145255565643 
1020	 0.301083326339722 
1021	 0.301164269447327 
1022	 0.301150381565094 
1023	 0.301121145486832 
1024	 0.301245033740997 
1025	 0.301235347986221 
1026	 0.300914824008942 
1027	 0.300898849964142 
1028	 0.301082879304886 
1029	 0.301164299249649 
1030	 0.301371604204178 
1031	 0.301443308591843 
1032	 0.301337510347366 
1033	 0.301430583000183 
1034	 0.301525801420212 
1035	 0.301756292581558 
1036	 0.30180150270462 
1037	 0.301753699779511 
1038	 0.301731586456299 
1039	 0.301567405462265 
1040	 0.3015416264534 
1041	 0.301669061183929 
1042	 0.301730394363403 
1043	 0.301788210868835 
1044	 0.301842361688614 
1045	 0.301826179027557 
1046	 0.301949262619019 
1047	 0.301994323730469 
1048	 0.302051514387131 
1049	 0.302025228738785 
1050	 0.30192232131958 
1051	 0.301915198564529 
1052	 0.30192032456398 
1053	 0.301881700754166 
1054	 0.301757574081421 
1055	 0.301850289106369 
1056	 0.302104562520981 
1057	 0.302235901355743 
1058	 0.302673310041428 
1059	 0.302673816680908 
1060	 0.302392542362213 
1061	 0.302229791879654 
1062	 0.302146703004837 
1063	 0.302071064710617 
1064	 0.302046805620193 
1065	 0.302058726549149 
1066	 0.302151054143906 
1067	 0.302329063415527 
1068	 0.302385538816452 
1069	 0.302527099847794 
1070	 0.302605479955673 
1071	 0.302569001913071 
1072	 0.302570819854736 
1073	 0.30266347527504 
1074	 0.302615493535995 
1075	 0.30255064368248 
1076	 0.302278310060501 
1077	 0.302089959383011 
1078	 0.301802515983582 
1079	 0.301678270101547 
1080	 0.301633715629578 
1081	 0.301536798477173 
1082	 0.301451504230499 
1083	 0.301441639661789 
1084	 0.301453411579132 
1085	 0.301440238952637 
1086	 0.301639556884766 
1087	 0.301570862531662 
1088	 0.301189243793488 
1089	 0.301008939743042 
1090	 0.300842702388763 
1091	 0.300556838512421 
1092	 0.300459623336792 
1093	 0.300574511289597 
1094	 0.300500452518463 
1095	 0.300399512052536 
1096	 0.300300776958466 
1097	 0.300124943256378 
1098	 0.300035923719406 
1099	 0.300033956766129 
1100	 0.299944877624512 
1101	 0.299823492765427 
1102	 0.299761027097702 
1103	 0.299658209085464 
1104	 0.29961234331131 
1105	 0.299719423055649 
1106	 0.29971507191658 
1107	 0.299681425094604 
1108	 0.299551397562027 
1109	 0.299610882997513 
1110	 0.299747973680496 
1111	 0.299747735261917 
1112	 0.299831598997116 
1113	 0.299784153699875 
1114	 0.299421817064285 
1115	 0.29939416050911 
1116	 0.299605846405029 
1117	 0.299626678228378 
1118	 0.299680531024933 
1119	 0.299712359905243 
1120	 0.299568593502045 
1121	 0.299534410238266 
1122	 0.299556136131287 
1123	 0.299649983644485 
1124	 0.299701482057571 
1125	 0.29976823925972 
1126	 0.299830228090286 
1127	 0.299913853406906 
1128	 0.299953997135162 
1129	 0.299973547458649 
1130	 0.299992620944977 
1131	 0.300001382827759 
1132	 0.300008594989777 
1133	 0.299987494945526 
1134	 0.300015151500702 
1135	 0.300073534250259 
1136	 0.30010524392128 
1137	 0.3001968562603 
1138	 0.300233334302902 
1139	 0.300254255533218 
1140	 0.300193518400192 
1141	 0.300158590078354 
1142	 0.300084948539734 
1143	 0.300077646970749 
1144	 0.300104260444641 
1145	 0.300067454576492 
1146	 0.300066739320755 
1147	 0.299978166818619 
1148	 0.299744427204132 
1149	 0.299653470516205 
1150	 0.299667537212372 
1151	 0.299553662538528 
1152	 0.299430876970291 
1153	 0.299293667078018 
1154	 0.298979640007019 
1155	 0.298802673816681 
1156	 0.2986800968647 
1157	 0.298696935176849 
1158	 0.298645079135895 
1159	 0.298512727022171 
1160	 0.298418521881104 
1161	 0.298306047916412 
1162	 0.298158705234528 
1163	 0.298004895448685 
1164	 0.297865211963654 
1165	 0.297624289989471 
1166	 0.297481656074524 
1167	 0.297468155622482 
1168	 0.297345340251923 
1169	 0.297134965658188 
1170	 0.297027289867401 
1171	 0.297019094228745 
1172	 0.296869337558746 
1173	 0.296648770570755 
1174	 0.296516597270966 
1175	 0.296407759189606 
1176	 0.29615044593811 
1177	 0.296038269996643 
1178	 0.296128123998642 
1179	 0.296054422855377 
1180	 0.295890390872955 
1181	 0.295770615339279 
1182	 0.295643389225006 
1183	 0.295524388551712 
1184	 0.29537233710289 
1185	 0.295287698507309 
1186	 0.295255780220032 
1187	 0.295188277959824 
1188	 0.295184731483459 
1189	 0.295136004686356 
1190	 0.295045256614685 
1191	 0.294955104589462 
1192	 0.294900476932526 
1193	 0.294794023036957 
1194	 0.29469221830368 
1195	 0.294677227735519 
1196	 0.294580370187759 
1197	 0.294465988874435 
1198	 0.294331640005112 
1199	 0.294114232063293 
1200	 0.294009685516357 
1201	 0.293979316949844 
1202	 0.293910622596741 
1203	 0.293859928846359 
1204	 0.293803632259369 
1205	 0.293745785951614 
1206	 0.293667495250702 
1207	 0.293602019548416 
1208	 0.293542116880417 
1209	 0.293494462966919 
1210	 0.293359369039536 
1211	 0.293176472187042 
1212	 0.293078243732452 
1213	 0.293041199445724 
1214	 0.292942136526108 
1215	 0.292873978614807 
1216	 0.292902171611786 
1217	 0.292850583791733 
1218	 0.292685627937317 
1219	 0.292674481868744 
1220	 0.292778730392456 
1221	 0.292752414941788 
1222	 0.292775303125381 
1223	 0.292703539133072 
1224	 0.292406588792801 
1225	 0.292307376861572 
1226	 0.292349398136139 
1227	 0.292303383350372 
1228	 0.292310506105423 
1229	 0.292212694883347 
1230	 0.29206982254982 
1231	 0.291967809200287 
1232	 0.291896611452103 
1233	 0.291829973459244 
1234	 0.291748493909836 
1235	 0.291660010814667 
1236	 0.291522979736328 
1237	 0.291475057601929 
1238	 0.291462421417236 
1239	 0.291549861431122 
1240	 0.291464418172836 
1241	 0.291283220052719 
1242	 0.291284024715424 
1243	 0.291307657957077 
1244	 0.291306585073471 
1245	 0.291448622941971 
1246	 0.291488796472549 
1247	 0.291434794664383 
1248	 0.291342258453369 
1249	 0.291289001703262 
1250	 0.291295617818832 
1251	 0.291252195835114 
1252	 0.29128235578537 
1253	 0.291397333145142 
1254	 0.291453987360001 
1255	 0.291440457105637 
1256	 0.291268736124039 
1257	 0.291055262088776 
1258	 0.291042417287827 
1259	 0.290989428758621 
1260	 0.290964841842651 
1261	 0.290966361761093 
1262	 0.291045606136322 
1263	 0.290983825922012 
1264	 0.290918499231339 
1265	 0.290864706039429 
1266	 0.2906693816185 
1267	 0.290591955184937 
1268	 0.29061233997345 
1269	 0.290584802627563 
1270	 0.290547668933868 
1271	 0.290466040372849 
1272	 0.290409445762634 
1273	 0.290416151285172 
1274	 0.290365278720856 
1275	 0.290295094251633 
1276	 0.290210068225861 
1277	 0.29005429148674 
1278	 0.28999274969101 
1279	 0.290056556463242 
1280	 0.290032625198364 
1281	 0.289883702993393 
1282	 0.289768636226654 
1283	 0.289559006690979 
1284	 0.289464026689529 
1285	 0.28944393992424 
1286	 0.289380729198456 
1287	 0.289315938949585 
1288	 0.289278119802475 
1289	 0.289230555295944 
1290	 0.289185166358948 
1291	 0.289067029953003 
1292	 0.28892594575882 
1293	 0.288848698139191 
1294	 0.288709074258804 
1295	 0.288653701543808 
1296	 0.28875720500946 
1297	 0.288743525743485 
1298	 0.288633823394775 
1299	 0.288574397563934 
1300	 0.288469582796097 
1301	 0.288234263658524 
1302	 0.288048326969147 
1303	 0.287932336330414 
1304	 0.28770050406456 
1305	 0.287510395050049 
1306	 0.287388473749161 
1307	 0.287193089723587 
1308	 0.2869613468647 
1309	 0.286752879619598 
1310	 0.286451369524002 
1311	 0.286227971315384 
1312	 0.286087930202484 
1313	 0.285872727632523 
1314	 0.285625904798508 
1315	 0.285466432571411 
1316	 0.28518533706665 
1317	 0.284976929426193 
1318	 0.284808546304703 
1319	 0.28455176949501 
1320	 0.284392148256302 
1321	 0.284175395965576 
1322	 0.283853501081467 
1323	 0.283636838197708 
1324	 0.283443123102188 
1325	 0.283221185207367 
1326	 0.283121556043625 
1327	 0.283045053482056 
1328	 0.28287410736084 
1329	 0.282706826925278 
1330	 0.282592982053757 
1331	 0.282503068447113 
1332	 0.282414793968201 
1333	 0.282379418611526 
1334	 0.282364070415497 
1335	 0.282371014356613 
1336	 0.282306998968124 
1337	 0.282193094491959 
1338	 0.282180666923523 
1339	 0.282158493995667 
1340	 0.282190769910812 
1341	 0.282206684350967 
1342	 0.282196074724197 
1343	 0.282154679298401 
1344	 0.28209662437439 
1345	 0.282035946846008 
1346	 0.282038271427155 
1347	 0.282068133354187 
1348	 0.282036304473877 
1349	 0.281997621059418 
1350	 0.281962811946869 
1351	 0.281868606805801 
1352	 0.281721860170364 
1353	 0.28161957859993 
1354	 0.281586647033691 
1355	 0.281542390584946 
1356	 0.281482458114624 
1357	 0.281438201665878 
1358	 0.281402468681335 
1359	 0.281414747238159 
1360	 0.281491756439209 
1361	 0.281514823436737 
1362	 0.281560242176056 
1363	 0.281562894582748 
1364	 0.281479775905609 
1365	 0.281461030244827 
1366	 0.281479477882385 
1367	 0.281489759683609 
1368	 0.281388908624649 
1369	 0.281163960695267 
1370	 0.280852109193802 
1371	 0.280493915081024 
1372	 0.280132472515106 
1373	 0.279850900173187 
1374	 0.279539614915848 
1375	 0.279109001159668 
1376	 0.278647571802139 
1377	 0.278192579746246 
1378	 0.277667611837387 
1379	 0.277075499296188 
1380	 0.276493400335312 
1381	 0.275840789079666 
1382	 0.275121301412582 
1383	 0.274463832378387 
1384	 0.273803144693375 
1385	 0.27308714389801 
1386	 0.272354781627655 
1387	 0.271632075309753 
1388	 0.270928889513016 
1389	 0.270185559988022 
1390	 0.269529223442078 
1391	 0.268895357847214 
1392	 0.268369764089584 
1393	 0.267949521541595 
1394	 0.267559587955475 
1395	 0.267242461442947 
1396	 0.266944617033005 
1397	 0.26670840382576 
1398	 0.266499698162079 
1399	 0.266392558813095 
1400	 0.266346156597137 
1401	 0.266216188669205 
1402	 0.265987664461136 
1403	 0.265826404094696 
1404	 0.265609979629517 
1405	 0.265204161405563 
1406	 0.264798104763031 
1407	 0.264248162508011 
1408	 0.26360347867012 
1409	 0.263060092926025 
1410	 0.262519925832748 
1411	 0.262082278728485 
1412	 0.261856615543365 
1413	 0.261800169944763 
1414	 0.26197612285614 
1415	 0.262372136116028 
1416	 0.262946903705597 
1417	 0.263752341270447 
1418	 0.264684200286865 
1419	 0.26562175154686 
1420	 0.266554623842239 
1421	 0.267475694417953 
1422	 0.268364042043686 
1423	 0.269107073545456 
1424	 0.26985576748848 
1425	 0.270376414060593 
1426	 0.270653814077377 
1427	 0.270952641963959 
1428	 0.271162539720535 
1429	 0.271307766437531 
1430	 0.271416515111923 
1431	 0.271372646093369 
1432	 0.271265476942062 
1433	 0.271235972642899 
1434	 0.271207869052887 
1435	 0.271077990531921 
1436	 0.270920187234879 
1437	 0.270765900611877 
1438	 0.270602375268936 
1439	 0.270416259765625 
1440	 0.27023720741272 
1441	 0.270146608352661 
1442	 0.269989013671875 
1443	 0.26981246471405 
1444	 0.269856542348862 
1445	 0.269826024770737 
1446	 0.269632279872894 
1447	 0.269615888595581 
1448	 0.269666820764542 
1449	 0.269673258066177 
1450	 0.269798755645752 
1451	 0.269960582256317 
1452	 0.270048826932907 
1453	 0.270055294036865 
1454	 0.270089417695999 
1455	 0.270205676555634 
1456	 0.270301699638367 
1457	 0.270390421152115 
1458	 0.270463913679123 
1459	 0.270510077476501 
1460	 0.270511835813522 
1461	 0.270514041185379 
1462	 0.270575284957886 
1463	 0.2706298828125 
1464	 0.270668089389801 
1465	 0.270725429058075 
1466	 0.270743399858475 
1467	 0.270690649747849 
1468	 0.270721435546875 
1469	 0.270797312259674 
1470	 0.270824283361435 
1471	 0.270839273929596 
1472	 0.270884156227112 
1473	 0.270924180746078 
1474	 0.270929098129272 
1475	 0.270917415618896 
1476	 0.270931661128998 
1477	 0.270901262760162 
1478	 0.270829409360886 
1479	 0.270840138196945 
1480	 0.270824521780014 
1481	 0.27074208855629 
1482	 0.270688325166702 
1483	 0.27067619562149 
1484	 0.270681321620941 
1485	 0.270654022693634 
1486	 0.27062851190567 
1487	 0.270652562379837 
1488	 0.27064448595047 
1489	 0.270600378513336 
1490	 0.270660877227783 
1491	 0.27070289850235 
1492	 0.270707696676254 
1493	 0.270801663398743 
1494	 0.270843654870987 
1495	 0.270941078662872 
1496	 0.271135091781616 
1497	 0.271236211061478 
1498	 0.271369576454163 
1499	 0.271510064601898 
1500	 0.27156987786293 
1501	 0.271700829267502 
1502	 0.271913290023804 
1503	 0.272068738937378 
1504	 0.272160649299622 
1505	 0.272320479154587 
1506	 0.272477924823761 
1507	 0.272507458925247 
1508	 0.272639036178589 
1509	 0.272848814725876 
1510	 0.272880733013153 
1511	 0.272954255342484 
1512	 0.273085057735443 
1513	 0.273017764091492 
1514	 0.2729711830616 
1515	 0.273015916347504 
1516	 0.273005783557892 
1517	 0.273017466068268 
1518	 0.273078173398972 
1519	 0.273076266050339 
1520	 0.273032337427139 
1521	 0.273035824298859 
1522	 0.273047477006912 
1523	 0.273030698299408 
1524	 0.27302685379982 
1525	 0.273014038801193 
1526	 0.272964358329773 
1527	 0.272925823926926 
1528	 0.272903621196747 
1529	 0.272850871086121 
1530	 0.272774398326874 
1531	 0.27273565530777 
1532	 0.2726871073246 
1533	 0.272668778896332 
1534	 0.272647768259048 
1535	 0.272679597139359 
1536	 0.272737175226212 
1537	 0.272922396659851 
1538	 0.27298492193222 
1539	 0.272978097200394 
1540	 0.273000180721283 
1541	 0.27302548289299 
1542	 0.273159891366959 
1543	 0.273349821567535 
1544	 0.273449152708054 
1545	 0.273514479398727 
1546	 0.273603975772858 
1547	 0.273678213357925 
1548	 0.273744732141495 
1549	 0.273809254169464 
1550	 0.273858815431595 
1551	 0.273878931999207 
1552	 0.27397745847702 
1553	 0.274114072322845 
1554	 0.274123549461365 
1555	 0.274152934551239 
1556	 0.274247765541077 
1557	 0.274330765008926 
1558	 0.274427026510239 
1559	 0.274499893188477 
1560	 0.274514436721802 
1561	 0.274511635303497 
1562	 0.274521619081497 
1563	 0.274658769369125 
1564	 0.274835139513016 
1565	 0.274818509817123 
1566	 0.274814248085022 
1567	 0.274827688932419 
1568	 0.274755984544754 
1569	 0.274824529886246 
1570	 0.274965912103653 
1571	 0.2750623524189 
1572	 0.275140225887299 
1573	 0.275242239236832 
1574	 0.275382608175278 
1575	 0.27542781829834 
1576	 0.27547100186348 
1577	 0.275510549545288 
1578	 0.275470048189163 
1579	 0.275521159172058 
1580	 0.275543808937073 
1581	 0.275555372238159 
1582	 0.275612056255341 
1583	 0.275579452514648 
1584	 0.275635451078415 
1585	 0.275714963674545 
1586	 0.27563664317131 
1587	 0.275596171617508 
1588	 0.275556713342667 
1589	 0.275453209877014 
1590	 0.27559894323349 
1591	 0.275804847478867 
1592	 0.275847285985947 
1593	 0.275963753461838 
1594	 0.27598363161087 
1595	 0.275862038135529 
1596	 0.275889009237289 
1597	 0.276006639003754 
1598	 0.276125192642212 
1599	 0.276243090629578 
1600	 0.276282727718353 
1601	 0.276247024536133 
1602	 0.27620005607605 
1603	 0.276173979043961 
1604	 0.276227384805679 
1605	 0.276448607444763 
1606	 0.276645362377167 
1607	 0.276694983243942 
1608	 0.276749312877655 
1609	 0.276708126068115 
1610	 0.276670396327972 
1611	 0.276806384325027 
1612	 0.276865184307098 
1613	 0.276780217885971 
1614	 0.276700526475906 
1615	 0.2766372859478 
1616	 0.27666375041008 
1617	 0.276837438344955 
1618	 0.276921659708023 
1619	 0.276835799217224 
1620	 0.276796996593475 
1621	 0.276801586151123 
1622	 0.276903569698334 
1623	 0.277025490999222 
1624	 0.276954412460327 
1625	 0.276882201433182 
1626	 0.276838481426239 
1627	 0.276827931404114 
1628	 0.276998490095139 
1629	 0.277130663394928 
1630	 0.277098089456558 
1631	 0.277071058750153 
1632	 0.277055829763412 
1633	 0.276992797851563 
1634	 0.277021408081055 
1635	 0.277076184749603 
1636	 0.276998549699783 
1637	 0.276872217655182 
1638	 0.276754081249237 
1639	 0.276715785264969 
1640	 0.276757180690765 
1641	 0.276797354221344 
1642	 0.27678519487381 
1643	 0.276705652475357 
1644	 0.276671081781387 
1645	 0.276673376560211 
1646	 0.276719331741333 
1647	 0.276769161224365 
1648	 0.276698380708694 
1649	 0.276629596948624 
1650	 0.276628762483597 
1651	 0.27655491232872 
1652	 0.276478260755539 
1653	 0.276500135660172 
1654	 0.276501178741455 
1655	 0.276499599218369 
1656	 0.276553303003311 
1657	 0.276566416025162 
1658	 0.276438981294632 
1659	 0.276434600353241 
1660	 0.276577889919281 
1661	 0.27651035785675 
1662	 0.276414752006531 
1663	 0.276390820741653 
1664	 0.276189297437668 
1665	 0.276014864444733 
1666	 0.276025146245956 
1667	 0.27602344751358 
1668	 0.275962263345718 
1669	 0.275909036397934 
1670	 0.275790482759476 
1671	 0.275603502988815 
1672	 0.275527119636536 
1673	 0.275506436824799 
1674	 0.275545239448547 
1675	 0.275570392608643 
1676	 0.275384962558746 
1677	 0.275355935096741 
1678	 0.275411665439606 
1679	 0.275374054908752 
1680	 0.275376319885254 
1681	 0.275355666875839 
1682	 0.275145411491394 
1683	 0.275061309337616 
1684	 0.27516108751297 
1685	 0.275123775005341 
1686	 0.275049686431885 
1687	 0.274975150823593 
1688	 0.274800300598145 
1689	 0.274696230888367 
1690	 0.274655133485794 
1691	 0.27459317445755 
1692	 0.274522811174393 
1693	 0.274485737085342 
1694	 0.274539947509766 
1695	 0.27445724606514 
1696	 0.274326652288437 
1697	 0.274180561304092 
1698	 0.273842334747314 
1699	 0.273700505495071 
1700	 0.27366828918457 
1701	 0.273615092039108 
1702	 0.273709684610367 
1703	 0.27367502450943 
1704	 0.273551613092422 
1705	 0.273471295833588 
1706	 0.273370146751404 
1707	 0.273235470056534 
1708	 0.273043900728226 
1709	 0.272981733083725 
1710	 0.272993445396423 
1711	 0.272922158241272 
1712	 0.272973030805588 
1713	 0.272820502519608 
1714	 0.272430509328842 
1715	 0.272236347198486 
1716	 0.272047996520996 
1717	 0.271915197372437 
1718	 0.271933734416962 
1719	 0.271793335676193 
1720	 0.271591424942017 
1721	 0.271418631076813 
1722	 0.271183162927628 
1723	 0.271019905805588 
1724	 0.270923733711243 
1725	 0.270745694637299 
1726	 0.270552575588226 
1727	 0.27036452293396 
1728	 0.270117998123169 
1729	 0.269962847232819 
1730	 0.269885808229446 
1731	 0.269662171602249 
1732	 0.26946821808815 
1733	 0.269260913133621 
1734	 0.269038021564484 
1735	 0.269012361764908 
1736	 0.268895864486694 
1737	 0.268641740083694 
1738	 0.268539994955063 
1739	 0.268589615821838 
1740	 0.26847568154335 
1741	 0.268338024616241 
1742	 0.268243223428726 
1743	 0.267974644899368 
1744	 0.267842769622803 
1745	 0.267882943153381 
1746	 0.267897367477417 
1747	 0.268005043268204 
1748	 0.267958760261536 
1749	 0.267818599939346 
1750	 0.267728984355927 
1751	 0.267526686191559 
1752	 0.267421185970306 
1753	 0.267427951097488 
1754	 0.26740100979805 
1755	 0.267384916543961 
1756	 0.267336040735245 
1757	 0.267291098833084 
1758	 0.267225623130798 
1759	 0.267096519470215 
1760	 0.267025291919708 
1761	 0.26702356338501 
1762	 0.266918390989304 
1763	 0.266737103462219 
1764	 0.266684114933014 
1765	 0.266641765832901 
1766	 0.266567379236221 
1767	 0.266559988260269 
1768	 0.266544848680496 
1769	 0.266452759504318 
1770	 0.2664515376091 
1771	 0.266587764024735 
1772	 0.26656249165535 
1773	 0.266459167003632 
1774	 0.266408354043961 
1775	 0.266314774751663 
1776	 0.266217052936554 
1777	 0.266165763139725 
1778	 0.266064375638962 
1779	 0.266058504581451 
1780	 0.266296803951263 
1781	 0.266293793916702 
1782	 0.26609742641449 
1783	 0.266036242246628 
1784	 0.265882194042206 
1785	 0.265783846378326 
1786	 0.26588186621666 
1787	 0.265906035900116 
1788	 0.265857934951782 
1789	 0.265830338001251 
1790	 0.265806555747986 
1791	 0.265785545110703 
1792	 0.265727609395981 
1793	 0.265696436166763 
1794	 0.26570999622345 
1795	 0.265743404626846 
1796	 0.26584866642952 
1797	 0.265794068574905 
1798	 0.265637993812561 
1799	 0.265554487705231 
1800	 0.265344232320786 
1801	 0.265271097421646 
1802	 0.265376150608063 
1803	 0.265374302864075 
1804	 0.265352636575699 
1805	 0.26541343331337 
1806	 0.265382885932922 
1807	 0.265328764915466 
1808	 0.265244036912918 
1809	 0.265285640954971 
1810	 0.265367716550827 
1811	 0.265440851449966 
1812	 0.265536099672318 
1813	 0.265368610620499 
1814	 0.265133321285248 
1815	 0.265243619680405 
1816	 0.265311121940613 
1817	 0.265493005514145 
1818	 0.265542060136795 
1819	 0.265400409698486 
1820	 0.26527401804924 
1821	 0.264975070953369 
1822	 0.264940410852432 
1823	 0.265062421560287 
1824	 0.265080064535141 
1825	 0.265319049358368 
1826	 0.265374302864075 
1827	 0.265129238367081 
1828	 0.2651247382164 
1829	 0.265191614627838 
1830	 0.265310019254684 
1831	 0.265288829803467 
1832	 0.265243262052536 
1833	 0.26522508263588 
1834	 0.265179634094238 
1835	 0.265193104743958 
1836	 0.26506981253624 
1837	 0.264787912368774 
1838	 0.264670461416245 
1839	 0.264765620231628 
1840	 0.264828324317932 
1841	 0.264973402023315 
1842	 0.265073388814926 
1843	 0.264978498220444 
1844	 0.264463126659393 
1845	 0.264301806688309 
1846	 0.264265090227127 
1847	 0.264158666133881 
1848	 0.264020800590515 
1849	 0.264079242944717 
1850	 0.264120250940323 
1851	 0.264085918664932 
1852	 0.264058291912079 
1853	 0.263906598091125 
1854	 0.263767302036285 
1855	 0.263566941022873 
1856	 0.26330241560936 
1857	 0.262975454330444 
1858	 0.262749284505844 
1859	 0.262440979480743 
1860	 0.26195552945137 
1861	 0.261869728565216 
1862	 0.261797934770584 
1863	 0.261494666337967 
1864	 0.261072397232056 
1865	 0.260715186595917 
1866	 0.260299116373062 
1867	 0.259690821170807 
1868	 0.259294629096985 
1869	 0.258829832077026 
1870	 0.258253514766693 
1871	 0.257796555757523 
1872	 0.257254779338837 
1873	 0.256832242012024 
1874	 0.256375312805176 
1875	 0.25589507818222 
1876	 0.255406141281128 
1877	 0.255049616098404 
1878	 0.254403382539749 
1879	 0.253616780042648 
1880	 0.25299671292305 
1881	 0.252143770456314 
1882	 0.251320660114288 
1883	 0.250652641057968 
1884	 0.250045031309128 
1885	 0.249406710267067 
1886	 0.248863473534584 
1887	 0.248134478926659 
1888	 0.247315675020218 
1889	 0.246339052915573 
1890	 0.245184645056725 
1891	 0.244264394044876 
1892	 0.243536740541458 
1893	 0.242866739630699 
1894	 0.242022886872292 
1895	 0.240904197096825 
1896	 0.239951178431511 
1897	 0.238903373479843 
1898	 0.237974911928177 
1899	 0.237096518278122 
1900	 0.236223474144936 
1901	 0.235356673598289 
1902	 0.234191834926605 
1903	 0.232925862073898 
1904	 0.231910109519958 
1905	 0.23071750998497 
1906	 0.229546666145325 
1907	 0.228600740432739 
1908	 0.227842003107071 
1909	 0.227061212062836 
1910	 0.226413354277611 
1911	 0.225781977176666 
1912	 0.225026786327362 
1913	 0.224384173750877 
1914	 0.223723098635674 
1915	 0.222966507077217 
1916	 0.22219717502594 
1917	 0.221334367990494 
1918	 0.220716789364815 
1919	 0.220236837863922 
1920	 0.220021218061447 
1921	 0.219500839710236 
1922	 0.218877986073494 
1923	 0.218328773975372 
1924	 0.217548623681068 
1925	 0.21696725487709 
1926	 0.216710194945335 
1927	 0.216241717338562 
1928	 0.215836390852928 
1929	 0.215553447604179 
1930	 0.215415611863136 
1931	 0.215106457471848 
1932	 0.215054482221603 
1933	 0.215006679296494 
1934	 0.214591771364212 
1935	 0.214293569326401 
1936	 0.213974803686142 
1937	 0.213642165064812 
1938	 0.213359832763672 
1939	 0.213183775544167 
1940	 0.213058397173882 
1941	 0.212996527552605 
1942	 0.212751612067223 
1943	 0.21277742087841 
1944	 0.21288751065731 
1945	 0.212846085429192 
1946	 0.212976858019829 
1947	 0.212998241186142 
1948	 0.21301332116127 
1949	 0.21325296163559 
1950	 0.213362589478493 
1951	 0.213548511266708 
1952	 0.213699027895927 
1953	 0.213855296373367 
1954	 0.213846296072006 
1955	 0.214004576206207 
1956	 0.21407325565815 
1957	 0.214136600494385 
1958	 0.214265272021294 
1959	 0.214250758290291 
1960	 0.214443176984787 
1961	 0.214769646525383 
1962	 0.214906096458435 
1963	 0.215213745832443 
1964	 0.215550303459167 
1965	 0.215655356645584 
1966	 0.215497344732285 
1967	 0.215579926967621 
1968	 0.215790525078773 
1969	 0.215821877121925 
1970	 0.216003566980362 
1971	 0.216281488537788 
1972	 0.216159954667091 
1973	 0.215869411826134 
1974	 0.21582767367363 
1975	 0.215887889266014 
1976	 0.215945646166801 
1977	 0.216087400913239 
1978	 0.216366022825241 
1979	 0.216659590601921 
1980	 0.216767594218254 
1981	 0.216837123036385 
1982	 0.217035323381424 
1983	 0.217180833220482 
1984	 0.217210486531258 
1985	 0.217352077364922 
1986	 0.21756286919117 
1987	 0.217683523893356 
1988	 0.218008294701576 
1989	 0.218344211578369 
1990	 0.218794450163841 
1991	 0.219162464141846 
1992	 0.219599694013596 
1993	 0.219826370477676 
1994	 0.219973191618919 
1995	 0.220452949404716 
1996	 0.220874309539795 
1997	 0.221207916736603 
1998	 0.221775770187378 
1999	 0.222244262695313 
2000	 0.222432434558868 
2001	 0.222615331411362 
2002	 0.222821325063705 
2003	 0.222969710826874 
2004	 0.22298601269722 
2005	 0.223263800144196 
2006	 0.223696351051331 
2007	 0.224029332399368 
2008	 0.224428981542587 
2009	 0.224768981337547 
2010	 0.225005701184273 
2011	 0.225273951888084 
2012	 0.225510209798813 
2013	 0.225583031773567 
2014	 0.22560478746891 
2015	 0.225758880376816 
2016	 0.226004362106323 
2017	 0.226130843162537 
2018	 0.226270496845245 
2019	 0.226403295993805 
2020	 0.22655226290226 
2021	 0.226652324199677 
2022	 0.226756259799004 
2023	 0.227033764123917 
2024	 0.227233529090881 
2025	 0.227301672101021 
2026	 0.227366834878922 
2027	 0.227270215749741 
2028	 0.227330386638641 
2029	 0.22743047773838 
2030	 0.227527841925621 
2031	 0.227660581469536 
2032	 0.2279202491045 
2033	 0.228031441569328 
2034	 0.227684244513512 
2035	 0.227564722299576 
2036	 0.227689370512962 
2037	 0.227731004357338 
2038	 0.227928012609482 
2039	 0.228111729025841 
2040	 0.228029116988182 
2041	 0.22792075574398 
2042	 0.227957963943481 
2043	 0.227902829647064 
2044	 0.227704405784607 
2045	 0.22768846154213 
2046	 0.227796778082848 
2047	 0.227759778499603 
2048	 0.227686762809753 
2049	 0.227910056710243 
2050	 0.22789840400219 
2051	 0.227487474679947 
2052	 0.227230697870255 
2053	 0.227042928338051 
2054	 0.226812213659286 
2055	 0.226848572492599 
2056	 0.227014675736427 
2057	 0.227016538381577 
2058	 0.227029919624329 
2059	 0.226949587464333 
2060	 0.226998150348663 
2061	 0.227046728134155 
2062	 0.227302461862564 
2063	 0.227532669901848 
2064	 0.227433994412422 
2065	 0.227345049381256 
2066	 0.227000027894974 
2067	 0.226554274559021 
2068	 0.226616784930229 
2069	 0.226596862077713 
2070	 0.226462781429291 
2071	 0.226540118455887 
2072	 0.226463183760643 
2073	 0.226287558674812 
2074	 0.226060584187508 
2075	 0.225896164774895 
2076	 0.2255779504776 
2077	 0.225372925400734 
2078	 0.225646302103996 
2079	 0.225668847560883 
2080	 0.225232064723969 
2081	 0.224838078022003 
2082	 0.2246003895998 
2083	 0.22458827495575 
2084	 0.224751695990562 
2085	 0.224720016121864 
2086	 0.224395781755447 
2087	 0.224049583077431 
2088	 0.223945632576942 
2089	 0.224287390708923 
2090	 0.224254697561264 
2091	 0.224027544260025 
2092	 0.223865047097206 
2093	 0.223588198423386 
2094	 0.223385155200958 
2095	 0.223018497228622 
2096	 0.222995579242706 
2097	 0.223178669810295 
2098	 0.22288154065609 
2099	 0.222830459475517 
2100	 0.222873017191887 
2101	 0.222413465380669 
2102	 0.222226366400719 
2103	 0.22227631509304 
2104	 0.222170010209084 
2105	 0.221975773572922 
2106	 0.221636936068535 
2107	 0.221481323242188 
2108	 0.221438243985176 
2109	 0.221309825778008 
2110	 0.221248671412468 
2111	 0.221118047833443 
2112	 0.221134543418884 
2113	 0.220872223377228 
2114	 0.22048619389534 
2115	 0.220557197928429 
2116	 0.220529779791832 
2117	 0.220090806484222 
2118	 0.219734534621239 
2119	 0.219589054584503 
2120	 0.219158560037613 
2121	 0.218801528215408 
2122	 0.218848183751106 
2123	 0.218911394476891 
2124	 0.218789771199226 
2125	 0.218568190932274 
2126	 0.218347534537315 
2127	 0.218034014105797 
2128	 0.217778071761131 
2129	 0.217514514923096 
2130	 0.217346400022507 
2131	 0.217278033494949 
2132	 0.216704830527306 
2133	 0.216081559658051 
2134	 0.215701207518578 
2135	 0.215089574456215 
2136	 0.21457251906395 
2137	 0.214110925793648 
2138	 0.213468089699745 
2139	 0.212804779410362 
2140	 0.212153121829033 
2141	 0.211516171693802 
2142	 0.210872635245323 
2143	 0.210236191749573 
2144	 0.209651246666908 
2145	 0.209001302719116 
2146	 0.208324626088142 
2147	 0.207571491599083 
2148	 0.20665642619133 
2149	 0.206043869256973 
2150	 0.20542448759079 
2151	 0.204786121845245 
2152	 0.20443893969059 
2153	 0.203755170106888 
2154	 0.202925398945808 
2155	 0.202453836798668 
2156	 0.20199491083622 
2157	 0.201444789767265 
2158	 0.200987815856934 
2159	 0.200658455491066 
2160	 0.200589656829834 
2161	 0.200706034898758 
2162	 0.200575172901154 
2163	 0.200238510966301 
2164	 0.200250849127769 
2165	 0.200454339385033 
2166	 0.200381547212601 
2167	 0.200423523783684 
2168	 0.200430929660797 
2169	 0.200172752141953 
2170	 0.199821040034294 
2171	 0.199809163808823 
2172	 0.200343430042267 
2173	 0.200875803828239 
2174	 0.200728178024292 
2175	 0.200459465384483 
2176	 0.200429528951645 
2177	 0.200283616781235 
2178	 0.200265064835548 
2179	 0.200524538755417 
2180	 0.20061594247818 
2181	 0.200402602553368 
2182	 0.200157642364502 
2183	 0.200191974639893 
2184	 0.200050622224808 
2185	 0.199747070670128 
2186	 0.19937264919281 
2187	 0.199148312211037 
2188	 0.198710322380066 
2189	 0.198391482234001 
2190	 0.198356941342354 
2191	 0.198044925928116 
2192	 0.197547644376755 
2193	 0.197109967470169 
2194	 0.196643993258476 
2195	 0.196456462144852 
2196	 0.196349337697029 
2197	 0.195802494883537 
2198	 0.195172160863876 
2199	 0.194318622350693 
2200	 0.193117782473564 
2201	 0.192125529050827 
2202	 0.190996393561363 
2203	 0.19001168012619 
2204	 0.189499482512474 
2205	 0.189043641090393 
2206	 0.189123973250389 
2207	 0.189337596297264 
2208	 0.189399406313896 
2209	 0.189824283123016 
2210	 0.190530523657799 
2211	 0.191613867878914 
2212	 0.19279856979847 
2213	 0.194352373480797 
2214	 0.195808604359627 
2215	 0.197379529476166 
2216	 0.198755517601967 
2217	 0.200176686048508 
2218	 0.20137420296669 
2219	 0.202282071113586 
2220	 0.203246518969536 
2221	 0.203991249203682 
2222	 0.204565674066544 
2223	 0.205088332295418 
2224	 0.205623060464859 
2225	 0.206180259585381 
2226	 0.206616908311844 
2227	 0.2069011926651 
2228	 0.207285717129707 
2229	 0.207613989710808 
2230	 0.207490816712379 
2231	 0.207211539149284 
2232	 0.207047536969185 
2233	 0.206665769219398 
2234	 0.206446930766106 
2235	 0.206745341420174 
2236	 0.206782206892967 
2237	 0.206699565052986 
2238	 0.206504344940186 
2239	 0.206418707966805 
2240	 0.206179708242416 
2241	 0.2061527967453 
2242	 0.206422880291939 
2243	 0.206233978271484 
2244	 0.205817252397537 
2245	 0.20546068251133 
2246	 0.204817607998848 
2247	 0.204601123929024 
2248	 0.204192042350769 
2249	 0.203835487365723 
2250	 0.203938648104668 
2251	 0.203500360250473 
2252	 0.203312739729881 
2253	 0.203731536865234 
2254	 0.20357683300972 
2255	 0.20318965613842 
2256	 0.20291693508625 
2257	 0.202359557151794 
2258	 0.201530203223228 
2259	 0.201340913772583 
2260	 0.201731503009796 
2261	 0.20184001326561 
2262	 0.202257961034775 
2263	 0.202189028263092 
2264	 0.201229706406593 
2265	 0.200598880648613 
2266	 0.199848398566246 
2267	 0.199211612343788 
2268	 0.199164509773254 
2269	 0.198876097798347 
2270	 0.198414117097855 
2271	 0.198159158229828 
2272	 0.197780594229698 
2273	 0.197047427296638 
2274	 0.196678280830383 
2275	 0.196658596396446 
2276	 0.19637568295002 
2277	 0.196061417460442 
2278	 0.195891991257668 
2279	 0.19566248357296 
2280	 0.195312097668648 
2281	 0.194964602589607 
2282	 0.194742828607559 
2283	 0.194416806101799 
2284	 0.194057285785675 
2285	 0.1940538585186 
2286	 0.194080621004105 
2287	 0.193654879927635 
2288	 0.19320248067379 
2289	 0.193045973777771 
2290	 0.19268836081028 
2291	 0.192129716277122 
2292	 0.192166566848755 
2293	 0.191758513450623 
2294	 0.191104039549828 
2295	 0.190917491912842 
2296	 0.190438210964203 
2297	 0.190304979681969 
2298	 0.190294697880745 
2299	 0.190070226788521 
2300	 0.189895376563072 
2301	 0.189166069030762 
2302	 0.188342720270157 
2303	 0.188141629099846 
2304	 0.188146114349365 
2305	 0.187864392995834 
2306	 0.187597915530205 
2307	 0.18734447658062 
2308	 0.186366870999336 
2309	 0.18601880967617 
2310	 0.186280071735382 
2311	 0.185796141624451 
2312	 0.185849979519844 
2313	 0.185816809535027 
2314	 0.185293808579445 
2315	 0.185265585780144 
2316	 0.184824332594872 
2317	 0.184497818350792 
2318	 0.184594020247459 
2319	 0.184375017881393 
2320	 0.184620380401611 
2321	 0.185404777526855 
2322	 0.185661628842354 
2323	 0.185510709881783 
2324	 0.185003072023392 
2325	 0.184757679700851 
2326	 0.184142485260963 
2327	 0.183796375989914 
2328	 0.183731317520142 
2329	 0.183762788772583 
2330	 0.183868050575256 
2331	 0.183517217636108 
2332	 0.183875173330307 
2333	 0.184241190552711 
2334	 0.183817684650421 
2335	 0.183801978826523 
2336	 0.183580785989761 
2337	 0.18279467523098 
2338	 0.182893946766853 
2339	 0.183094084262848 
2340	 0.182388946413994 
2341	 0.182382762432098 
2342	 0.18242821097374 
2343	 0.181806787848473 
2344	 0.1817996352911 
2345	 0.181708157062531 
2346	 0.180889844894409 
2347	 0.180195599794388 
2348	 0.180074170231819 
2349	 0.180581167340279 
2350	 0.1812444627285 
2351	 0.181225597858429 
2352	 0.181228250265121 
2353	 0.180958777666092 
2354	 0.179896056652069 
2355	 0.179647892713547 
2356	 0.179490342736244 
2357	 0.179192319512367 
2358	 0.179635152220726 
2359	 0.180284783244133 
2360	 0.180980816483498 
2361	 0.181155189871788 
2362	 0.180801704525948 
2363	 0.180503457784653 
2364	 0.18050017952919 
2365	 0.180684641003609 
2366	 0.181191340088844 
2367	 0.1812973767519 
2368	 0.180139362812042 
2369	 0.179226204752922 
2370	 0.179032444953918 
2371	 0.178600579500198 
2372	 0.17864303290844 
2373	 0.178995862603188 
2374	 0.178661718964577 
2375	 0.178476437926292 
2376	 0.178756862878799 
2377	 0.178356528282166 
2378	 0.177221432328224 
2379	 0.176636010408401 
2380	 0.176360160112381 
2381	 0.175811782479286 
2382	 0.175928696990013 
2383	 0.176362201571465 
2384	 0.175851166248322 
2385	 0.175420865416527 
2386	 0.175946578383446 
2387	 0.176095694303513 
2388	 0.176000609993935 
2389	 0.176186814904213 
2390	 0.175809741020203 
2391	 0.175208270549774 
2392	 0.175802811980247 
2393	 0.176717832684517 
2394	 0.176437124609947 
2395	 0.175302013754845 
2396	 0.17351707816124 
2397	 0.171838223934174 
2398	 0.171285733580589 
2399	 0.172191739082336 
2400	 0.17374874651432 
2401	 0.174595981836319 
2402	 0.17485211789608 
2403	 0.174901023507118 
2404	 0.174105495214462 
2405	 0.173379078507423 
2406	 0.173082232475281 
2407	 0.171953529119492 
2408	 0.171372905373573 
2409	 0.170884251594543 
2410	 0.16997055709362 
2411	 0.170357435941696 
2412	 0.170762285590172 
2413	 0.170406654477119 
2414	 0.169818207621574 
2415	 0.169202223420143 
2416	 0.168270617723465 
2417	 0.167586892843246 
2418	 0.167948484420776 
2419	 0.167415380477905 
2420	 0.166348114609718 
2421	 0.166375935077667 
2422	 0.166357606649399 
2423	 0.166116967797279 
2424	 0.166611522436142 
2425	 0.16682231426239 
2426	 0.166035339236259 
2427	 0.165262222290039 
2428	 0.164854720234871 
2429	 0.164948552846909 
2430	 0.164759948849678 
2431	 0.163723170757294 
2432	 0.162748903036118 
2433	 0.160885691642761 
2434	 0.159775644540787 
2435	 0.161905243992805 
2436	 0.162879228591919 
2437	 0.162380918860435 
2438	 0.161955654621124 
2439	 0.159707918763161 
2440	 0.157117202877998 
2441	 0.154468774795532 
2442	 0.153380960226059 
2443	 0.15394926071167 
2444	 0.154088228940964 
2445	 0.154657736420631 
2446	 0.155504018068314 
2447	 0.155165106058121 
2448	 0.153979703783989 
2449	 0.153978943824768 
2450	 0.152870997786522 
2451	 0.15101046860218 
2452	 0.150050044059753 
2453	 0.149023115634918 
2454	 0.150100246071815 
2455	 0.151093795895576 
2456	 0.1506407558918 
2457	 0.15181340277195 
2458	 0.152117386460304 
2459	 0.147635713219643 
2460	 0.146738424897194 
2461	 0.147765100002289 
2462	 0.147848069667816 
2463	 0.149453908205032 
2464	 0.150725096464157 
2465	 0.150096535682678 
2466	 0.149155676364899 
2467	 0.149676769971848 
2468	 0.149658724665642 
2469	 0.148405849933624 
2470	 0.147392213344574 
2471	 0.146508827805519 
2472	 0.145022824406624 
2473	 0.142172336578369 
2474	 0.141526788473129 
2475	 0.141555160284042 
2476	 0.140811756253242 
2477	 0.141977086663246 
2478	 0.144061669707298 
2479	 0.144383266568184 
2480	 0.143819972872734 
2481	 0.141259521245956 
2482	 0.139372304081917 
2483	 0.136415362358093 
2484	 0.135326370596886 
2485	 0.138139307498932 
2486	 0.139551505446434 
2487	 0.140546500682831 
2488	 0.146128103137016 
2489	 0.148217916488647 
2490	 0.143184199929237 
2491	 0.145443484187126 
2492	 0.145362436771393 
2493	 0.141431733965874 
2494	 0.14584444463253 
2495	 0.143972828984261 
2496	 0.139130830764771 
2497	 0.138469502329826 
2498	 0.13862119615078 
2499	 0.139521658420563 
2500	 0.141006052494049 
