350	 6.24426417052746E-02 
351	 6.41416981816292E-02 
352	 6.96129873394966E-02 
353	 7.11661130189896E-02 
354	 6.64303153753281E-02 
355	 6.92316815257072E-02 
356	 7.10093528032303E-02 
357	 6.98392689228058E-02 
358	 6.73733130097389E-02 
359	 6.92664161324501E-02 
360	 7.13227167725563E-02 
361	 7.20083564519882E-02 
362	 7.24277794361115E-02 
363	 0.073382593691349 
364	 7.36532285809517E-02 
365	 7.31183290481567E-02 
366	 7.40694403648376E-02 
367	 0.075685016810894 
368	 7.72139653563499E-02 
369	 7.79367536306381E-02 
370	 7.71589726209641E-02 
371	 7.64070227742195E-02 
372	 7.63477981090546E-02 
373	 7.69227519631386E-02 
374	 7.76490569114685E-02 
375	 7.77824968099594E-02 
376	 7.72031471133232E-02 
377	 7.66236633062363E-02 
378	 7.68435373902321E-02 
379	 0.078178234398365 
380	 8.01338031888008E-02 
381	 8.05578008294106E-02 
382	 8.00008699297905E-02 
383	 7.95265287160873E-02 
384	 8.01567435264587E-02 
385	 8.06727781891823E-02 
386	 8.12722146511078E-02 
387	 8.14776346087456E-02 
388	 8.00336897373199E-02 
389	 8.02486836910248E-02 
390	 0.081018939614296 
391	 8.11455473303795E-02 
392	 8.17466229200363E-02 
393	 8.21737796068192E-02 
394	 8.20471867918968E-02 
395	 8.14586579799652E-02 
396	 8.24919492006302E-02 
397	 8.33299458026886E-02 
398	 8.33405777812004E-02 
399	 8.33611786365509E-02 
400	 8.38746279478073E-02 
401	 8.45906361937523E-02 
402	 8.51562395691872E-02 
403	 8.53562951087952E-02 
404	 8.66337344050407E-02 
405	 8.80857706069946E-02 
406	 8.82374420762062E-02 
407	 8.78453329205513E-02 
408	 8.85300934314728E-02 
409	 8.98816362023354E-02 
410	 0.089675135910511 
411	 0.089992381632328 
412	 9.05789360404015E-02 
413	 9.09295827150345E-02 
414	 0.090966023504734 
415	 9.06778499484062E-02 
416	 9.04997140169144E-02 
417	 9.08952876925468E-02 
418	 9.15926992893219E-02 
419	 9.18420404195786E-02 
420	 9.15334150195122E-02 
421	 9.12070348858833E-02 
422	 9.13272053003311E-02 
423	 9.14384424686432E-02 
424	 9.12775471806526E-02 
425	 9.14909020066261E-02 
426	 9.19111296534538E-02 
427	 9.20046791434288E-02 
428	 9.13936942815781E-02 
429	 9.16344001889229E-02 
430	 0.091925822198391 
431	 9.19302180409431E-02 
432	 9.20071601867676E-02 
433	 9.20628905296326E-02 
434	 9.21811312437058E-02 
435	 9.23826918005943E-02 
436	 9.24044102430344E-02 
437	 9.25360769033432E-02 
438	 9.28901061415672E-02 
439	 9.34363231062889E-02 
440	 9.39086526632309E-02 
441	 9.40573811531067E-02 
442	 9.39033403992653E-02 
443	 9.37948450446129E-02 
444	 9.38632562756538E-02 
445	 0.093725711107254 
446	 9.32076349854469E-02 
447	 9.34181213378906E-02 
448	 9.35032665729523E-02 
449	 9.33417603373528E-02 
450	 9.33320894837379E-02 
451	 9.33779180049896E-02 
452	 9.34700295329094E-02 
453	 9.36463549733162E-02 
454	 9.40291434526443E-02 
455	 9.42915454506874E-02 
456	 9.45443138480186E-02 
457	 0.094994492828846 
458	 9.55184921622276E-02 
459	 9.60485935211182E-02 
460	 9.65377688407898E-02 
461	 9.69699993729591E-02 
462	 9.74426120519638E-02 
463	 9.78472381830215E-02 
464	 9.81051325798035E-02 
465	 9.82890650629997E-02 
466	 9.85013768076897E-02 
467	 0.098687157034874 
468	 9.87714007496834E-02 
469	 9.91076752543449E-02 
470	 9.94555354118347E-02 
471	 9.97625663876534E-02 
472	 0.100283823907375 
473	 0.100985176861286 
474	 0.101814970374107 
475	 0.102668583393097 
476	 0.10331155359745 
477	 0.103886514902115 
478	 0.1044000685215 
479	 0.104768857359886 
480	 0.105008356273174 
481	 0.105139866471291 
482	 0.105139866471291 
483	 0.104864552617073 
484	 0.104774579405785 
485	 0.104795187711716 
486	 0.104712873697281 
487	 0.104627035558224 
488	 0.104630619287491 
489	 0.104726567864418 
490	 0.104825772345066 
491	 0.104963034391403 
492	 0.105173379182816 
493	 0.105481036007404 
494	 0.105887077748775 
495	 0.106390431523323 
496	 0.107121169567108 
497	 0.108219556510448 
498	 0.109410881996155 
499	 0.110522136092186 
500	 0.111561432480812 
501	 0.1128024533391 
502	 0.113696947693825 
503	 0.114438779652119 
504	 0.115298263728619 
505	 0.115874923765659 
506	 0.116353213787079 
507	 0.116813741624355 
508	 0.117225050926208 
509	 0.11748431622982 
510	 0.117799386382103 
511	 0.118262529373169 
512	 0.118560016155243 
513	 0.118766851723194 
514	 0.118992626667023 
515	 0.119344599545002 
516	 0.119779177010059 
517	 0.120088264346123 
518	 0.120265901088715 
519	 0.120583027601242 
520	 0.120810382068157 
521	 0.121012598276138 
522	 0.121279917657375 
523	 0.121510423719883 
524	 0.12182941287756 
525	 0.122230388224125 
526	 0.122609786689281 
527	 0.123022362589836 
528	 0.123529672622681 
529	 0.124096132814884 
530	 0.124441355466843 
531	 0.124940112233162 
532	 0.125545218586922 
533	 0.126068279147148 
534	 0.126633614301682 
535	 0.127217009663582 
536	 0.127796664834023 
537	 0.128363251686096 
538	 0.128897458314896 
539	 0.129412949085236 
540	 0.129929080605507 
541	 0.130446970462799 
542	 0.130954787135124 
543	 0.131432518362999 
544	 0.131858199834824 
545	 0.132324919104576 
546	 0.132800102233887 
547	 0.133234634995461 
548	 0.133573114871979 
549	 0.133938431739807 
550	 0.134264782071114 
551	 0.134448155760765 
552	 0.134706437587738 
553	 0.134935885667801 
554	 0.135063201189041 
555	 0.135088369250298 
556	 0.135174825787544 
557	 0.1352429240942 
558	 0.135193958878517 
559	 0.135099723935127 
560	 0.135048076510429 
561	 0.135040521621704 
562	 0.135021299123764 
563	 0.135069191455841 
564	 0.135125920176506 
565	 0.135143935680389 
566	 0.135134786367416 
567	 0.135169208049774 
568	 0.135187789797783 
569	 0.135086387395859 
570	 0.134920716285706 
571	 0.134602755308151 
572	 0.13412918150425 
573	 0.133624672889709 
574	 0.133085504174232 
575	 0.132529988884926 
576	 0.132008865475655 
577	 0.131666883826256 
578	 0.131497427821159 
579	 0.131358534097672 
580	 0.131021857261658 
581	 0.130669802427292 
582	 0.130316585302353 
583	 0.129994571208954 
584	 0.129861742258072 
585	 0.129741787910461 
586	 0.129599303007126 
587	 0.129479378461838 
588	 0.12946854531765 
589	 0.12955504655838 
590	 0.129735752940178 
591	 0.130041360855103 
592	 0.130288407206535 
593	 0.130337506532669 
594	 0.130120843648911 
595	 0.12974326312542 
596	 0.129214078187943 
597	 0.128554940223694 
598	 0.12780998647213 
599	 0.127197265625 
600	 0.126727506518364 
601	 0.126381069421768 
602	 0.126139089465141 
603	 0.126142561435699 
604	 0.126325398683548 
605	 0.12652499973774 
606	 0.126667603850365 
607	 0.126712441444397 
608	 0.12661711871624 
609	 0.126336216926575 
610	 0.126025632023811 
611	 0.125620454549789 
612	 0.125026479363441 
613	 0.124252609908581 
614	 0.123567916452885 
615	 0.122997917234898 
616	 0.122381031513214 
617	 0.121671915054321 
618	 0.120921216905117 
619	 0.120207846164703 
620	 0.119646079838276 
621	 0.119087226688862 
622	 0.118529662489891 
623	 0.118041031062603 
624	 0.117697790265083 
625	 0.117361575365067 
626	 0.116997964680195 
627	 0.116711303591728 
628	 0.116460762917995 
629	 0.116245441138744 
630	 0.116054780781269 
631	 0.115815445780754 
632	 0.115650460124016 
633	 0.115529306232929 
634	 0.115337111055851 
635	 0.115272171795368 
636	 0.115244761109352 
637	 0.115218877792358 
638	 0.115345783531666 
639	 0.115444719791412 
640	 0.115542240440845 
641	 0.11570131033659 
642	 0.115748152136803 
643	 0.115807682275772 
644	 0.115936651825905 
645	 0.116099290549755 
646	 0.116216398775578 
647	 0.116379261016846 
648	 0.116636119782925 
649	 0.116811670362949 
650	 0.116965882480145 
651	 0.117188349366188 
652	 0.117540635168552 
653	 0.11772708594799 
654	 0.117919139564037 
655	 0.118203170597553 
656	 0.118473328649998 
657	 0.11865322291851 
658	 0.118850059807301 
659	 0.119157046079636 
660	 0.119373001158237 
661	 0.119553729891777 
662	 0.119725868105888 
663	 0.119890429079533 
664	 0.12010220438242 
665	 0.120336711406708 
666	 0.120550505816936 
667	 0.120686143636703 
668	 0.120911233127117 
669	 0.12114455550909 
670	 0.121261209249496 
671	 0.121482253074646 
672	 0.121715068817139 
673	 0.121929123997688 
674	 0.122183166444302 
675	 0.122446201741695 
676	 0.122719742357731 
677	 0.122999146580696 
678	 0.12323547154665 
679	 0.123422265052795 
680	 0.123578511178494 
681	 0.123728506267071 
682	 0.123833082616329 
683	 0.123954825103283 
684	 0.124116562306881 
685	 0.124277040362358 
686	 0.12446404248476 
687	 0.124673679471016 
688	 0.124877646565437 
689	 0.125008389353752 
690	 0.12520207464695 
691	 0.125474378466606 
692	 0.125748962163925 
693	 0.125969097018242 
694	 0.126206144690514 
695	 0.126478254795074 
696	 0.126687288284302 
697	 0.126990765333176 
698	 0.127319768071175 
699	 0.127578184008598 
700	 0.127897053956985 
701	 0.128227114677429 
702	 0.128518342971802 
703	 0.128735363483429 
704	 0.129047572612762 
705	 0.129401564598083 
706	 0.129720196127892 
707	 0.129945978522301 
708	 0.130218893289566 
709	 0.130547299981117 
710	 0.130877748131752 
711	 0.131142809987068 
712	 0.131428211927414 
713	 0.131746917963028 
714	 0.132039770483971 
715	 0.132313847541809 
716	 0.132589980959892 
717	 0.132870107889175 
718	 0.133114114403725 
719	 0.133384644985199 
720	 0.133639454841614 
721	 0.133832380175591 
722	 0.134100690484047 
723	 0.134362906217575 
724	 0.134571224451065 
725	 0.134726718068123 
726	 0.134934082627296 
727	 0.135179609060287 
728	 0.135422930121422 
729	 0.13561150431633 
730	 0.13578425347805 
731	 0.135955274105072 
732	 0.136131569743156 
733	 0.136319488286972 
734	 0.136492431163788 
735	 0.136645153164864 
736	 0.136793076992035 
737	 0.136914044618607 
738	 0.137067005038261 
739	 0.137253120541573 
740	 0.137340724468231 
741	 0.137372955679893 
742	 0.137426465749741 
743	 0.137563765048981 
744	 0.137717396020889 
745	 0.137817963957787 
746	 0.13787867128849 
747	 0.137972354888916 
748	 0.138048440217972 
749	 0.13812980055809 
750	 0.138217404484749 
751	 0.13825660943985 
752	 0.138270974159241 
753	 0.138281628489494 
754	 0.138314053416252 
755	 0.138410866260529 
756	 0.138471364974976 
757	 0.138506516814232 
758	 0.138587906956673 
759	 0.138641119003296 
760	 0.138653039932251 
761	 0.138650760054588 
762	 0.138699755072594 
763	 0.138764411211014 
764	 0.13880056142807 
765	 0.138809308409691 
766	 0.138926953077316 
767	 0.138967856764793 
768	 0.138960003852844 
769	 0.138999849557877 
770	 0.138984844088554 
771	 0.138992488384247 
772	 0.139036074280739 
773	 0.139053523540497 
774	 0.139026135206223 
775	 0.139029666781425 
776	 0.139083370566368 
777	 0.139068469405174 
778	 0.139050349593163 
779	 0.139045938849449 
780	 0.13905294239521 
781	 0.139047876000404 
782	 0.139046251773834 
783	 0.139044359326363 
784	 0.139031872153282 
785	 0.139041677117348 
786	 0.139050394296646 
787	 0.139060497283936 
788	 0.139104872941971 
789	 0.139111280441284 
790	 0.139093473553658 
791	 0.13907378911972 
792	 0.139049723744392 
793	 0.13905493915081 
794	 0.139099135994911 
795	 0.139155045151711 
796	 0.139086931943893 
797	 0.139082476496696 
798	 0.139142096042633 
799	 0.139141604304314 
800	 0.139136701822281 
801	 0.139151617884636 
802	 0.139165088534355 
803	 0.139107704162598 
804	 0.139100775122643 
805	 0.139094606041908 
806	 0.13906691968441 
807	 0.13914293050766 
808	 0.139125809073448 
809	 0.139040485024452 
810	 0.138982802629471 
811	 0.138990998268127 
812	 0.139007717370987 
813	 0.139005824923515 
814	 0.138980820775032 
815	 0.138951748609543 
816	 0.138925924897194 
817	 0.138915613293648 
818	 0.1389339864254 
819	 0.138939753174782 
820	 0.138928651809692 
821	 0.138899430632591 
822	 0.138855516910553 
823	 0.138846054673195 
824	 0.138868227601051 
825	 0.138892129063606 
826	 0.138864010572433 
827	 0.138766184449196 
828	 0.138711109757423 
829	 0.138796538114548 
830	 0.138778001070023 
831	 0.138738632202148 
832	 0.138721376657486 
833	 0.138718634843826 
834	 0.138663917779922 
835	 0.138636842370033 
836	 0.138638436794281 
837	 0.138583481311798 
838	 0.13855554163456 
839	 0.138504132628441 
840	 0.13841401040554 
841	 0.138359248638153 
842	 0.138336703181267 
843	 0.138303279876709 
844	 0.138232618570328 
845	 0.13817286491394 
846	 0.138177692890167 
847	 0.138170197606087 
848	 0.138077557086945 
849	 0.138076707720757 
850	 0.138009414076805 
851	 0.137941673398018 
852	 0.138013452291489 
853	 0.138049721717834 
854	 0.137984365224838 
855	 0.137877270579338 
856	 0.137860253453255 
857	 0.13778381049633 
858	 0.137694701552391 
859	 0.137642845511436 
860	 0.137646928429604 
861	 0.13768570125103 
862	 0.137665510177612 
863	 0.137573346495628 
864	 0.137545183300972 
865	 0.137492746114731 
866	 0.137437179684639 
867	 0.137390911579132 
868	 0.137286350131035 
869	 0.137220397591591 
870	 0.13714188337326 
871	 0.137016102671623 
872	 0.136965438723564 
873	 0.136850848793983 
874	 0.136744633316994 
875	 0.136733517050743 
876	 0.136609748005867 
877	 0.136523842811584 
878	 0.136520951986313 
879	 0.136552631855011 
880	 0.136428043246269 
881	 0.136337459087372 
882	 0.136294841766357 
883	 0.136203274130821 
884	 0.136017337441444 
885	 0.135883793234825 
886	 0.13582219183445 
887	 0.135741323232651 
888	 0.13573993742466 
889	 0.135624319314957 
890	 0.135436043143272 
891	 0.135430514812469 
892	 0.135397270321846 
893	 0.135313838720322 
894	 0.135159119963646 
895	 0.134920164942741 
896	 0.134837776422501 
897	 0.134801521897316 
898	 0.13472181558609 
899	 0.134620130062103 
900	 0.13439816236496 
901	 0.134250581264496 
902	 0.134223461151123 
903	 0.134067445993423 
904	 0.133902862668037 
905	 0.13371230661869 
906	 0.133486121892929 
907	 0.133291855454445 
908	 0.133197233080864 
909	 0.133069977164268 
910	 0.132862165570259 
911	 0.132761910557747 
912	 0.132729798555374 
913	 0.132525846362114 
914	 0.132120087742805 
915	 0.131977438926697 
916	 0.131912589073181 
917	 0.131737276911736 
918	 0.13142766058445 
919	 0.131288573145866 
920	 0.131245151162148 
921	 0.13109378516674 
922	 0.130786702036858 
923	 0.130664259195328 
924	 0.130396202206612 
925	 0.130177825689316 
926	 0.130146831274033 
927	 0.13003171980381 
928	 0.129783198237419 
929	 0.129423648118973 
930	 0.129073888063431 
931	 0.12897153198719 
932	 0.12874898314476 
933	 0.128455519676208 
934	 0.128230348229408 
935	 0.128164663910866 
936	 0.127841278910637 
937	 0.127472847700119 
938	 0.127270802855492 
939	 0.127123549580574 
940	 0.126820936799049 
941	 0.126541584730148 
942	 0.126374542713165 
943	 0.126126155257225 
944	 0.126063138246536 
945	 0.12595072388649 
946	 0.125641480088234 
947	 0.125285938382149 
948	 0.125189810991287 
949	 0.125004380941391 
950	 0.12464839220047 
951	 0.124506525695324 
952	 0.124157659709454 
953	 0.123753510415554 
954	 0.123574659228325 
955	 0.123791605234146 
956	 0.123473569750786 
957	 0.123216830193996 
958	 0.12309879809618 
959	 0.122663989663124 
960	 0.122629158198833 
961	 0.122436292469501 
962	 0.121950693428516 
963	 0.121496811509132 
964	 0.121480785310268 
965	 0.12143886834383 
966	 0.121279090642929 
967	 0.121110320091248 
968	 0.120659038424492 
969	 0.120332881808281 
970	 0.120392702519894 
971	 0.120692022144794 
972	 0.120085775852203 
973	 0.119754105806351 
974	 0.119580015540123 
975	 0.119234912097454 
976	 0.119053974747658 
977	 0.119221061468124 
978	 0.119106814265251 
979	 0.118509285151958 
980	 0.118338204920292 
981	 0.11805322766304 
982	 0.117957532405853 
983	 0.118034951388836 
984	 0.117743462324142 
985	 0.117396987974644 
986	 0.117082081735134 
987	 0.116803862154484 
988	 0.116553798317909 
989	 0.116577640175819 
990	 0.116398245096207 
991	 0.116065070033073 
992	 0.115895859897137 
993	 0.115687474608421 
994	 0.11567497998476 
995	 0.115676835179329 
996	 0.115485928952694 
997	 0.115336559712887 
998	 0.114873617887497 
999	 0.114438399672508 
1000	 0.114368684589863 
1001	 0.115784861147404 
1002	 0.115208968520164 
1003	 0.114754155278206 
1004	 0.114510022103786 
1005	 0.114245191216469 
1006	 0.114121541380882 
1007	 0.114344879984856 
1008	 0.114283010363579 
1009	 0.114166297018528 
1010	 0.113962106406689 
1011	 0.113594561815262 
1012	 0.113334141671658 
1013	 0.11302611976862 
1014	 0.112716898322105 
1015	 0.112826317548752 
1016	 0.112734131515026 
1017	 0.112357325851917 
1018	 0.112158298492432 
1019	 0.112080678343773 
1020	 0.111957266926765 
1021	 0.111821629106998 
1022	 0.111958332359791 
1023	 0.111920416355133 
1024	 0.11171267926693 
1025	 0.111515581607819 
1026	 0.111362561583519 
1027	 0.111088253557682 
1028	 0.110665023326874 
1029	 0.110148511826992 
1030	 0.109951607882977 
1031	 0.110063448548317 
1032	 0.110101819038391 
1033	 0.110054545104504 
1034	 0.109963707625866 
1035	 0.109665811061859 
1036	 0.109556578099728 
1037	 0.109494760632515 
1038	 0.10952378064394 
1039	 0.109798915684223 
1040	 0.109682373702526 
1041	 0.109414801001549 
1042	 0.109256781637669 
1043	 0.10886661708355 
1044	 0.108555413782597 
1045	 0.108721628785133 
1046	 0.108593076467514 
1047	 0.108463987708092 
1048	 0.108383648097515 
1049	 0.108135007321835 
1050	 0.107628099620342 
1051	 0.107458233833313 
1052	 0.107299268245697 
1053	 0.107227370142937 
1054	 0.107443064451218 
1055	 0.107459180057049 
1056	 0.107439815998077 
1057	 0.107392035424709 
1058	 0.107273109257221 
1059	 0.107158377766609 
1060	 0.107185229659081 
1061	 0.106956072151661 
1062	 0.106747679412365 
1063	 0.106441579759121 
1064	 0.106388963758945 
1065	 0.106355607509613 
1066	 0.106355726718903 
1067	 0.106573313474655 
1068	 0.106652654707432 
1069	 0.106690496206284 
1070	 0.106658086180687 
1071	 0.106601104140282 
1072	 0.10655465722084 
1073	 0.106346771121025 
1074	 0.106262810528278 
1075	 0.106365188956261 
1076	 0.106305688619614 
1077	 0.106305539608002 
1078	 0.106268681585789 
1079	 0.106414020061493 
1080	 0.106781996786594 
1081	 0.106764197349548 
1082	 0.106557883322239 
1083	 0.106620199978352 
1084	 0.106467448174953 
1085	 0.106565997004509 
1086	 0.107155241072178 
1087	 0.107463449239731 
1088	 0.107676543295383 
1089	 0.107836700975895 
1090	 0.107844687998295 
1091	 0.107956901192665 
1092	 0.108127541840076 
1093	 0.108284957706928 
1094	 0.108464159071445 
1095	 0.108758941292763 
1096	 0.108996130526066 
1097	 0.109154738485813 
1098	 0.109386622905731 
1099	 0.109738424420357 
1100	 0.109970524907112 
1101	 0.110169962048531 
1102	 0.110344886779785 
1103	 0.110422357916832 
1104	 0.110562779009342 
1105	 0.110727101564407 
1106	 0.110880739986897 
1107	 0.111044093966484 
1108	 0.111226707696915 
1109	 0.111409597098827 
1110	 0.111605681478977 
1111	 0.111747212707996 
1112	 0.111859910190105 
1113	 0.112008236348629 
1114	 0.112091764807701 
1115	 0.112268663942814 
1116	 0.112597182393074 
1117	 0.112766467034817 
1118	 0.112882651388645 
1119	 0.11300353705883 
1120	 0.112971000373363 
1121	 0.11307218670845 
1122	 0.113253623247147 
1123	 0.113490708172321 
1124	 0.11359179019928 
1125	 0.113708101212978 
1126	 0.113752454519272 
1127	 0.11363197863102 
1128	 0.113682858645916 
1129	 0.113832011818886 
1130	 0.11388923227787 
1131	 0.113979876041412 
1132	 0.11401541531086 
1133	 0.113869570195675 
1134	 0.113943502306938 
1135	 0.114269062876701 
1136	 0.114328347146511 
1137	 0.114311628043652 
1138	 0.114356815814972 
1139	 0.114258922636509 
1140	 0.114151291549206 
1141	 0.114201605319977 
1142	 0.114465311169624 
1143	 0.114508271217346 
1144	 0.11449345946312 
1145	 0.114507712423801 
1146	 0.114492982625961 
1147	 0.114459410309792 
1148	 0.114387989044189 
1149	 0.114384308457375 
1150	 0.114363692700863 
1151	 0.11437014490366 
1152	 0.114552743732929 
1153	 0.114550307393074 
1154	 0.114340074360371 
1155	 0.114293627440929 
1156	 0.114288151264191 
1157	 0.114200048148632 
1158	 0.11428739130497 
1159	 0.114438928663731 
1160	 0.114471174776554 
1161	 0.114442110061646 
1162	 0.11441533267498 
1163	 0.114359438419342 
1164	 0.11428464949131 
1165	 0.114123977720737 
1166	 0.114102266728878 
1167	 0.114113695919514 
1168	 0.114142686128616 
1169	 0.114282816648483 
1170	 0.114339932799339 
1171	 0.114400416612625 
1172	 0.114417195320129 
1173	 0.114289321005344 
1174	 0.114369168877602 
1175	 0.114507101476192 
1176	 0.114417053759098 
1177	 0.114384174346924 
1178	 0.114352129399776 
1179	 0.114367142319679 
1180	 0.114365205168724 
1181	 0.11436964571476 
1182	 0.114431262016296 
1183	 0.114482261240482 
1184	 0.114499062299728 
1185	 0.1144934669137 
1186	 0.114512354135513 
1187	 0.114528298377991 
1188	 0.114506974816322 
1189	 0.114499107003212 
1190	 0.114517398178577 
1191	 0.114540509879589 
1192	 0.114561758935452 
1193	 0.114518269896507 
1194	 0.114557154476643 
1195	 0.114604786038399 
1196	 0.114604562520981 
1197	 0.114600315690041 
1198	 0.114603266119957 
1199	 0.114527381956577 
1200	 0.114551618695259 
1201	 0.114642277359962 
1202	 0.114705480635166 
1203	 0.114858336746693 
1204	 0.114909388124943 
1205	 0.114854507148266 
1206	 0.114872202277184 
1207	 0.114884905517101 
1208	 0.114893555641174 
1209	 0.114946022629738 
1210	 0.115016721189022 
1211	 0.114930331707001 
1212	 0.114894561469555 
1213	 0.114950783550739 
1214	 0.114935450255871 
1215	 0.114963218569756 
1216	 0.115004867315292 
1217	 0.115043714642525 
1218	 0.115048930048943 
1219	 0.115109525620937 
1220	 0.115234732627869 
1221	 0.115292027592659 
1222	 0.115318901836872 
1223	 0.115360744297504 
1224	 0.115378499031067 
1225	 0.11544431746006 
1226	 0.115538351237774 
1227	 0.115600891411304 
1228	 0.115665905177593 
1229	 0.115737430751324 
1230	 0.11572077870369 
1231	 0.115842446684837 
1232	 0.115981608629227 
1233	 0.11596966534853 
1234	 0.116008840501308 
1235	 0.116059869527817 
1236	 0.116001270711422 
1237	 0.116037279367447 
1238	 0.116092704236507 
1239	 0.116147853434086 
1240	 0.116207614541054 
1241	 0.116314925253391 
1242	 0.116431444883347 
1243	 0.116581678390503 
1244	 0.116687096655369 
1245	 0.116821475327015 
1246	 0.116906210780144 
1247	 0.116919130086899 
1248	 0.11691489815712 
1249	 0.116989471018314 
1250	 0.117096059024334 
1251	 0.117164991796017 
1252	 0.117264188826084 
1253	 0.117468222975731 
1254	 0.11753311753273 
1255	 0.117540024220943 
1256	 0.117651149630547 
1257	 0.117654159665108 
1258	 0.117751650512218 
1259	 0.117866478860378 
1260	 0.118062257766724 
1261	 0.1182029992342 
1262	 0.11833344399929 
1263	 0.11846162378788 
1264	 0.118598774075508 
1265	 0.118722267448902 
1266	 0.118854939937592 
1267	 0.118965335190296 
1268	 0.119021013379097 
1269	 0.1191565990448 
1270	 0.119343727827072 
1271	 0.11944742500782 
1272	 0.119554109871387 
1273	 0.119723685085773 
1274	 0.119812861084938 
1275	 0.119870908558369 
1276	 0.120070517063141 
1277	 0.120211102068424 
1278	 0.120309978723526 
1279	 0.120468877255917 
1280	 0.120604537427425 
1281	 0.120792143046856 
1282	 0.120916321873665 
1283	 0.120997622609138 
1284	 0.121142514050007 
1285	 0.121298864483833 
1286	 0.121399499475956 
1287	 0.121500112116337 
1288	 0.121689788997173 
1289	 0.121918439865112 
1290	 0.121997110545635 
1291	 0.12214332818985 
1292	 0.122312463819981 
1293	 0.1224095672369 
1294	 0.122620053589344 
1295	 0.122851610183716 
1296	 0.123037472367287 
1297	 0.123217433691025 
1298	 0.123368546366692 
1299	 0.123626388609409 
1300	 0.123967282474041 
1301	 0.124317459762096 
1302	 0.124600537121296 
1303	 0.124712400138378 
1304	 0.12486369907856 
1305	 0.12508536875248 
1306	 0.125287085771561 
1307	 0.125501677393913 
1308	 0.125795602798462 
1309	 0.126100525259972 
1310	 0.126349255442619 
1311	 0.126670747995377 
1312	 0.12715508043766 
1313	 0.127545967698097 
1314	 0.127935081720352 
1315	 0.128179937601089 
1316	 0.128380373120308 
1317	 0.128734290599823 
1318	 0.129103124141693 
1319	 0.129374787211418 
1320	 0.129745110869408 
1321	 0.129963845014572 
1322	 0.130059957504272 
1323	 0.130455985665321 
1324	 0.13086499273777 
1325	 0.131040528416634 
1326	 0.131278976798058 
1327	 0.131609439849854 
1328	 0.131929144263268 
1329	 0.132307961583138 
1330	 0.132593154907227 
1331	 0.132808431982994 
1332	 0.133013755083084 
1333	 0.133149236440659 
1334	 0.1333919018507 
1335	 0.133729860186577 
1336	 0.133987039327621 
1337	 0.134205892682076 
1338	 0.134405821561813 
1339	 0.134532824158669 
1340	 0.134776592254639 
1341	 0.135006383061409 
1342	 0.135332435369492 
1343	 0.135693311691284 
1344	 0.135865807533264 
1345	 0.136034145951271 
1346	 0.136266529560089 
1347	 0.136436507105827 
1348	 0.136682242155075 
1349	 0.136964336037636 
1350	 0.137157812714577 
1351	 0.137404710054398 
1352	 0.137611672282219 
1353	 0.137753769755363 
1354	 0.137962937355042 
1355	 0.138227894902229 
1356	 0.138525798916817 
1357	 0.138780727982521 
1358	 0.139061540365219 
1359	 0.139332681894302 
1360	 0.139554589986801 
1361	 0.139771357178688 
1362	 0.140028715133667 
1363	 0.140241742134094 
1364	 0.140378877520561 
1365	 0.140572175383568 
1366	 0.14078089594841 
1367	 0.141008764505386 
1368	 0.141210496425629 
1369	 0.141491651535034 
1370	 0.141832739114761 
1371	 0.142067432403564 
1372	 0.142311304807663 
1373	 0.142572119832039 
1374	 0.142737060785294 
1375	 0.142938658595085 
1376	 0.143228948116302 
1377	 0.143543049693108 
1378	 0.14388832449913 
1379	 0.144205749034882 
1380	 0.144372090697289 
1381	 0.144567832350731 
1382	 0.144900739192963 
1383	 0.145242542028427 
1384	 0.145659282803535 
1385	 0.146036133170128 
1386	 0.146260768175125 
1387	 0.146562442183495 
1388	 0.146912574768066 
1389	 0.147297501564026 
1390	 0.147684708237648 
1391	 0.148185566067696 
1392	 0.148560136556625 
1393	 0.14885288476944 
1394	 0.149207577109337 
1395	 0.14955922961235 
1396	 0.149853482842445 
1397	 0.150207862257957 
1398	 0.150679171085358 
1399	 0.151114746928215 
1400	 0.151496440172195 
1401	 0.151908993721008 
1402	 0.152277126908302 
1403	 0.152723342180252 
1404	 0.153228610754013 
1405	 0.153540760278702 
1406	 0.153834715485573 
1407	 0.154254764318466 
1408	 0.154615327715874 
1409	 0.154979333281517 
1410	 0.15543058514595 
1411	 0.155840888619423 
1412	 0.156155318021774 
1413	 0.156477898359299 
1414	 0.156894505023956 
1415	 0.15725065767765 
1416	 0.157641664147377 
1417	 0.15817479789257 
1418	 0.158631563186646 
1419	 0.159077525138855 
1420	 0.159531027078629 
1421	 0.159924149513245 
1422	 0.160381928086281 
1423	 0.160834327340126 
1424	 0.161275163292885 
1425	 0.161730602383614 
1426	 0.162226974964142 
1427	 0.162692293524742 
1428	 0.163116335868835 
1429	 0.163592010736465 
1430	 0.164077773690224 
1431	 0.164596170186996 
1432	 0.165085807442665 
1433	 0.165589928627014 
1434	 0.166155204176903 
1435	 0.166681036353111 
1436	 0.167203783988953 
1437	 0.167825922369957 
1438	 0.168430909514427 
1439	 0.168926030397415 
1440	 0.169423013925552 
1441	 0.170005157589912 
1442	 0.170534715056419 
1443	 0.170992940664291 
1444	 0.171597898006439 
1445	 0.172197133302689 
1446	 0.172673314809799 
1447	 0.173266977071762 
1448	 0.173880949616432 
1449	 0.174444034695625 
1450	 0.175105661153793 
1451	 0.175753891468048 
1452	 0.176385283470154 
1453	 0.177009433507919 
1454	 0.177583917975426 
1455	 0.17822927236557 
1456	 0.178861528635025 
1457	 0.179471716284752 
1458	 0.180141165852547 
1459	 0.18074657022953 
1460	 0.181356877088547 
1461	 0.182007133960724 
1462	 0.182579174637794 
1463	 0.183192491531372 
1464	 0.183851599693298 
1465	 0.184539690613747 
1466	 0.185198783874512 
1467	 0.185901135206223 
1468	 0.186601519584656 
1469	 0.187261655926704 
1470	 0.187934517860413 
1471	 0.188635155558586 
1472	 0.189337909221649 
1473	 0.190013349056244 
1474	 0.190717920660973 
1475	 0.191514104604721 
1476	 0.192287251353264 
1477	 0.19303235411644 
1478	 0.193738892674446 
1479	 0.194384783506393 
1480	 0.195067673921585 
1481	 0.1957618445158 
1482	 0.196470752358437 
1483	 0.197265654802322 
1484	 0.198011875152588 
1485	 0.19872735440731 
1486	 0.199565663933754 
1487	 0.200362756848335 
1488	 0.201079249382019 
1489	 0.201815113425255 
1490	 0.202529489994049 
1491	 0.203278541564941 
1492	 0.204089611768723 
1493	 0.204887121915817 
1494	 0.205661237239838 
1495	 0.20648318529129 
1496	 0.20728474855423 
1497	 0.208006575703621 
1498	 0.208874642848969 
1499	 0.209736555814743 
1500	 0.210427239537239 
1501	 0.211222156882286 
1502	 0.211986422538757 
1503	 0.212672352790833 
1504	 0.213580250740051 
1505	 0.214457541704178 
1506	 0.215167820453644 
1507	 0.215962767601013 
1508	 0.216773092746735 
1509	 0.217578798532486 
1510	 0.218427523970604 
1511	 0.21922841668129 
1512	 0.219974026083946 
1513	 0.220708340406418 
1514	 0.221490412950516 
1515	 0.222336083650589 
1516	 0.223188549280167 
1517	 0.224015668034554 
1518	 0.224843814969063 
1519	 0.225662648677826 
1520	 0.226477354764938 
1521	 0.227281108498573 
1522	 0.228059038519859 
1523	 0.228862479329109 
1524	 0.229650318622589 
1525	 0.230437159538269 
1526	 0.231292173266411 
1527	 0.232079818844795 
1528	 0.232782974839211 
1529	 0.233594506978989 
1530	 0.234472587704659 
1531	 0.235234946012497 
1532	 0.23594968020916 
1533	 0.236726954579353 
1534	 0.237471997737885 
1535	 0.238236039876938 
1536	 0.239061191678047 
1537	 0.239945501089096 
1538	 0.240730121731758 
1539	 0.241405189037323 
1540	 0.242145583033562 
1541	 0.242958605289459 
1542	 0.243773102760315 
1543	 0.24458821117878 
1544	 0.245491489768028 
1545	 0.246365889906883 
1546	 0.247127056121826 
1547	 0.248001039028168 
1548	 0.248822152614594 
1549	 0.249539852142334 
1550	 0.250364184379578 
1551	 0.251092314720154 
1552	 0.251730591058731 
1553	 0.252548485994339 
1554	 0.25339674949646 
1555	 0.254148244857788 
1556	 0.254943281412125 
1557	 0.255698621273041 
1558	 0.256371855735779 
1559	 0.257141053676605 
1560	 0.258014142513275 
1561	 0.258766978979111 
1562	 0.259461551904678 
1563	 0.2602399289608 
1564	 0.260920375585556 
1565	 0.261641353368759 
1566	 0.262522965669632 
1567	 0.263280928134918 
1568	 0.26397117972374 
1569	 0.264794260263443 
1570	 0.265562742948532 
1571	 0.266258895397186 
1572	 0.267037749290466 
1573	 0.267811685800552 
1574	 0.268544465303421 
1575	 0.269291013479233 
1576	 0.27006533741951 
1577	 0.270781934261322 
1578	 0.271508038043976 
1579	 0.272359699010849 
1580	 0.273112803697586 
1581	 0.273782789707184 
1582	 0.274496287107468 
1583	 0.275141417980194 
1584	 0.275921165943146 
1585	 0.276807993650436 
1586	 0.277562588453293 
1587	 0.278313905000687 
1588	 0.278967529535294 
1589	 0.279574424028397 
1590	 0.28038027882576 
1591	 0.281163901090622 
1592	 0.281911164522171 
1593	 0.282722055912018 
1594	 0.283431112766266 
1595	 0.284149616956711 
1596	 0.284864634275436 
1597	 0.285534769296646 
1598	 0.286196917295456 
1599	 0.286809355020523 
1600	 0.287535697221756 
1601	 0.288266271352768 
1602	 0.288983672857285 
1603	 0.289777755737305 
1604	 0.290475159883499 
1605	 0.291141778230667 
1606	 0.291860044002533 
1607	 0.292573213577271 
1608	 0.293308168649673 
1609	 0.29402083158493 
1610	 0.294655352830887 
1611	 0.295234680175781 
1612	 0.29579895734787 
1613	 0.296455264091492 
1614	 0.297239065170288 
1615	 0.297994911670685 
1616	 0.29867359995842 
1617	 0.299389183521271 
1618	 0.300034612417221 
1619	 0.300553023815155 
1620	 0.301139801740646 
1621	 0.301809430122375 
1622	 0.302512377500534 
1623	 0.303168445825577 
1624	 0.30375537276268 
1625	 0.304390013217926 
1626	 0.30503237247467 
1627	 0.305656433105469 
1628	 0.306304484605789 
1629	 0.306927502155304 
1630	 0.307540237903595 
1631	 0.308189302682877 
1632	 0.308851420879364 
1633	 0.309459537267685 
1634	 0.309919774532318 
1635	 0.310408353805542 
1636	 0.311085164546967 
1637	 0.311756551265717 
1638	 0.312427937984467 
1639	 0.313085377216339 
1640	 0.313655108213425 
1641	 0.314148515462875 
1642	 0.314628154039383 
1643	 0.315278291702271 
1644	 0.316014766693115 
1645	 0.316701292991638 
1646	 0.317332029342651 
1647	 0.317923754453659 
1648	 0.318521976470947 
1649	 0.319017797708511 
1650	 0.319586366415024 
1651	 0.320349127054214 
1652	 0.320943117141724 
1653	 0.321499317884445 
1654	 0.322126924991608 
1655	 0.322537302970886 
1656	 0.322986662387848 
1657	 0.32363486289978 
1658	 0.324241548776627 
1659	 0.324922472238541 
1660	 0.325588196516037 
1661	 0.326059103012085 
1662	 0.326471269130707 
1663	 0.326953291893005 
1664	 0.327484279870987 
1665	 0.327968448400497 
1666	 0.328546345233917 
1667	 0.32910943031311 
1668	 0.329532951116562 
1669	 0.330033510923386 
1670	 0.330538809299469 
1671	 0.331003069877625 
1672	 0.331463277339935 
1673	 0.331930428743362 
1674	 0.332469761371613 
1675	 0.33295926451683 
1676	 0.333575218915939 
1677	 0.334151029586792 
1678	 0.334697216749191 
1679	 0.335244685411453 
1680	 0.335748314857483 
1681	 0.336271733045578 
1682	 0.336800098419189 
1683	 0.337333053350449 
1684	 0.33792844414711 
1685	 0.338408082723618 
1686	 0.338766366243362 
1687	 0.339215606451035 
1688	 0.339656829833984 
1689	 0.340128034353256 
1690	 0.340768724679947 
1691	 0.341222643852234 
1692	 0.341523796319962 
1693	 0.341883838176727 
1694	 0.342128455638886 
1695	 0.342514455318451 
1696	 0.343038469552994 
1697	 0.343506664037704 
1698	 0.344036757946014 
1699	 0.344487100839615 
1700	 0.344819933176041 
1701	 0.345276296138763 
1702	 0.345776587724686 
1703	 0.346256643533707 
1704	 0.346858203411102 
1705	 0.34731912612915 
1706	 0.347637802362442 
1707	 0.348056375980377 
1708	 0.348452538251877 
1709	 0.348875492811203 
1710	 0.349354892969131 
1711	 0.349834054708481 
1712	 0.350362092256546 
1713	 0.350792109966278 
1714	 0.351215809583664 
1715	 0.351587325334549 
1716	 0.351844996213913 
1717	 0.352197259664536 
1718	 0.352619558572769 
1719	 0.352939963340759 
1720	 0.353196382522583 
1721	 0.353560268878937 
1722	 0.353937774896622 
1723	 0.354267477989197 
1724	 0.354657799005508 
1725	 0.355013579130173 
1726	 0.355296164751053 
1727	 0.355613708496094 
1728	 0.355993926525116 
1729	 0.356276899576187 
1730	 0.356441378593445 
1731	 0.356738954782486 
1732	 0.357218533754349 
1733	 0.357757359743118 
1734	 0.358189702033997 
1735	 0.358428150415421 
1736	 0.358702301979065 
1737	 0.358787685632706 
1738	 0.359048336744308 
1739	 0.359522551298141 
1740	 0.359869480133057 
1741	 0.360231786966324 
1742	 0.360588401556015 
1743	 0.360877066850662 
1744	 0.361154288053513 
1745	 0.361394703388214 
1746	 0.361726939678192 
1747	 0.362059026956558 
1748	 0.362408071756363 
1749	 0.362946093082428 
1750	 0.363287478685379 
1751	 0.363478809595108 
1752	 0.363738656044006 
1753	 0.363894045352936 
1754	 0.364154547452927 
1755	 0.364542782306671 
1756	 0.364826053380966 
1757	 0.365060925483704 
1758	 0.365363121032715 
1759	 0.365661263465881 
1760	 0.36594820022583 
1761	 0.366302847862244 
1762	 0.366598337888718 
1763	 0.366829216480255 
1764	 0.367100417613983 
1765	 0.367374032735825 
1766	 0.367656111717224 
1767	 0.367895662784576 
1768	 0.368260741233826 
1769	 0.368776053190231 
1770	 0.369055241346359 
1771	 0.369286984205246 
1772	 0.369519114494324 
1773	 0.36960232257843 
1774	 0.369829922914505 
1775	 0.370109856128693 
1776	 0.370334923267365 
1777	 0.370548576116562 
1778	 0.370913088321686 
1779	 0.371232986450195 
1780	 0.371704787015915 
1781	 0.372038185596466 
1782	 0.372224479913712 
1783	 0.372507870197296 
1784	 0.372753322124481 
1785	 0.373003244400024 
1786	 0.373371064662933 
1787	 0.373678058385849 
1788	 0.37389600276947 
1789	 0.374168038368225 
1790	 0.374472439289093 
1791	 0.374733448028564 
1792	 0.37494221329689 
1793	 0.375244617462158 
1794	 0.375600516796112 
1795	 0.375902026891708 
1796	 0.376280635595322 
1797	 0.376514881849289 
1798	 0.376625597476959 
1799	 0.376741915941238 
1800	 0.376710683107376 
1801	 0.376942873001099 
1802	 0.377317637205124 
1803	 0.37759330868721 
1804	 0.378024250268936 
1805	 0.37825083732605 
1806	 0.378254473209381 
1807	 0.378388941287994 
1808	 0.378704458475113 
1809	 0.379140377044678 
1810	 0.379579335451126 
1811	 0.380042731761932 
1812	 0.380368798971176 
1813	 0.380346834659576 
1814	 0.380342096090317 
1815	 0.380357533693314 
1816	 0.380346179008484 
1817	 0.380763202905655 
1818	 0.381108015775681 
1819	 0.381561428308487 
1820	 0.381948441267014 
1821	 0.382247775793076 
1822	 0.382534474134445 
1823	 0.382771044969559 
1824	 0.383187115192413 
1825	 0.383705765008926 
1826	 0.384163707494736 
1827	 0.384712487459183 
1828	 0.385162711143494 
1829	 0.385543435811996 
1830	 0.385913640260696 
1831	 0.384773015975952 
1832	 0.38494199514389 
1833	 0.385217130184174 
1834	 0.385276138782501 
1835	 0.38528773188591 
1836	 0.385380804538727 
1837	 0.385278195142746 
1838	 0.385419279336929 
1839	 0.385764390230179 
1840	 0.38600966334343 
1841	 0.386062234640121 
1842	 0.385894358158112 
1843	 0.385943830013275 
1844	 0.386061787605286 
1845	 0.386104315519333 
1846	 0.386248856782913 
1847	 0.386364430189133 
1848	 0.386121034622192 
1849	 0.385975897312164 
1850	 0.38616418838501 
1851	 0.386302888393402 
1852	 0.386487901210785 
1853	 0.386757850646973 
1854	 0.386921882629395 
1855	 0.386907577514648 
1856	 0.387039870023727 
1857	 0.387374728918076 
1858	 0.387393355369568 
1859	 0.387185245752335 
1860	 0.387270420789719 
1861	 0.387313008308411 
1862	 0.387372046709061 
1863	 0.387474805116653 
1864	 0.387662142515183 
1865	 0.387761026620865 
1866	 0.387779772281647 
1867	 0.388013273477554 
1868	 0.388077348470688 
1869	 0.388160943984985 
1870	 0.388211607933044 
1871	 0.387927800416946 
1872	 0.387776404619217 
1873	 0.387917160987854 
1874	 0.387932628393173 
1875	 0.387940347194672 
1876	 0.387952715158463 
1877	 0.387979030609131 
1878	 0.387932687997818 
1879	 0.387900531291962 
1880	 0.387982964515686 
1881	 0.388131648302078 
1882	 0.388035535812378 
1883	 0.387865453958511 
1884	 0.387710690498352 
1885	 0.387615084648132 
1886	 0.387419790029526 
1887	 0.387526631355286 
1888	 0.387661784887314 
1889	 0.387648403644562 
1890	 0.387853771448135 
1891	 0.388014107942581 
1892	 0.387757509946823 
1893	 0.38733121752739 
1894	 0.386947423219681 
1895	 0.386474519968033 
1896	 0.386310219764709 
1897	 0.386389374732971 
1898	 0.386906504631042 
1899	 0.3872090280056 
1900	 0.387153059244156 
1901	 0.38685742020607 
1902	 0.386300832033157 
1903	 0.385829955339432 
1904	 0.38580122590065 
1905	 0.385737121105194 
1906	 0.385571151971817 
1907	 0.385596215724945 
1908	 0.385800570249558 
1909	 0.385710626840591 
1910	 0.385469287633896 
1911	 0.385386317968369 
1912	 0.38500902056694 
1913	 0.384866863489151 
1914	 0.384986191987991 
1915	 0.384912014007568 
1916	 0.385002076625824 
1917	 0.384871989488602 
1918	 0.384801357984543 
1919	 0.384689778089523 
1920	 0.384867310523987 
1921	 0.384667813777924 
1922	 0.384454399347305 
1923	 0.384247541427612 
1924	 0.383998095989227 
1925	 0.383989453315735 
1926	 0.38394096493721 
1927	 0.383805960416794 
1928	 0.383797615766525 
1929	 0.38380178809166 
1930	 0.383899301290512 
1931	 0.38389864563942 
1932	 0.383927404880524 
1933	 0.38397204875946 
1934	 0.384026408195496 
1935	 0.384168118238449 
1936	 0.38406503200531 
1937	 0.383847266435623 
1938	 0.383729249238968 
1939	 0.383599370718002 
1940	 0.383539080619812 
1941	 0.383608013391495 
1942	 0.383826375007629 
1943	 0.383919715881348 
1944	 0.383894383907318 
1945	 0.384015917778015 
1946	 0.384161353111267 
1947	 0.384205937385559 
1948	 0.384217113256454 
1949	 0.384491264820099 
1950	 0.384757608175278 
1951	 0.384720295667648 
1952	 0.38475313782692 
1953	 0.384898364543915 
1954	 0.384837657213211 
1955	 0.38450688123703 
1956	 0.384607672691345 
1957	 0.384807944297791 
1958	 0.384730190038681 
1959	 0.384726524353027 
1960	 0.384791433811188 
1961	 0.384811103343964 
1962	 0.384820163249969 
1963	 0.384941548109055 
1964	 0.385118514299393 
1965	 0.385172784328461 
1966	 0.385067015886307 
1967	 0.385102093219757 
1968	 0.385274589061737 
1969	 0.385275334119797 
1970	 0.385283619165421 
1971	 0.385310798883438 
1972	 0.385141491889954 
1973	 0.384898960590363 
1974	 0.38478210568428 
1975	 0.384999215602875 
1976	 0.385009557008743 
1977	 0.385044932365417 
1978	 0.385014742612839 
1979	 0.385161012411118 
1980	 0.384995520114899 
1981	 0.384892821311951 
1982	 0.385094106197357 
1983	 0.385332137346268 
1984	 0.38569512963295 
1985	 0.38585951924324 
1986	 0.385760068893433 
1987	 0.385552704334259 
1988	 0.385337352752686 
1989	 0.385339021682739 
1990	 0.385519593954086 
1991	 0.385946989059448 
1992	 0.38643005490303 
1993	 0.386658608913422 
1994	 0.386501610279083 
1995	 0.386501282453537 
1996	 0.386531949043274 
1997	 0.386344522237778 
1998	 0.38634380698204 
1999	 0.386439740657806 
2000	 0.38636440038681 
2001	 0.386355429887772 
2002	 0.386320114135742 
2003	 0.386351972818375 
2004	 0.386315584182739 
2005	 0.386270314455032 
2006	 0.386183798313141 
2007	 0.386135429143906 
2008	 0.386324375867844 
2009	 0.386579304933548 
2010	 0.386562317609787 
2011	 0.386443793773651 
2012	 0.386453807353973 
2013	 0.386425256729126 
2014	 0.386533915996552 
2015	 0.38660255074501 
2016	 0.386794984340668 
2017	 0.386724650859833 
2018	 0.386452108621597 
2019	 0.386317163705826 
2020	 0.386201024055481 
2021	 0.386234134435654 
2022	 0.386163115501404 
2023	 0.386044979095459 
2024	 0.385966032743454 
2025	 0.385870635509491 
2026	 0.385893613100052 
2027	 0.385707795619965 
2028	 0.385580748319626 
2029	 0.385379076004028 
2030	 0.385298043489456 
2031	 0.38519275188446 
2032	 0.385289639234543 
2033	 0.385419845581055 
2034	 0.385247319936752 
2035	 0.385289698839188 
2036	 0.385384917259216 
2037	 0.385340541601181 
2038	 0.38529759645462 
2039	 0.385190278291702 
2040	 0.385104805231094 
2041	 0.385208129882813 
2042	 0.385335117578506 
2043	 0.385218739509583 
2044	 0.384975343942642 
2045	 0.384690493345261 
2046	 0.384186446666718 
2047	 0.383670687675476 
2048	 0.383451193571091 
2049	 0.383488923311234 
2050	 0.383468866348267 
2051	 0.383536338806152 
2052	 0.3834228515625 
2053	 0.383076459169388 
2054	 0.382984399795532 
2055	 0.382774740457535 
2056	 0.382674962282181 
2057	 0.382732659578323 
2058	 0.382594227790833 
2059	 0.382138431072235 
2060	 0.382045149803162 
2061	 0.382021635770798 
2062	 0.382080256938934 
2063	 0.382328391075134 
2064	 0.38260155916214 
2065	 0.382595062255859 
2066	 0.382408887147903 
2067	 0.382250308990479 
2068	 0.382137060165405 
2069	 0.381990253925323 
2070	 0.381782710552216 
2071	 0.381591439247131 
2072	 0.381387054920197 
2073	 0.381283104419708 
2074	 0.381361037492752 
2075	 0.381398111581802 
2076	 0.381540358066559 
2077	 0.381449609994888 
2078	 0.381383031606674 
2079	 0.381247878074646 
2080	 0.380791038274765 
2081	 0.380453795194626 
2082	 0.380358517169952 
2083	 0.380201935768127 
2084	 0.380178600549698 
2085	 0.380118042230606 
2086	 0.379720240831375 
2087	 0.379429012537003 
2088	 0.379354417324066 
2089	 0.379487901926041 
2090	 0.379442363977432 
2091	 0.379499703645706 
2092	 0.379459619522095 
2093	 0.379243135452271 
2094	 0.379026293754578 
2095	 0.379197627305985 
2096	 0.379216492176056 
2097	 0.37904167175293 
2098	 0.379085898399353 
2099	 0.378987371921539 
2100	 0.378706485033035 
2101	 0.378450989723206 
2102	 0.37839350104332 
2103	 0.378273606300354 
2104	 0.378247290849686 
2105	 0.378279805183411 
2106	 0.378650665283203 
2107	 0.378577202558517 
2108	 0.378294765949249 
2109	 0.378144383430481 
2110	 0.377836227416992 
2111	 0.377610743045807 
2112	 0.377823442220688 
2113	 0.378016710281372 
2114	 0.378009438514709 
2115	 0.377898216247559 
2116	 0.37768942117691 
2117	 0.377235382795334 
2118	 0.377078384160995 
2119	 0.377256602048874 
2120	 0.377279609441757 
2121	 0.377369701862335 
2122	 0.377371579408646 
2123	 0.377209931612015 
2124	 0.377147108316422 
2125	 0.377154141664505 
2126	 0.377091825008392 
2127	 0.376911520957947 
2128	 0.376838237047195 
2129	 0.376844614744186 
2130	 0.376625239849091 
2131	 0.376333475112915 
2132	 0.376603722572327 
2133	 0.376814752817154 
2134	 0.376667469739914 
2135	 0.376717448234558 
2136	 0.376969486474991 
2137	 0.376923948526382 
2138	 0.376879334449768 
2139	 0.37704786658287 
2140	 0.376949936151505 
2141	 0.376845747232437 
2142	 0.376686781644821 
2143	 0.376637130975723 
2144	 0.376584470272064 
2145	 0.376575380563736 
2146	 0.37665981054306 
2147	 0.376641303300858 
2148	 0.376596182584763 
2149	 0.376447141170502 
2150	 0.376197725534439 
2151	 0.376233100891113 
2152	 0.376396864652634 
2153	 0.376257449388504 
2154	 0.376140981912613 
2155	 0.376211673021317 
2156	 0.376155287027359 
2157	 0.375833958387375 
2158	 0.375773876905441 
2159	 0.375924170017242 
2160	 0.37594610452652 
2161	 0.376283675432205 
2162	 0.376236408948898 
2163	 0.375855833292007 
2164	 0.375633507966995 
2165	 0.375068098306656 
2166	 0.374913245439529 
2167	 0.375206291675568 
2168	 0.375295966863632 
2169	 0.375349014997482 
2170	 0.375597655773163 
2171	 0.375718235969543 
2172	 0.375785529613495 
2173	 0.376056969165802 
2174	 0.376139372587204 
2175	 0.375890076160431 
2176	 0.37577623128891 
2177	 0.375948071479797 
2178	 0.376128047704697 
2179	 0.376176178455353 
2180	 0.376415967941284 
2181	 0.37650403380394 
2182	 0.376117527484894 
2183	 0.376084297895432 
2184	 0.376268535852432 
2185	 0.376432061195374 
2186	 0.376842319965363 
2187	 0.376967161893845 
2188	 0.376803457736969 
2189	 0.376887708902359 
2190	 0.376859158277512 
2191	 0.376964330673218 
2192	 0.377323597669601 
2193	 0.377850770950317 
2194	 0.378183722496033 
2195	 0.378103643655777 
2196	 0.377948135137558 
2197	 0.377820789813995 
2198	 0.377480119466782 
2199	 0.377473652362823 
2200	 0.377681642770767 
2201	 0.377658158540726 
2202	 0.377651751041412 
2203	 0.377506047487259 
2204	 0.37721711397171 
2205	 0.377129167318344 
2206	 0.377239048480988 
2207	 0.377410024404526 
2208	 0.377489924430847 
2209	 0.377544194459915 
2210	 0.377519905567169 
2211	 0.377271354198456 
2212	 0.377260237932205 
2213	 0.3774174451828 
2214	 0.377469271421433 
2215	 0.377654820680618 
2216	 0.377756863832474 
2217	 0.377865314483643 
2218	 0.377520650625229 
2219	 0.37736302614212 
2220	 0.377376586198807 
2221	 0.377262771129608 
2222	 0.377653062343597 
2223	 0.378128975629807 
2224	 0.378097176551819 
2225	 0.377812623977661 
2226	 0.377406358718872 
2227	 0.377025306224823 
2228	 0.377005279064178 
2229	 0.37713286280632 
2230	 0.377047955989838 
2231	 0.377072304487228 
2232	 0.37696161866188 
2233	 0.376782447099686 
2234	 0.37694725394249 
2235	 0.376729816198349 
2236	 0.376438915729523 
2237	 0.376309156417847 
2238	 0.376085489988327 
2239	 0.375928908586502 
2240	 0.37602162361145 
2241	 0.376084893941879 
2242	 0.37608727812767 
2243	 0.37606817483902 
2244	 0.376226603984833 
2245	 0.376101225614548 
2246	 0.375690251588821 
2247	 0.375601083040237 
2248	 0.375281065702438 
2249	 0.374753266572952 
2250	 0.37457549571991 
2251	 0.374617993831635 
2252	 0.375065118074417 
2253	 0.375634163618088 
2254	 0.375803709030151 
2255	 0.375668078660965 
2256	 0.375501364469528 
2257	 0.375075787305832 
2258	 0.374695628881454 
2259	 0.374757051467896 
2260	 0.37492772936821 
2261	 0.375106424093246 
2262	 0.375119715929031 
2263	 0.374871522188187 
2264	 0.374641954898834 
2265	 0.374368518590927 
2266	 0.373961895704269 
2267	 0.373758852481842 
2268	 0.373637825250626 
2269	 0.373180985450745 
2270	 0.372926741838455 
2271	 0.372874796390533 
2272	 0.372684836387634 
2273	 0.372292757034302 
2274	 0.372119873762131 
2275	 0.372111737728119 
2276	 0.371862351894379 
2277	 0.371381253004074 
2278	 0.371245086193085 
2279	 0.371061384677887 
2280	 0.371285110712051 
2281	 0.371982663869858 
2282	 0.372499972581863 
2283	 0.372732907533646 
2284	 0.372568666934967 
2285	 0.372317522764206 
2286	 0.372272670269012 
2287	 0.372520297765732 
2288	 0.372846692800522 
2289	 0.372865408658981 
2290	 0.372573435306549 
2291	 0.372106283903122 
2292	 0.372033894062042 
2293	 0.371961325407028 
2294	 0.371644020080566 
2295	 0.371369272470474 
2296	 0.370953768491745 
2297	 0.370939075946808 
2298	 0.371095567941666 
2299	 0.371254026889801 
2300	 0.371508181095123 
2301	 0.371289193630219 
2302	 0.371263206005096 
2303	 0.371214270591736 
2304	 0.370952427387238 
2305	 0.371281832456589 
2306	 0.37164169549942 
2307	 0.371730625629425 
2308	 0.371680229902267 
2309	 0.371663093566895 
2310	 0.371588319540024 
2311	 0.371358931064606 
2312	 0.371231019496918 
2313	 0.370761752128601 
2314	 0.370401620864868 
2315	 0.370557188987732 
2316	 0.370413959026337 
2317	 0.370220541954041 
2318	 0.370003759860992 
2319	 0.369540154933929 
2320	 0.369655877351761 
2321	 0.369722425937653 
2322	 0.369471281766891 
2323	 0.369461804628372 
2324	 0.369397580623627 
2325	 0.36931100487709 
2326	 0.369556605815887 
2327	 0.369659662246704 
2328	 0.369616955518723 
2329	 0.369711220264435 
2330	 0.369945585727692 
2331	 0.369967877864838 
2332	 0.369939565658569 
2333	 0.370278686285019 
2334	 0.370271414518356 
2335	 0.370219111442566 
2336	 0.370799601078033 
2337	 0.370716869831085 
2338	 0.370417416095734 
2339	 0.370667278766632 
2340	 0.370326459407806 
2341	 0.370171368122101 
2342	 0.370788216590881 
2343	 0.370984435081482 
2344	 0.370802968740463 
2345	 0.370691627264023 
2346	 0.370405584573746 
2347	 0.370239794254303 
2348	 0.369790196418762 
2349	 0.368961304426193 
2350	 0.36881959438324 
2351	 0.368630349636078 
2352	 0.368501365184784 
2353	 0.368999391794205 
2354	 0.369039684534073 
2355	 0.368351936340332 
2356	 0.368419528007507 
2357	 0.368720650672913 
2358	 0.368038803339005 
2359	 0.368084400892258 
2360	 0.368547827005386 
2361	 0.36838236451149 
2362	 0.368690311908722 
2363	 0.368901640176773 
2364	 0.368374317884445 
2365	 0.367996245622635 
2366	 0.368425786495209 
2367	 0.368860006332397 
2368	 0.368501096963882 
2369	 0.368447065353394 
2370	 0.368829756975174 
2371	 0.368077367544174 
2372	 0.367598325014114 
2373	 0.368434518575668 
2374	 0.367667645215988 
2375	 0.367384105920792 
2376	 0.368644028902054 
2377	 0.367906332015991 
2378	 0.367238879203796 
2379	 0.367477267980576 
2380	 0.36679819226265 
2381	 0.366627424955368 
2382	 0.367074996232986 
2383	 0.367095351219177 
2384	 0.36739057302475 
2385	 0.367658197879791 
2386	 0.367876768112183 
2387	 0.36796510219574 
2388	 0.367857456207275 
2389	 0.368677169084549 
2390	 0.368376284837723 
2391	 0.367717713117599 
2392	 0.368039101362228 
2393	 0.366635143756866 
2394	 0.365994423627853 
2395	 0.366929650306702 
2396	 0.366694748401642 
2397	 0.367388844490051 
2398	 0.369559079408646 
2399	 0.369307667016983 
2400	 0.368316888809204 
2401	 0.36898934841156 
2402	 0.36743488907814 
2403	 0.366049081087112 
2404	 0.366928905248642 
2405	 0.366744309663773 
2406	 0.367106705904007 
2407	 0.36775466799736 
2408	 0.366923987865448 
2409	 0.366969674825668 
2410	 0.368185937404633 
2411	 0.370015293359756 
2412	 0.371813237667084 
2413	 0.371131896972656 
2414	 0.369678378105164 
2415	 0.368667781352997 
2416	 0.367666870355606 
2417	 0.368157923221588 
2418	 0.368275880813599 
2419	 0.368312507867813 
2420	 0.369106233119965 
2421	 0.368527889251709 
2422	 0.36846536397934 
2423	 0.369346648454666 
2424	 0.370170503854752 
2425	 0.371069520711899 
2426	 0.371597290039063 
2427	 0.371278285980225 
2428	 0.369270265102386 
2429	 0.368133455514908 
2430	 0.368482083082199 
2431	 0.367578715085983 
2432	 0.366632759571075 
2433	 0.367757230997086 
2434	 0.368413150310516 
2435	 0.368150740861893 
2436	 0.369520902633667 
2437	 0.369472324848175 
2438	 0.367411464452744 
2439	 0.366471111774445 
2440	 0.365699291229248 
2441	 0.365370213985443 
2442	 0.36725726723671 
2443	 0.368359953165054 
2444	 0.36772409081459 
2445	 0.367455363273621 
2446	 0.365677267313004 
2447	 0.364541828632355 
2448	 0.366216242313385 
2449	 0.366769373416901 
2450	 0.366125464439392 
2451	 0.367087572813034 
2452	 0.36583200097084 
2453	 0.362622290849686 
2454	 0.363898485898972 
2455	 0.365304976701736 
2456	 0.364627301692963 
2457	 0.366971880197525 
2458	 0.369163304567337 
2459	 0.368052005767822 
2460	 0.368706583976746 
2461	 0.369856208562851 
2462	 0.369857221841812 
2463	 0.370625019073486 
2464	 0.370012700557709 
2465	 0.367553740739822 
2466	 0.365904569625854 
2467	 0.36237496137619 
2468	 0.361951470375061 
2469	 0.363911122083664 
2470	 0.365547478199005 
2471	 0.370956987142563 
2472	 0.371021836996078 
2473	 0.367559403181076 
2474	 0.366119921207428 
2475	 0.36127308011055 
2476	 0.359418630599976 
2477	 0.360712021589279 
2478	 0.362862586975098 
2479	 0.364404946565628 
2480	 0.365983664989471 
2481	 0.366115778684616 
2482	 0.364343702793121 
2483	 0.364191323518753 
2484	 0.36603569984436 
2485	 0.36909806728363 
2486	 0.370398223400116 
2487	 0.368891358375549 
2488	 0.368088245391846 
2489	 0.366436153650284 
2490	 0.362812280654907 
2491	 0.363170564174652 
2492	 0.364597529172897 
2493	 0.365173280239105 
2494	 0.369122475385666 
2495	 0.370146363973618 
2496	 0.367348045110703 
2497	 0.36230856180191 
2498	 0.360199302434921 
2499	 0.362903773784637 
2500	 0.365359842777252 
