350	 0.11741030216217 
351	 0.117517985403538 
352	 0.121052972972393 
353	 0.123385220766068 
354	 0.122195430099964 
355	 0.122044734656811 
356	 0.121272899210453 
357	 0.120580978691578 
358	 0.120934806764126 
359	 0.119985096156597 
360	 0.120010025799274 
361	 0.121664099395275 
362	 0.123841375112534 
363	 0.122255273163319 
364	 0.120267018675804 
365	 0.120016343891621 
366	 0.119195453822613 
367	 0.122178316116333 
368	 0.12432549893856 
369	 0.121347516775131 
370	 0.119936272501945 
371	 0.120583824813366 
372	 0.121402695775032 
373	 0.119748994708061 
374	 0.120130687952042 
375	 0.12162771821022 
376	 0.122412703931332 
377	 0.120349928736687 
378	 0.121352784335613 
379	 0.124021641910076 
380	 0.12536783516407 
381	 0.123470358550549 
382	 0.122731789946556 
383	 0.123364463448524 
384	 0.123499274253845 
385	 0.123462058603764 
386	 0.12398149818182 
387	 0.12469232827425 
388	 0.124051682651043 
389	 0.124359384179115 
390	 0.124956503510475 
391	 0.125071719288826 
392	 0.125282421708107 
393	 0.125588193535805 
394	 0.125606819987297 
395	 0.125225067138672 
396	 0.127084910869598 
397	 0.128062158823013 
398	 0.127370804548264 
399	 0.12694263458252 
400	 0.127790376543999 
401	 0.128598541021347 
402	 0.12827704846859 
403	 0.127035036683083 
404	 0.128296345472336 
405	 0.130302995443344 
406	 0.129918977618217 
407	 0.128685936331749 
408	 0.129053622484207 
409	 0.130596786737442 
410	 0.130300313234329 
411	 0.130412384867668 
412	 0.130871847271919 
413	 0.131228536367416 
414	 0.131032079458237 
415	 0.13129124045372 
416	 0.131908163428307 
417	 0.132392540574074 
418	 0.132830217480659 
419	 0.133118808269501 
420	 0.133323207497597 
421	 0.133675709366798 
422	 0.13428770005703 
423	 0.134868621826172 
424	 0.135242640972137 
425	 0.135680317878723 
426	 0.136142611503601 
427	 0.136515974998474 
428	 0.136769697070122 
429	 0.137698605656624 
430	 0.138083651661873 
431	 0.13787516951561 
432	 0.138396352529526 
433	 0.138876751065254 
434	 0.139403268694878 
435	 0.140101611614227 
436	 0.140728682279587 
437	 0.141208231449127 
438	 0.141779273748398 
439	 0.14274688065052 
440	 0.143682837486267 
441	 0.14422881603241 
442	 0.144557982683182 
443	 0.145523339509964 
444	 0.146336704492569 
445	 0.14673937857151 
446	 0.146867051720619 
447	 0.147756829857826 
448	 0.148320525884628 
449	 0.148412123322487 
450	 0.148564338684082 
451	 0.1488106995821 
452	 0.148899704217911 
453	 0.148790821433067 
454	 0.148917853832245 
455	 0.148970484733582 
456	 0.148996964097023 
457	 0.149110406637192 
458	 0.149147033691406 
459	 0.149214968085289 
460	 0.149404689669609 
461	 0.149774223566055 
462	 0.150187686085701 
463	 0.150402992963791 
464	 0.15040796995163 
465	 0.150802046060562 
466	 0.151077583432198 
467	 0.1512191593647 
468	 0.151430368423462 
469	 0.151763081550598 
470	 0.152001693844795 
471	 0.152131959795952 
472	 0.152429029345512 
473	 0.152713030576706 
474	 0.152939632534981 
475	 0.153163731098175 
476	 0.1536835283041 
477	 0.15406534075737 
478	 0.15423709154129 
479	 0.154410734772682 
480	 0.154962584376335 
481	 0.1554144769907 
482	 0.155548065900803 
483	 0.155831232666969 
484	 0.156309381127357 
485	 0.156792372465134 
486	 0.157073900103569 
487	 0.157315447926521 
488	 0.15765717625618 
489	 0.15812386572361 
490	 0.15861451625824 
491	 0.159006431698799 
492	 0.15939025580883 
493	 0.159844934940338 
494	 0.160309940576553 
495	 0.160723567008972 
496	 0.16103532910347 
497	 0.161248102784157 
498	 0.161776408553123 
499	 0.162200897932053 
500	 0.162428140640259 
501	 0.16300730407238 
502	 0.163356140255928 
503	 0.163664400577545 
504	 0.164208084344864 
505	 0.164643451571465 
506	 0.165030106902122 
507	 0.165318801999092 
508	 0.165389835834503 
509	 0.165771067142487 
510	 0.166297182440758 
511	 0.16676327586174 
512	 0.167187616229057 
513	 0.167401969432831 
514	 0.167581290006638 
515	 0.168008148670197 
516	 0.168567478656769 
517	 0.168909907341003 
518	 0.169053822755814 
519	 0.16951522231102 
520	 0.169972702860832 
521	 0.170370221138 
522	 0.170711115002632 
523	 0.17097570002079 
524	 0.17134116590023 
525	 0.171802222728729 
526	 0.172218918800354 
527	 0.172665923833847 
528	 0.173160120844841 
529	 0.173658221960068 
530	 0.173975571990013 
531	 0.174412935972214 
532	 0.174941793084145 
533	 0.175415515899658 
534	 0.175870776176453 
535	 0.176364988088608 
536	 0.176915913820267 
537	 0.177481219172478 
538	 0.178062975406647 
539	 0.178617522120476 
540	 0.179136157035828 
541	 0.179772645235062 
542	 0.180399045348167 
543	 0.181005120277405 
544	 0.181667372584343 
545	 0.182398602366447 
546	 0.183182388544083 
547	 0.183971494436264 
548	 0.184628799557686 
549	 0.185450255870819 
550	 0.186351865530014 
551	 0.187144160270691 
552	 0.188107967376709 
553	 0.189107492566109 
554	 0.19005686044693 
555	 0.190978854894638 
556	 0.192030981183052 
557	 0.193185701966286 
558	 0.194357231259346 
559	 0.195443943142891 
560	 0.19655667245388 
561	 0.197759494185448 
562	 0.199063181877136 
563	 0.200227737426758 
564	 0.201415956020355 
565	 0.202742606401443 
566	 0.204061508178711 
567	 0.205410569906235 
568	 0.206793531775475 
569	 0.208199664950371 
570	 0.209634631872177 
571	 0.211013317108154 
572	 0.21233931183815 
573	 0.213757365942001 
574	 0.215069904923439 
575	 0.216325670480728 
576	 0.217608362436295 
577	 0.218861356377602 
578	 0.220081523060799 
579	 0.22126430273056 
580	 0.222401157021523 
581	 0.223581284284592 
582	 0.224766120314598 
583	 0.22589798271656 
584	 0.226933345198631 
585	 0.227942809462547 
586	 0.228964567184448 
587	 0.230002194643021 
588	 0.230897545814514 
589	 0.231694906949997 
590	 0.232459932565689 
591	 0.233268827199936 
592	 0.233967155218124 
593	 0.234624281525612 
594	 0.235338777303696 
595	 0.236031293869019 
596	 0.23668010532856 
597	 0.237329825758934 
598	 0.238052606582642 
599	 0.238599240779877 
600	 0.239042922854424 
601	 0.239489138126373 
602	 0.239958330988884 
603	 0.240401223301888 
604	 0.240811914205551 
605	 0.241197511553764 
606	 0.241534367203712 
607	 0.241836100816727 
608	 0.242132633924484 
609	 0.24248605966568 
610	 0.242782086133957 
611	 0.243046268820763 
612	 0.243322476744652 
613	 0.243573740124702 
614	 0.243884846568108 
615	 0.244217708706856 
616	 0.244461610913277 
617	 0.244718372821808 
618	 0.244980245828629 
619	 0.245237961411476 
620	 0.245522677898407 
621	 0.245727211236954 
622	 0.245869442820549 
623	 0.246028482913971 
624	 0.246233224868774 
625	 0.246422216296196 
626	 0.246563658118248 
627	 0.246660366654396 
628	 0.246886014938354 
629	 0.247150704264641 
630	 0.247323617339134 
631	 0.247382089495659 
632	 0.247511386871338 
633	 0.247688606381416 
634	 0.247765958309174 
635	 0.247926115989685 
636	 0.248065024614334 
637	 0.248146399855614 
638	 0.248334467411041 
639	 0.248528525233269 
640	 0.248671472072601 
641	 0.248744830489159 
642	 0.24883671104908 
643	 0.24898025393486 
644	 0.249162822961807 
645	 0.249324917793274 
646	 0.249429598450661 
647	 0.249526828527451 
648	 0.249655902385712 
649	 0.249772429466248 
650	 0.249910190701485 
651	 0.250058829784393 
652	 0.250185400247574 
653	 0.250348597764969 
654	 0.250476777553558 
655	 0.250562161207199 
656	 0.250736147165298 
657	 0.250886976718903 
658	 0.251019507646561 
659	 0.251161247491837 
660	 0.251290798187256 
661	 0.251436710357666 
662	 0.251581013202667 
663	 0.251675426959991 
664	 0.25183892250061 
665	 0.252046316862106 
666	 0.252227544784546 
667	 0.252268373966217 
668	 0.252439439296722 
669	 0.252682894468308 
670	 0.252838790416718 
671	 0.252964615821838 
672	 0.253097951412201 
673	 0.253251731395721 
674	 0.253416776657104 
675	 0.25355526804924 
676	 0.253723084926605 
677	 0.253950655460358 
678	 0.254116386175156 
679	 0.254230529069901 
680	 0.254366904497147 
681	 0.25460222363472 
682	 0.25480917096138 
683	 0.254968553781509 
684	 0.255077302455902 
685	 0.255143195390701 
686	 0.255350142717361 
687	 0.255580186843872 
688	 0.255700707435608 
689	 0.255900651216507 
690	 0.256032139062881 
691	 0.256135910749435 
692	 0.256349623203278 
693	 0.256509512662888 
694	 0.256645530462265 
695	 0.256791174411774 
696	 0.256960213184357 
697	 0.257117867469788 
698	 0.25727978348732 
699	 0.257454127073288 
700	 0.257582068443298 
701	 0.25777280330658 
702	 0.257997006177902 
703	 0.25811755657196 
704	 0.25830751657486 
705	 0.258463531732559 
706	 0.258533000946045 
707	 0.258641391992569 
708	 0.25880166888237 
709	 0.259029060602188 
710	 0.259284019470215 
711	 0.259365260601044 
712	 0.25945571064949 
713	 0.259610503911972 
714	 0.259749233722687 
715	 0.259855777025223 
716	 0.259990274906158 
717	 0.260174125432968 
718	 0.260336637496948 
719	 0.260447859764099 
720	 0.260544866323471 
721	 0.260684370994568 
722	 0.260875344276428 
723	 0.261028826236725 
724	 0.261155545711517 
725	 0.261350512504578 
726	 0.261490285396576 
727	 0.261588335037231 
728	 0.2616927921772 
729	 0.261869251728058 
730	 0.261996686458588 
731	 0.262085437774658 
732	 0.262185126543045 
733	 0.262249886989594 
734	 0.262408256530762 
735	 0.262614876031876 
736	 0.2626913189888 
737	 0.262803077697754 
738	 0.262967973947525 
739	 0.263145983219147 
740	 0.263234883546829 
741	 0.2633036673069 
742	 0.263421297073364 
743	 0.263620167970657 
744	 0.263751894235611 
745	 0.263846814632416 
746	 0.26394334435463 
747	 0.264077246189117 
748	 0.264175772666931 
749	 0.264222949743271 
750	 0.264261454343796 
751	 0.264406830072403 
752	 0.264496773481369 
753	 0.264562755823135 
754	 0.264672100543976 
755	 0.264798730611801 
756	 0.264927357435226 
757	 0.265027225017548 
758	 0.265081763267517 
759	 0.265205830335617 
760	 0.265321999788284 
761	 0.265400171279907 
762	 0.265495866537094 
763	 0.265606492757797 
764	 0.265672028064728 
765	 0.265685558319092 
766	 0.265820026397705 
767	 0.26593554019928 
768	 0.266004353761673 
769	 0.266049742698669 
770	 0.266091674566269 
771	 0.266170620918274 
772	 0.266286611557007 
773	 0.266390323638916 
774	 0.266459554433823 
775	 0.266521096229553 
776	 0.266597241163254 
777	 0.266679108142853 
778	 0.266764968633652 
779	 0.266844421625137 
780	 0.266913563013077 
781	 0.267001867294312 
782	 0.267024874687195 
783	 0.267015665769577 
784	 0.267072588205338 
785	 0.267192393541336 
786	 0.267251640558243 
787	 0.267253220081329 
788	 0.267347872257233 
789	 0.267399847507477 
790	 0.267420738935471 
791	 0.267441898584366 
792	 0.267472803592682 
793	 0.267533332109451 
794	 0.267617553472519 
795	 0.267692983150482 
796	 0.267670810222626 
797	 0.26766762137413 
798	 0.267714947462082 
799	 0.267771810293198 
800	 0.26782289147377 
801	 0.267878025770187 
802	 0.267929583787918 
803	 0.267941802740097 
804	 0.267974138259888 
805	 0.268025159835815 
806	 0.268076986074448 
807	 0.268100708723068 
808	 0.26812806725502 
809	 0.268143147230148 
810	 0.268123775720596 
811	 0.268065214157104 
812	 0.268105179071426 
813	 0.268181264400482 
814	 0.268133223056793 
815	 0.268071085214615 
816	 0.268050044775009 
817	 0.268079876899719 
818	 0.268124639987946 
819	 0.268177598714828 
820	 0.268146067857742 
821	 0.268038332462311 
822	 0.26807513833046 
823	 0.268132776021957 
824	 0.268148064613342 
825	 0.268102020025253 
826	 0.268054455518723 
827	 0.268007874488831 
828	 0.26799464225769 
829	 0.268030256032944 
830	 0.267989277839661 
831	 0.267994344234467 
832	 0.268037289381027 
833	 0.268017470836639 
834	 0.267985135316849 
835	 0.267983287572861 
836	 0.268004924058914 
837	 0.268007576465607 
838	 0.268031150102615 
839	 0.268011212348938 
840	 0.267963141202927 
841	 0.268048465251923 
842	 0.268082171678543 
843	 0.268036752939224 
844	 0.267950743436813 
845	 0.267923623323441 
846	 0.26794359087944 
847	 0.268007129430771 
848	 0.268072426319122 
849	 0.268008917570114 
850	 0.267906188964844 
851	 0.267857760190964 
852	 0.26792111992836 
853	 0.268002897500992 
854	 0.268005877733231 
855	 0.267937868833542 
856	 0.267899692058563 
857	 0.26794221997261 
858	 0.267943114042282 
859	 0.267908930778503 
860	 0.267991781234741 
861	 0.268046528100967 
862	 0.268066018819809 
863	 0.268068820238113 
864	 0.268097519874573 
865	 0.268084198236465 
866	 0.268084615468979 
867	 0.268136441707611 
868	 0.268161565065384 
869	 0.268189042806625 
870	 0.268193125724792 
871	 0.268184959888458 
872	 0.268275111913681 
873	 0.268261969089508 
874	 0.268234580755234 
875	 0.268324017524719 
876	 0.268313884735107 
877	 0.268372923135757 
878	 0.26846382021904 
879	 0.268469363451004 
880	 0.26843523979187 
881	 0.268420964479446 
882	 0.268447875976563 
883	 0.268512934446335 
884	 0.268478691577911 
885	 0.268497675657272 
886	 0.268564373254776 
887	 0.268548667430878 
888	 0.268711984157562 
889	 0.268721550703049 
890	 0.26861560344696 
891	 0.268787622451782 
892	 0.268909931182861 
893	 0.269021719694138 
894	 0.269091248512268 
895	 0.269006758928299 
896	 0.269016683101654 
897	 0.269107818603516 
898	 0.269234925508499 
899	 0.269371628761292 
900	 0.269371509552002 
901	 0.269343763589859 
902	 0.269400984048843 
903	 0.269561797380447 
904	 0.269651889801025 
905	 0.269669711589813 
906	 0.269703984260559 
907	 0.269952982664108 
908	 0.270068883895874 
909	 0.270106703042984 
910	 0.270196586847305 
911	 0.2704136967659 
912	 0.270579367876053 
913	 0.270555317401886 
914	 0.270431727170944 
915	 0.270704388618469 
916	 0.270862549543381 
917	 0.270852535963058 
918	 0.270828813314438 
919	 0.271091818809509 
920	 0.271216362714767 
921	 0.271284729242325 
922	 0.27144056558609 
923	 0.271642237901688 
924	 0.271703630685806 
925	 0.271748155355453 
926	 0.27190312743187 
927	 0.272110283374786 
928	 0.272204726934433 
929	 0.272189885377884 
930	 0.272189944982529 
931	 0.272434741258621 
932	 0.272514283657074 
933	 0.272539079189301 
934	 0.272689431905746 
935	 0.273018211126328 
936	 0.273108661174774 
937	 0.2730972468853 
938	 0.27318599820137 
939	 0.273384004831314 
940	 0.273468852043152 
941	 0.273575276136398 
942	 0.273739069700241 
943	 0.273738473653793 
944	 0.273897886276245 
945	 0.274042725563049 
946	 0.274052679538727 
947	 0.274049997329712 
948	 0.274247109889984 
949	 0.274384886026382 
950	 0.274399131536484 
951	 0.274579465389252 
952	 0.274585992097855 
953	 0.274608433246613 
954	 0.274824529886246 
955	 0.275214731693268 
956	 0.275342762470245 
957	 0.275413453578949 
958	 0.275556743144989 
959	 0.275719046592712 
960	 0.275793194770813 
961	 0.275865167379379 
962	 0.275900393724442 
963	 0.275854706764221 
964	 0.276240617036819 
965	 0.276366293430328 
966	 0.276277661323547 
967	 0.276367098093033 
968	 0.276216179132462 
969	 0.2762670814991 
970	 0.276688814163208 
971	 0.277262657880783 
972	 0.277018934488297 
973	 0.277188569307327 
974	 0.277467548847198 
975	 0.277318716049194 
976	 0.277021884918213 
977	 0.277507424354553 
978	 0.277745306491852 
979	 0.277212470769882 
980	 0.277251929044724 
981	 0.277523100376129 
982	 0.277798563241959 
983	 0.277980774641037 
984	 0.278113394975662 
985	 0.277722239494324 
986	 0.277780264616013 
987	 0.278240650892258 
988	 0.27814194560051 
989	 0.277844667434692 
990	 0.277979105710983 
991	 0.278365761041641 
992	 0.278350353240967 
993	 0.277540355920792 
994	 0.277886569499969 
995	 0.278732389211655 
996	 0.278798311948776 
997	 0.278439044952393 
998	 0.278367042541504 
999	 0.27849268913269 
1000	 0.278476744890213 
1001	 0.278483539819717 
1002	 0.278557956218719 
1003	 0.278526186943054 
1004	 0.278494000434875 
1005	 0.278512179851532 
1006	 0.278629213571548 
1007	 0.278995990753174 
1008	 0.279105633497238 
1009	 0.279163777828217 
1010	 0.279142826795578 
1011	 0.278849363327026 
1012	 0.278784424066544 
1013	 0.278756529092789 
1014	 0.278928428888321 
1015	 0.278942584991455 
1016	 0.278927534818649 
1017	 0.279028415679932 
1018	 0.278934121131897 
1019	 0.278941988945007 
1020	 0.279077678918839 
1021	 0.279149651527405 
1022	 0.279210984706879 
1023	 0.279191255569458 
1024	 0.279117673635483 
1025	 0.279142439365387 
1026	 0.279110729694366 
1027	 0.279072225093842 
1028	 0.27915346622467 
1029	 0.279219627380371 
1030	 0.279019594192505 
1031	 0.278936445713043 
1032	 0.278859168291092 
1033	 0.27878201007843 
1034	 0.278769820928574 
1035	 0.278859049081802 
1036	 0.278826743364334 
1037	 0.278715968132019 
1038	 0.278714030981064 
1039	 0.278809100389481 
1040	 0.278760015964508 
1041	 0.278763324022293 
1042	 0.278667002916336 
1043	 0.278407484292984 
1044	 0.278025209903717 
1045	 0.278021901845932 
1046	 0.277985036373138 
1047	 0.278032869100571 
1048	 0.278362840414047 
1049	 0.278383523225784 
1050	 0.278231292963028 
1051	 0.278241753578186 
1052	 0.278220355510712 
1053	 0.278178125619888 
1054	 0.27817302942276 
1055	 0.278203904628754 
1056	 0.27820560336113 
1057	 0.278216958045959 
1058	 0.278298914432526 
1059	 0.27842304110527 
1060	 0.278345197439194 
1061	 0.278299689292908 
1062	 0.278225153684616 
1063	 0.278086066246033 
1064	 0.277994900941849 
1065	 0.27783527970314 
1066	 0.277855783700943 
1067	 0.278033405542374 
1068	 0.278088003396988 
1069	 0.278304696083069 
1070	 0.278281390666962 
1071	 0.277937650680542 
1072	 0.277852028608322 
1073	 0.277846962213516 
1074	 0.277767300605774 
1075	 0.277842968702316 
1076	 0.277790546417236 
1077	 0.277700960636139 
1078	 0.277420848608017 
1079	 0.277379244565964 
1080	 0.277406454086304 
1081	 0.277452379465103 
1082	 0.277638703584671 
1083	 0.277717590332031 
1084	 0.27783215045929 
1085	 0.277800887823105 
1086	 0.277565777301788 
1087	 0.277510911226273 
1088	 0.277469456195831 
1089	 0.277421206235886 
1090	 0.277555823326111 
1091	 0.277556031942368 
1092	 0.277387589216232 
1093	 0.276952534914017 
1094	 0.276879757642746 
1095	 0.276838570833206 
1096	 0.276822417974472 
1097	 0.277088791131973 
1098	 0.277099162340164 
1099	 0.276855617761612 
1100	 0.276849806308746 
1101	 0.276998102664948 
1102	 0.277005165815353 
1103	 0.27698889374733 
1104	 0.277041465044022 
1105	 0.277117311954498 
1106	 0.277085781097412 
1107	 0.277041167020798 
1108	 0.277052998542786 
1109	 0.277019858360291 
1110	 0.276793122291565 
1111	 0.27680715918541 
1112	 0.27704530954361 
1113	 0.277045547962189 
1114	 0.277005165815353 
1115	 0.276948183774948 
1116	 0.276682555675507 
1117	 0.276631623506546 
1118	 0.27669957280159 
1119	 0.276753157377243 
1120	 0.277021259069443 
1121	 0.277048647403717 
1122	 0.276926517486572 
1123	 0.276794195175171 
1124	 0.276675462722778 
1125	 0.276427328586578 
1126	 0.276337057352066 
1127	 0.27633199095726 
1128	 0.276350945234299 
1129	 0.276416599750519 
1130	 0.276451528072357 
1131	 0.276589184999466 
1132	 0.276602119207382 
1133	 0.276479184627533 
1134	 0.27647802233696 
1135	 0.276496708393097 
1136	 0.276507079601288 
1137	 0.276596903800964 
1138	 0.276650726795197 
1139	 0.276657909154892 
1140	 0.276672065258026 
1141	 0.276705056428909 
1142	 0.276780039072037 
1143	 0.276766985654831 
1144	 0.276703953742981 
1145	 0.276682943105698 
1146	 0.276623874902725 
1147	 0.276596456766129 
1148	 0.276622712612152 
1149	 0.276614397764206 
1150	 0.276549726724625 
1151	 0.276557505130768 
1152	 0.27666562795639 
1153	 0.276657819747925 
1154	 0.276510715484619 
1155	 0.276536166667938 
1156	 0.276622027158737 
1157	 0.276695340871811 
1158	 0.276781231164932 
1159	 0.276944905519485 
1160	 0.276955455541611 
1161	 0.276749670505524 
1162	 0.276725351810455 
1163	 0.276802688837051 
1164	 0.276754409074783 
1165	 0.276630967855453 
1166	 0.276609599590302 
1167	 0.276561796665192 
1168	 0.276538997888565 
1169	 0.276628881692886 
1170	 0.276644110679626 
1171	 0.276604920625687 
1172	 0.276567727327347 
1173	 0.2764533162117 
1174	 0.276486277580261 
1175	 0.276580691337585 
1176	 0.276558220386505 
1177	 0.27658873796463 
1178	 0.276720494031906 
1179	 0.276740998029709 
1180	 0.276647388935089 
1181	 0.276670038700104 
1182	 0.276723116636276 
1183	 0.276742160320282 
1184	 0.276806950569153 
1185	 0.276818782091141 
1186	 0.276762425899506 
1187	 0.276741653680801 
1188	 0.276745349168777 
1189	 0.276761651039124 
1190	 0.276800453662872 
1191	 0.276809126138687 
1192	 0.276855647563934 
1193	 0.276898801326752 
1194	 0.27695307135582 
1195	 0.276960223913193 
1196	 0.276975125074387 
1197	 0.276976972818375 
1198	 0.277002841234207 
1199	 0.277031511068344 
1200	 0.277099370956421 
1201	 0.277199357748032 
1202	 0.277247875928879 
1203	 0.277298122644424 
1204	 0.277342081069946 
1205	 0.27741214632988 
1206	 0.277437627315521 
1207	 0.277395099401474 
1208	 0.277391493320465 
1209	 0.277378737926483 
1210	 0.277347654104233 
1211	 0.27728733420372 
1212	 0.277384161949158 
1213	 0.277467966079712 
1214	 0.277363121509552 
1215	 0.277335643768311 
1216	 0.277375519275665 
1217	 0.277358084917068 
1218	 0.277274012565613 
1219	 0.277329444885254 
1220	 0.277439773082733 
1221	 0.277521938085556 
1222	 0.277674168348312 
1223	 0.27779820561409 
1224	 0.277938008308411 
1225	 0.278007447719574 
1226	 0.278023064136505 
1227	 0.278071880340576 
1228	 0.278067529201508 
1229	 0.278050601482391 
1230	 0.278121829032898 
1231	 0.278289049863815 
1232	 0.278349936008453 
1233	 0.278314262628555 
1234	 0.27821946144104 
1235	 0.278188556432724 
1236	 0.278276085853577 
1237	 0.27831757068634 
1238	 0.278362810611725 
1239	 0.278441488742828 
1240	 0.278516799211502 
1241	 0.278583407402039 
1242	 0.278627812862396 
1243	 0.278693705797195 
1244	 0.278724044561386 
1245	 0.278684437274933 
1246	 0.27872222661972 
1247	 0.278822332620621 
1248	 0.278843134641647 
1249	 0.278896629810333 
1250	 0.278961360454559 
1251	 0.278882086277008 
1252	 0.27882719039917 
1253	 0.278868764638901 
1254	 0.278781026601791 
1255	 0.27887487411499 
1256	 0.279203087091446 
1257	 0.27938249707222 
1258	 0.279373586177826 
1259	 0.279427736997604 
1260	 0.279392123222351 
1261	 0.279438853263855 
1262	 0.279578387737274 
1263	 0.279667347669601 
1264	 0.279716342687607 
1265	 0.279720216989517 
1266	 0.279691398143768 
1267	 0.279715746641159 
1268	 0.279725223779678 
1269	 0.279790163040161 
1270	 0.279987573623657 
1271	 0.280027061700821 
1272	 0.280008524656296 
1273	 0.280168384313583 
1274	 0.28017395734787 
1275	 0.280146241188049 
1276	 0.280263900756836 
1277	 0.280231803655624 
1278	 0.280272424221039 
1279	 0.280355125665665 
1280	 0.280277967453003 
1281	 0.280325412750244 
1282	 0.280384659767151 
1283	 0.280386924743652 
1284	 0.280453026294708 
1285	 0.280683606863022 
1286	 0.280711680650711 
1287	 0.280588746070862 
1288	 0.280600845813751 
1289	 0.280576586723328 
1290	 0.280605107545853 
1291	 0.280762225389481 
1292	 0.280835658311844 
1293	 0.280942887067795 
1294	 0.281004726886749 
1295	 0.280868351459503 
1296	 0.280924946069717 
1297	 0.28122153878212 
1298	 0.281310737133026 
1299	 0.281270653009415 
1300	 0.281303912401199 
1301	 0.281161457300186 
1302	 0.281092584133148 
1303	 0.281342208385468 
1304	 0.281470507383347 
1305	 0.281509876251221 
1306	 0.281427890062332 
1307	 0.281449526548386 
1308	 0.281428784132004 
1309	 0.281473338603973 
1310	 0.281608581542969 
1311	 0.281657457351685 
1312	 0.28165802359581 
1313	 0.281695276498795 
1314	 0.28174614906311 
1315	 0.281766712665558 
1316	 0.281709164381027 
1317	 0.281692743301392 
1318	 0.281726002693176 
1319	 0.281649470329285 
1320	 0.281705647706985 
1321	 0.281853646039963 
1322	 0.281743586063385 
1323	 0.281704515218735 
1324	 0.281671017408371 
1325	 0.281555444002151 
1326	 0.281715780496597 
1327	 0.281819254159927 
1328	 0.281814604997635 
1329	 0.281940877437592 
1330	 0.281969040632248 
1331	 0.281878173351288 
1332	 0.281840801239014 
1333	 0.281879127025604 
1334	 0.281867265701294 
1335	 0.281712353229523 
1336	 0.281768351793289 
1337	 0.282001912593842 
1338	 0.282059282064438 
1339	 0.282097160816193 
1340	 0.28221270442009 
1341	 0.2821424305439 
1342	 0.282051771879196 
1343	 0.282186150550842 
1344	 0.282418549060822 
1345	 0.282613694667816 
1346	 0.282658189535141 
1347	 0.282594054937363 
1348	 0.282617807388306 
1349	 0.282647848129272 
1350	 0.282771915197372 
1351	 0.282987147569656 
1352	 0.283030569553375 
1353	 0.282986462116241 
1354	 0.282979279756546 
1355	 0.282990366220474 
1356	 0.283063322305679 
1357	 0.283210039138794 
1358	 0.283283650875092 
1359	 0.283331334590912 
1360	 0.283276528120041 
1361	 0.283274263143539 
1362	 0.283326625823975 
1363	 0.283330917358398 
1364	 0.283205986022949 
1365	 0.283253878355026 
1366	 0.283415198326111 
1367	 0.283466130495071 
1368	 0.28339621424675 
1369	 0.283441513776779 
1370	 0.283394008874893 
1371	 0.283320486545563 
1372	 0.283490598201752 
1373	 0.283661544322968 
1374	 0.283552289009094 
1375	 0.283478856086731 
1376	 0.283564805984497 
1377	 0.283579915761948 
1378	 0.28356409072876 
1379	 0.283532351255417 
1380	 0.283394545316696 
1381	 0.283233046531677 
1382	 0.283179342746735 
1383	 0.283249944448471 
1384	 0.283272087574005 
1385	 0.283130317926407 
1386	 0.282947659492493 
1387	 0.282697856426239 
1388	 0.282458662986755 
1389	 0.282203018665314 
1390	 0.281945168972015 
1391	 0.281715869903564 
1392	 0.281400442123413 
1393	 0.280953854322433 
1394	 0.280577957630157 
1395	 0.280218690633774 
1396	 0.279844671487808 
1397	 0.279388904571533 
1398	 0.279046505689621 
1399	 0.278689116239548 
1400	 0.27829509973526 
1401	 0.277942597866058 
1402	 0.277561217546463 
1403	 0.277219951152802 
1404	 0.27691662311554 
1405	 0.276637971401215 
1406	 0.276453137397766 
1407	 0.276253819465637 
1408	 0.276057511568069 
1409	 0.276020288467407 
1410	 0.276073783636093 
1411	 0.27618744969368 
1412	 0.27644094824791 
1413	 0.276710003614426 
1414	 0.276981979608536 
1415	 0.277352422475815 
1416	 0.277696490287781 
1417	 0.278074860572815 
1418	 0.278578996658325 
1419	 0.27900242805481 
1420	 0.279410183429718 
1421	 0.279870361089706 
1422	 0.280269235372543 
1423	 0.28057399392128 
1424	 0.280815690755844 
1425	 0.281086087226868 
1426	 0.281265258789063 
1427	 0.281456917524338 
1428	 0.281758248806 
1429	 0.281902134418488 
1430	 0.281897366046906 
1431	 0.281982421875 
1432	 0.28215754032135 
1433	 0.282305538654327 
1434	 0.282476961612701 
1435	 0.282585471868515 
1436	 0.28257355093956 
1437	 0.282550454139709 
1438	 0.282638221979141 
1439	 0.282712996006012 
1440	 0.282751739025116 
1441	 0.282822966575623 
1442	 0.282860368490219 
1443	 0.282949239015579 
1444	 0.283060640096664 
1445	 0.283063769340515 
1446	 0.283096253871918 
1447	 0.283136695623398 
1448	 0.283121407032013 
1449	 0.283196717500687 
1450	 0.283318370580673 
1451	 0.28338611125946 
1452	 0.283453285694122 
1453	 0.283489674329758 
1454	 0.283505499362946 
1455	 0.283581525087357 
1456	 0.283641576766968 
1457	 0.283648014068604 
1458	 0.283760339021683 
1459	 0.283904314041138 
1460	 0.283905565738678 
1461	 0.283939927816391 
1462	 0.28401854634285 
1463	 0.28397861123085 
1464	 0.284026801586151 
1465	 0.284264206886292 
1466	 0.284372717142105 
1467	 0.284372210502625 
1468	 0.284445554018021 
1469	 0.284513682126999 
1470	 0.284536153078079 
1471	 0.284588158130646 
1472	 0.284668356180191 
1473	 0.284725338220596 
1474	 0.284726917743683 
1475	 0.284890651702881 
1476	 0.284966200590134 
1477	 0.285030364990234 
1478	 0.285186499357224 
1479	 0.285243153572083 
1480	 0.285268187522888 
1481	 0.285289883613586 
1482	 0.285261303186417 
1483	 0.285313189029694 
1484	 0.285369157791138 
1485	 0.28538453578949 
1486	 0.285522699356079 
1487	 0.285586416721344 
1488	 0.285538911819458 
1489	 0.285612732172012 
1490	 0.285644173622131 
1491	 0.285655081272125 
1492	 0.285840034484863 
1493	 0.285988062620163 
1494	 0.286071330308914 
1495	 0.286246120929718 
1496	 0.286373615264893 
1497	 0.28636246919632 
1498	 0.286398828029633 
1499	 0.286469668149948 
1500	 0.286444365978241 
1501	 0.286471456289291 
1502	 0.2865891456604 
1503	 0.286666750907898 
1504	 0.28674778342247 
1505	 0.286878496408463 
1506	 0.286992996931076 
1507	 0.286991447210312 
1508	 0.286911487579346 
1509	 0.286943137645721 
1510	 0.287042796611786 
1511	 0.287098973989487 
1512	 0.287193030118942 
1513	 0.287240147590637 
1514	 0.287222146987915 
1515	 0.287261307239532 
1516	 0.287275522947311 
1517	 0.287297040224075 
1518	 0.287317752838135 
1519	 0.287343770265579 
1520	 0.287392526865005 
1521	 0.287409394979477 
1522	 0.287332564592361 
1523	 0.28740993142128 
1524	 0.287582814693451 
1525	 0.287676423788071 
1526	 0.287877798080444 
1527	 0.287973195314407 
1528	 0.287936955690384 
1529	 0.287952959537506 
1530	 0.287961184978485 
1531	 0.287992209196091 
1532	 0.288001984357834 
1533	 0.288030833005905 
1534	 0.288118422031403 
1535	 0.28817680478096 
1536	 0.288211554288864 
1537	 0.288315713405609 
1538	 0.288360476493835 
1539	 0.288466215133667 
1540	 0.288586050271988 
1541	 0.288544237613678 
1542	 0.288551926612854 
1543	 0.288643628358841 
1544	 0.288745611906052 
1545	 0.28886342048645 
1546	 0.288950771093369 
1547	 0.289013832807541 
1548	 0.289018779993057 
1549	 0.289057224988937 
1550	 0.289164036512375 
1551	 0.289157956838608 
1552	 0.289128035306931 
1553	 0.289222896099091 
1554	 0.289300858974457 
1555	 0.289388060569763 
1556	 0.289540559053421 
1557	 0.289617598056793 
1558	 0.289637714624405 
1559	 0.289657980203629 
1560	 0.289707094430923 
1561	 0.289829522371292 
1562	 0.289860218763351 
1563	 0.289854228496552 
1564	 0.28990250825882 
1565	 0.289823323488235 
1566	 0.289860755205154 
1567	 0.290024161338806 
1568	 0.289991706609726 
1569	 0.290009766817093 
1570	 0.290117979049683 
1571	 0.290120095014572 
1572	 0.290204405784607 
1573	 0.290351867675781 
1574	 0.290373146533966 
1575	 0.29041576385498 
1576	 0.290510028600693 
1577	 0.290469944477081 
1578	 0.290383040904999 
1579	 0.290379196405411 
1580	 0.290421903133392 
1581	 0.290487885475159 
1582	 0.29058963060379 
1583	 0.290657013654709 
1584	 0.290633767843246 
1585	 0.290605038404465 
1586	 0.290649741888046 
1587	 0.290754705667496 
1588	 0.290871649980545 
1589	 0.290961652994156 
1590	 0.290971666574478 
1591	 0.290981590747833 
1592	 0.291006416082382 
1593	 0.290972858667374 
1594	 0.291014403104782 
1595	 0.291054666042328 
1596	 0.291033387184143 
1597	 0.291092842817307 
1598	 0.291163682937622 
1599	 0.291166037321091 
1600	 0.291161209344864 
1601	 0.291281193494797 
1602	 0.291368126869202 
1603	 0.291348159313202 
1604	 0.291399598121643 
1605	 0.29138571023941 
1606	 0.291388362646103 
1607	 0.291528582572937 
1608	 0.291637152433395 
1609	 0.291730880737305 
1610	 0.291755020618439 
1611	 0.291641086339951 
1612	 0.291530549526215 
1613	 0.291524648666382 
1614	 0.291663765907288 
1615	 0.291819959878922 
1616	 0.291859805583954 
1617	 0.29186800122261 
1618	 0.29189521074295 
1619	 0.291861474514008 
1620	 0.291809976100922 
1621	 0.291832059621811 
1622	 0.291843056678772 
1623	 0.291811168193817 
1624	 0.291919380426407 
1625	 0.29211238026619 
1626	 0.292175054550171 
1627	 0.292182207107544 
1628	 0.292143017053604 
1629	 0.292092382907867 
1630	 0.2922083735466 
1631	 0.292297899723053 
1632	 0.29228663444519 
1633	 0.292364209890366 
1634	 0.292328089475632 
1635	 0.292230427265167 
1636	 0.292435824871063 
1637	 0.292541354894638 
1638	 0.292403221130371 
1639	 0.292502492666245 
1640	 0.292535781860352 
1641	 0.292397230863571 
1642	 0.292459279298782 
1643	 0.292523831129074 
1644	 0.292612224817276 
1645	 0.29279500246048 
1646	 0.292918890714645 
1647	 0.292981863021851 
1648	 0.293005138635635 
1649	 0.293099999427795 
1650	 0.293227821588516 
1651	 0.293305367231369 
1652	 0.293307483196259 
1653	 0.293291389942169 
1654	 0.293381243944168 
1655	 0.293416500091553 
1656	 0.293389827013016 
1657	 0.29339200258255 
1658	 0.293375045061111 
1659	 0.29350945353508 
1660	 0.293765872716904 
1661	 0.293962806463242 
1662	 0.293976008892059 
1663	 0.293870985507965 
1664	 0.293809324502945 
1665	 0.293713599443436 
1666	 0.293730914592743 
1667	 0.293869078159332 
1668	 0.293908327817917 
1669	 0.2939792573452 
1670	 0.29401707649231 
1671	 0.293961971998215 
1672	 0.293956756591797 
1673	 0.2939173579216 
1674	 0.29392471909523 
1675	 0.294005244970322 
1676	 0.294015824794769 
1677	 0.294062852859497 
1678	 0.294082909822464 
1679	 0.294097930192947 
1680	 0.294124156236649 
1681	 0.294181168079376 
1682	 0.294235706329346 
1683	 0.294293791055679 
1684	 0.294414430856705 
1685	 0.294479250907898 
1686	 0.294524520635605 
1687	 0.294528394937515 
1688	 0.294422328472137 
1689	 0.294440716505051 
1690	 0.294524729251862 
1691	 0.29454693198204 
1692	 0.294652163982391 
1693	 0.294711291790009 
1694	 0.294667303562164 
1695	 0.294683516025543 
1696	 0.29475325345993 
1697	 0.29476922750473 
1698	 0.294702380895615 
1699	 0.294762849807739 
1700	 0.294892430305481 
1701	 0.294991701841354 
1702	 0.29522231221199 
1703	 0.295295208692551 
1704	 0.295219153165817 
1705	 0.295249611139297 
1706	 0.295229583978653 
1707	 0.295272052288055 
1708	 0.295415431261063 
1709	 0.295502364635468 
1710	 0.295622944831848 
1711	 0.295664519071579 
1712	 0.295641273260117 
1713	 0.295645654201508 
1714	 0.295598059892654 
1715	 0.295600265264511 
1716	 0.295677185058594 
1717	 0.295704513788223 
1718	 0.295743435621262 
1719	 0.295694887638092 
1720	 0.295507907867432 
1721	 0.295579016208649 
1722	 0.295758783817291 
1723	 0.295802354812622 
1724	 0.296004414558411 
1725	 0.295984536409378 
1726	 0.295658081769943 
1727	 0.29568949341774 
1728	 0.295871376991272 
1729	 0.295913875102997 
1730	 0.296036869287491 
1731	 0.29602774977684 
1732	 0.295991271734238 
1733	 0.296050488948822 
1734	 0.29604035615921 
1735	 0.295999974012375 
1736	 0.295993208885193 
1737	 0.296046882867813 
1738	 0.296034216880798 
1739	 0.295983463525772 
1740	 0.295937538146973 
1741	 0.295808702707291 
1742	 0.295750081539154 
1743	 0.29581356048584 
1744	 0.295767247676849 
1745	 0.295583575963974 
1746	 0.295577436685562 
1747	 0.295620262622833 
1748	 0.295648008584976 
1749	 0.295888364315033 
1750	 0.295933187007904 
1751	 0.295803070068359 
1752	 0.295740783214569 
1753	 0.295587092638016 
1754	 0.295558333396912 
1755	 0.295556128025055 
1756	 0.295654684305191 
1757	 0.295992463827133 
1758	 0.29605570435524 
1759	 0.29606419801712 
1760	 0.296022146940231 
1761	 0.295713901519775 
1762	 0.295655429363251 
1763	 0.295735746622086 
1764	 0.29577049612999 
1765	 0.295917183160782 
1766	 0.29588258266449 
1767	 0.295697659254074 
1768	 0.295688569545746 
1769	 0.295678973197937 
1770	 0.295684188604355 
1771	 0.295811742544174 
1772	 0.295844048261642 
1773	 0.295824021100998 
1774	 0.295771211385727 
1775	 0.295667380094528 
1776	 0.295606732368469 
1777	 0.29558390378952 
1778	 0.295711517333984 
1779	 0.295900791883469 
1780	 0.295822829008102 
1781	 0.295840829610825 
1782	 0.295814156532288 
1783	 0.295822411775589 
1784	 0.295949786901474 
1785	 0.296047866344452 
1786	 0.296165734529495 
1787	 0.296198666095734 
1788	 0.2961405813694 
1789	 0.296183884143829 
1790	 0.29619100689888 
1791	 0.296223253011703 
1792	 0.296374380588531 
1793	 0.296458631753922 
1794	 0.296534776687622 
1795	 0.296549320220947 
1796	 0.296506077051163 
1797	 0.296507924795151 
1798	 0.296453475952148 
1799	 0.296406000852585 
1800	 0.296404391527176 
1801	 0.296396732330322 
1802	 0.296334683895111 
1803	 0.296354293823242 
1804	 0.296443492174149 
1805	 0.29648157954216 
1806	 0.296545177698135 
1807	 0.296602010726929 
1808	 0.296725153923035 
1809	 0.296894013881683 
1810	 0.296910375356674 
1811	 0.296921700239182 
1812	 0.296977549791336 
1813	 0.296879261732101 
1814	 0.296866953372955 
1815	 0.296980053186417 
1816	 0.296923041343689 
1817	 0.297097086906433 
1818	 0.297176361083984 
1819	 0.297083884477615 
1820	 0.297128170728683 
1821	 0.297206073999405 
1822	 0.297160863876343 
1823	 0.297183156013489 
1824	 0.297207027673721 
1825	 0.297099411487579 
1826	 0.297176390886307 
1827	 0.297449916601181 
1828	 0.297482401132584 
1829	 0.297428339719772 
1830	 0.297255754470825 
1831	 0.297600865364075 
1832	 0.297544956207275 
1833	 0.297187864780426 
1834	 0.297183036804199 
1835	 0.297276049852371 
1836	 0.297350108623505 
1837	 0.297541528940201 
1838	 0.297937393188477 
1839	 0.297902494668961 
1840	 0.297757923603058 
1841	 0.297630101442337 
1842	 0.297505050897598 
1843	 0.297472298145294 
1844	 0.297585546970367 
1845	 0.297678589820862 
1846	 0.297869086265564 
1847	 0.297889828681946 
1848	 0.2978755235672 
1849	 0.298053205013275 
1850	 0.298026382923126 
1851	 0.297863513231277 
1852	 0.297791749238968 
1853	 0.297835111618042 
1854	 0.297846049070358 
1855	 0.297968834638596 
1856	 0.297997772693634 
1857	 0.298055350780487 
1858	 0.297873556613922 
1859	 0.297762125730515 
1860	 0.297670751810074 
1861	 0.297760277986526 
1862	 0.297815412282944 
1863	 0.297725707292557 
1864	 0.297455638647079 
1865	 0.297384768724442 
1866	 0.297254651784897 
1867	 0.297276049852371 
1868	 0.297487080097198 
1869	 0.297472774982452 
1870	 0.297351479530334 
1871	 0.297152578830719 
1872	 0.296791017055511 
1873	 0.296644181013107 
1874	 0.296401709318161 
1875	 0.295992106199265 
1876	 0.295755386352539 
1877	 0.295704692602158 
1878	 0.295440047979355 
1879	 0.295057326555252 
1880	 0.29477447271347 
1881	 0.294201195240021 
1882	 0.293600022792816 
1883	 0.293030679225922 
1884	 0.292544096708298 
1885	 0.292130768299103 
1886	 0.291818141937256 
1887	 0.291380107402802 
1888	 0.290949732065201 
1889	 0.290387004613876 
1890	 0.289540946483612 
1891	 0.288787573575974 
1892	 0.288319826126099 
1893	 0.287873297929764 
1894	 0.287265360355377 
1895	 0.286587774753571 
1896	 0.285995095968246 
1897	 0.285288751125336 
1898	 0.284684628248215 
1899	 0.284157186746597 
1900	 0.283618628978729 
1901	 0.283059865236282 
1902	 0.282382249832153 
1903	 0.281934529542923 
1904	 0.281525611877441 
1905	 0.280993819236755 
1906	 0.280682593584061 
1907	 0.280411511659622 
1908	 0.280188053846359 
1909	 0.280034422874451 
1910	 0.279857993125916 
1911	 0.279478847980499 
1912	 0.279190897941589 
1913	 0.27900955080986 
1914	 0.278810113668442 
1915	 0.278782367706299 
1916	 0.278627842664719 
1917	 0.278256893157959 
1918	 0.278141647577286 
1919	 0.278247982263565 
1920	 0.278356403112412 
1921	 0.278063267469406 
1922	 0.277930200099945 
1923	 0.277842909097672 
1924	 0.277477264404297 
1925	 0.277566999197006 
1926	 0.277818202972412 
1927	 0.277730226516724 
1928	 0.277675718069077 
1929	 0.277721673250198 
1930	 0.277787625789642 
1931	 0.277891606092453 
1932	 0.277998447418213 
1933	 0.278029680252075 
1934	 0.277925103902817 
1935	 0.277762144804001 
1936	 0.277729630470276 
1937	 0.277799069881439 
1938	 0.277902960777283 
1939	 0.277948021888733 
1940	 0.278031945228577 
1941	 0.278107523918152 
1942	 0.278183907270432 
1943	 0.278269559144974 
1944	 0.27850329875946 
1945	 0.278575152158737 
1946	 0.278454631567001 
1947	 0.278621524572372 
1948	 0.278911620378494 
1949	 0.279046386480331 
1950	 0.279188871383667 
1951	 0.279332041740417 
1952	 0.279471069574356 
1953	 0.279410183429718 
1954	 0.279525250196457 
1955	 0.279806137084961 
1956	 0.279939532279968 
1957	 0.280078709125519 
1958	 0.280160069465637 
1959	 0.280208140611649 
1960	 0.280420541763306 
1961	 0.280496448278427 
1962	 0.280489504337311 
1963	 0.280742675065994 
1964	 0.281025230884552 
1965	 0.281124174594879 
1966	 0.28111532330513 
1967	 0.281240880489349 
1968	 0.28136271238327 
1969	 0.281207948923111 
1970	 0.281377881765366 
1971	 0.281836241483688 
1972	 0.281978368759155 
1973	 0.282238155603409 
1974	 0.282660931348801 
1975	 0.282828003168106 
1976	 0.282977402210236 
1977	 0.283071875572205 
1978	 0.283308893442154 
1979	 0.283523917198181 
1980	 0.283675163984299 
1981	 0.283841520547867 
1982	 0.284033983945847 
1983	 0.284211486577988 
1984	 0.284466356039047 
1985	 0.284702152013779 
1986	 0.284897118806839 
1987	 0.285127550363541 
1988	 0.285188287496567 
1989	 0.285265266895294 
1990	 0.285337537527084 
1991	 0.2855104804039 
1992	 0.285643041133881 
1993	 0.285959601402283 
1994	 0.286198824644089 
1995	 0.2863489985466 
1996	 0.286485582590103 
1997	 0.286388784646988 
1998	 0.286628693342209 
1999	 0.287081718444824 
2000	 0.287265688180923 
2001	 0.287515103816986 
2002	 0.287693530321121 
2003	 0.287765115499496 
2004	 0.287725001573563 
2005	 0.287885189056396 
2006	 0.28799495100975 
2007	 0.287999212741852 
2008	 0.288024991750717 
2009	 0.288114964962006 
2010	 0.288342833518982 
2011	 0.288475453853607 
2012	 0.288549602031708 
2013	 0.288860440254211 
2014	 0.289057552814484 
2015	 0.289223194122314 
2016	 0.289607912302017 
2017	 0.289799183607101 
2018	 0.289784997701645 
2019	 0.289701700210571 
2020	 0.289886265993118 
2021	 0.289775460958481 
2022	 0.289773315191269 
2023	 0.29003831744194 
2024	 0.290176451206207 
2025	 0.290359944105148 
2026	 0.290483176708221 
2027	 0.290357679128647 
2028	 0.290433019399643 
2029	 0.290530979633331 
2030	 0.290682345628738 
2031	 0.290950000286102 
2032	 0.291258603334427 
2033	 0.291263252496719 
2034	 0.291063725948334 
2035	 0.291086345911026 
2036	 0.291094541549683 
2037	 0.291218817234039 
2038	 0.291743725538254 
2039	 0.292096167802811 
2040	 0.292135775089264 
2041	 0.292233943939209 
2042	 0.292114287614822 
2043	 0.292085260152817 
2044	 0.292066007852554 
2045	 0.292123377323151 
2046	 0.292273670434952 
2047	 0.292260706424713 
2048	 0.292322963476181 
2049	 0.292481601238251 
2050	 0.292432248592377 
2051	 0.292376607656479 
2052	 0.292431116104126 
2053	 0.292379677295685 
2054	 0.292482316493988 
2055	 0.29268553853035 
2056	 0.292686879634857 
2057	 0.292609393596649 
2058	 0.292657375335693 
2059	 0.292724221944809 
2060	 0.292735457420349 
2061	 0.292803734540939 
2062	 0.29290971159935 
2063	 0.292919814586639 
2064	 0.292943596839905 
2065	 0.292946994304657 
2066	 0.29302117228508 
2067	 0.292790472507477 
2068	 0.292679220438004 
2069	 0.293175876140594 
2070	 0.293201625347137 
2071	 0.293252617120743 
2072	 0.29362764954567 
2073	 0.293659806251526 
2074	 0.293243229389191 
2075	 0.293340593576431 
2076	 0.293746680021286 
2077	 0.293634653091431 
2078	 0.293675601482391 
2079	 0.293849617242813 
2080	 0.2936190366745 
2081	 0.293323963880539 
2082	 0.293381154537201 
2083	 0.293325483798981 
2084	 0.293290257453918 
2085	 0.29348811507225 
2086	 0.293504536151886 
2087	 0.293429583311081 
2088	 0.293479949235916 
2089	 0.293529212474823 
2090	 0.293545514345169 
2091	 0.293732851743698 
2092	 0.293690532445908 
2093	 0.293375939130783 
2094	 0.293351203203201 
2095	 0.29345229268074 
2096	 0.293224602937698 
2097	 0.293194681406021 
2098	 0.293326109647751 
2099	 0.293342977762222 
2100	 0.293562710285187 
2101	 0.293657958507538 
2102	 0.293314069509506 
2103	 0.292773425579071 
2104	 0.292407721281052 
2105	 0.292273610830307 
2106	 0.292479604482651 
2107	 0.292605668306351 
2108	 0.292893469333649 
2109	 0.293023556470871 
2110	 0.293074011802673 
2111	 0.293267250061035 
2112	 0.29326668381691 
2113	 0.293349474668503 
2114	 0.293477475643158 
2115	 0.293206334114075 
2116	 0.292997360229492 
2117	 0.293008714914322 
2118	 0.293007433414459 
2119	 0.293101340532303 
2120	 0.29331386089325 
2121	 0.293425768613815 
2122	 0.293333232402802 
2123	 0.293236404657364 
2124	 0.293190777301788 
2125	 0.293113648891449 
2126	 0.29299533367157 
2127	 0.292876183986664 
2128	 0.292884528636932 
2129	 0.292931795120239 
2130	 0.292848348617554 
2131	 0.292857468128204 
2132	 0.292911350727081 
2133	 0.2929348051548 
2134	 0.292965978384018 
2135	 0.293019324541092 
2136	 0.293157190084457 
2137	 0.293181985616684 
2138	 0.293102264404297 
2139	 0.293212085962296 
2140	 0.293395906686783 
2141	 0.293291240930557 
2142	 0.292948365211487 
2143	 0.292705237865448 
2144	 0.292316883802414 
2145	 0.291994750499725 
2146	 0.291730403900146 
2147	 0.291579633951187 
2148	 0.291469395160675 
2149	 0.291247993707657 
2150	 0.291395604610443 
2151	 0.291438758373261 
2152	 0.291384190320969 
2153	 0.291436195373535 
2154	 0.290949553251266 
2155	 0.290541529655457 
2156	 0.290383994579315 
2157	 0.289794743061066 
2158	 0.289537519216537 
2159	 0.289465367794037 
2160	 0.28917407989502 
2161	 0.289046406745911 
2162	 0.288790643215179 
2163	 0.28833195567131 
2164	 0.288169056177139 
2165	 0.288286983966827 
2166	 0.287946254014969 
2167	 0.287440329790115 
2168	 0.287103265523911 
2169	 0.286506235599518 
2170	 0.286030530929565 
2171	 0.285897195339203 
2172	 0.285909414291382 
2173	 0.285419106483459 
2174	 0.284586399793625 
2175	 0.284089088439941 
2176	 0.28344139456749 
2177	 0.282899022102356 
2178	 0.282630831003189 
2179	 0.282062709331512 
2180	 0.281420856714249 
2181	 0.280667781829834 
2182	 0.28009906411171 
2183	 0.27966171503067 
2184	 0.278840094804764 
2185	 0.27821746468544 
2186	 0.277725517749786 
2187	 0.277206987142563 
2188	 0.276873379945755 
2189	 0.276315838098526 
2190	 0.275533258914948 
2191	 0.274920254945755 
2192	 0.274158746004105 
2193	 0.273583084344864 
2194	 0.273271679878235 
2195	 0.272960901260376 
2196	 0.272737920284271 
2197	 0.272406816482544 
2198	 0.272390156984329 
2199	 0.272696971893311 
2200	 0.273076713085175 
2201	 0.273444712162018 
2202	 0.273782163858414 
2203	 0.274242252111435 
2204	 0.274550020694733 
2205	 0.27494615316391 
2206	 0.27537015080452 
2207	 0.275425732135773 
2208	 0.275512933731079 
2209	 0.275894314050674 
2210	 0.276352405548096 
2211	 0.277158319950104 
2212	 0.277628183364868 
2213	 0.277895718812943 
2214	 0.278369516134262 
2215	 0.278677880764008 
2216	 0.279191374778748 
2217	 0.280042976140976 
2218	 0.280926555395126 
2219	 0.28129854798317 
2220	 0.281632333993912 
2221	 0.281774371862412 
2222	 0.281685024499893 
2223	 0.281967371702194 
2224	 0.282362252473831 
2225	 0.282484591007233 
2226	 0.282645553350449 
2227	 0.282630771398544 
2228	 0.282625377178192 
2229	 0.282600104808807 
2230	 0.282493382692337 
2231	 0.282919853925705 
2232	 0.282859712839127 
2233	 0.282451689243317 
2234	 0.282778173685074 
2235	 0.282735139131546 
2236	 0.282545536756516 
2237	 0.282567083835602 
2238	 0.283008873462677 
2239	 0.282836496829987 
2240	 0.282372981309891 
2241	 0.282063066959381 
2242	 0.281437486410141 
2243	 0.281142860651016 
2244	 0.281168222427368 
2245	 0.28087905049324 
2246	 0.280491828918457 
2247	 0.280310809612274 
2248	 0.279929667711258 
2249	 0.279935419559479 
2250	 0.280060559511185 
2251	 0.279740005731583 
2252	 0.279596984386444 
2253	 0.279452115297318 
2254	 0.279294520616531 
2255	 0.279693186283112 
2256	 0.280030101537704 
2257	 0.27972611784935 
2258	 0.279566526412964 
2259	 0.279758810997009 
2260	 0.279788643121719 
2261	 0.280186474323273 
2262	 0.280461132526398 
2263	 0.280081808567047 
2264	 0.280059695243835 
2265	 0.279846429824829 
2266	 0.279605060815811 
2267	 0.279937595129013 
2268	 0.279834777116776 
2269	 0.279873460531235 
2270	 0.280504077672958 
2271	 0.280830174684525 
2272	 0.280806362628937 
2273	 0.280399203300476 
2274	 0.280420958995819 
2275	 0.28039938211441 
2276	 0.280250430107117 
2277	 0.280335515737534 
2278	 0.280439466238022 
2279	 0.280292898416519 
2280	 0.280253648757935 
2281	 0.280493080615997 
2282	 0.280503809452057 
2283	 0.280221492052078 
2284	 0.279698848724365 
2285	 0.279645830392838 
2286	 0.280080765485764 
2287	 0.280457466840744 
2288	 0.280664354562759 
2289	 0.280521035194397 
2290	 0.280560344457626 
2291	 0.280782788991928 
2292	 0.280556410551071 
2293	 0.280130207538605 
2294	 0.279771089553833 
2295	 0.279593378305435 
2296	 0.279507249593735 
2297	 0.279477149248123 
2298	 0.279438227415085 
2299	 0.278865516185761 
2300	 0.278600037097931 
2301	 0.278827458620071 
2302	 0.278602600097656 
2303	 0.278125077486038 
2304	 0.277411222457886 
2305	 0.276999980211258 
2306	 0.276972204446793 
2307	 0.276749163866043 
2308	 0.276421219110489 
2309	 0.275684088468552 
2310	 0.274560928344727 
2311	 0.273988664150238 
2312	 0.274038106203079 
2313	 0.27362185716629 
2314	 0.273243993520737 
2315	 0.273011147975922 
2316	 0.272471487522125 
2317	 0.272436887025833 
2318	 0.27237144112587 
2319	 0.27226647734642 
2320	 0.272063076496124 
2321	 0.271201223134995 
2322	 0.270379930734634 
2323	 0.269719213247299 
2324	 0.268868386745453 
2325	 0.268309086561203 
2326	 0.268061429262161 
2327	 0.267789930105209 
2328	 0.267515778541565 
2329	 0.267369896173477 
2330	 0.267295300960541 
2331	 0.267868757247925 
2332	 0.268129050731659 
2333	 0.267650574445724 
2334	 0.267393112182617 
2335	 0.266376316547394 
2336	 0.265269368886948 
2337	 0.265040546655655 
2338	 0.264128983020782 
2339	 0.263299733400345 
2340	 0.262692421674728 
2341	 0.262068569660187 
2342	 0.262245088815689 
2343	 0.262594252824783 
2344	 0.262829303741455 
2345	 0.262873888015747 
2346	 0.262406945228577 
2347	 0.261602073907852 
2348	 0.260948687791824 
2349	 0.260532557964325 
2350	 0.260224223136902 
2351	 0.260449349880219 
2352	 0.260751277208328 
2353	 0.260501652956009 
2354	 0.260192930698395 
2355	 0.259469836950302 
2356	 0.258863925933838 
2357	 0.259308308362961 
2358	 0.259798556566238 
2359	 0.260371118783951 
2360	 0.261418372392654 
2361	 0.261476904153824 
2362	 0.261109858751297 
2363	 0.26143354177475 
2364	 0.261174649000168 
2365	 0.260976672172546 
2366	 0.261809468269348 
2367	 0.262246131896973 
2368	 0.26231124997139 
2369	 0.262604504823685 
2370	 0.262012153863907 
2371	 0.261004209518433 
2372	 0.26101365685463 
2373	 0.261357933282852 
2374	 0.262127667665482 
2375	 0.263480186462402 
2376	 0.263576686382294 
2377	 0.262727051973343 
2378	 0.262077629566193 
2379	 0.261611521244049 
2380	 0.261468946933746 
2381	 0.261624574661255 
2382	 0.261898249387741 
2383	 0.261979699134827 
2384	 0.262150257825851 
2385	 0.262333601713181 
2386	 0.262200355529785 
2387	 0.261794805526733 
2388	 0.261888980865479 
2389	 0.2629174888134 
2390	 0.263228833675385 
2391	 0.262143343687058 
2392	 0.261527568101883 
2393	 0.261311382055283 
2394	 0.261044055223465 
2395	 0.261850416660309 
2396	 0.26206374168396 
2397	 0.261411517858505 
2398	 0.261246055364609 
2399	 0.26127365231514 
2400	 0.261684268712997 
2401	 0.261967808008194 
2402	 0.262237459421158 
2403	 0.262288063764572 
2404	 0.261950731277466 
2405	 0.261619448661804 
2406	 0.260886669158936 
2407	 0.260862052440643 
2408	 0.260423302650452 
2409	 0.259814262390137 
2410	 0.260328352451324 
2411	 0.259016901254654 
2412	 0.257728576660156 
2413	 0.257917046546936 
2414	 0.257069408893585 
2415	 0.257043391466141 
2416	 0.257336884737015 
2417	 0.256962329149246 
2418	 0.255771160125732 
2419	 0.254645258188248 
2420	 0.255719482898712 
2421	 0.254805833101273 
2422	 0.254256933927536 
2423	 0.255853891372681 
2424	 0.254980832338333 
2425	 0.255046159029007 
2426	 0.256449162960052 
2427	 0.255721241235733 
2428	 0.25445419549942 
2429	 0.25311878323555 
2430	 0.251857697963715 
2431	 0.252024710178375 
2432	 0.252339243888855 
2433	 0.252353131771088 
2434	 0.252032876014709 
2435	 0.250422775745392 
2436	 0.249098122119904 
2437	 0.250386565923691 
2438	 0.252283781766891 
2439	 0.252804577350616 
2440	 0.253194749355316 
2441	 0.252300649881363 
2442	 0.250280261039734 
2443	 0.249252125620842 
2444	 0.24876806139946 
2445	 0.248546168208122 
2446	 0.249862745404243 
2447	 0.253021955490112 
2448	 0.254421472549438 
2449	 0.253661066293716 
2450	 0.253071397542953 
2451	 0.250797361135483 
2452	 0.24874883890152 
2453	 0.248949259519577 
2454	 0.249431133270264 
2455	 0.24990214407444 
2456	 0.250903427600861 
2457	 0.252776116132736 
2458	 0.252197355031967 
2459	 0.247275426983833 
2460	 0.246285304427147 
2461	 0.246444225311279 
2462	 0.246898010373116 
2463	 0.250304043292999 
2464	 0.252216041088104 
2465	 0.252885729074478 
2466	 0.253192096948624 
2467	 0.254096776247025 
2468	 0.252783745527267 
2469	 0.24868243932724 
2470	 0.247344166040421 
2471	 0.245807528495789 
2472	 0.245085179805756 
2473	 0.246590077877045 
2474	 0.246764108538628 
2475	 0.246773555874825 
2476	 0.246800199151039 
2477	 0.24645571410656 
2478	 0.247183054685593 
2479	 0.246177554130554 
2480	 0.242834702134132 
2481	 0.242611795663834 
2482	 0.244163811206818 
2483	 0.243814930319786 
2484	 0.244782790541649 
2485	 0.247553005814552 
2486	 0.247463971376419 
2487	 0.248935028910637 
2488	 0.252826303243637 
2489	 0.254431307315826 
2490	 0.256379276514053 
2491	 0.256292998790741 
2492	 0.250868946313858 
2493	 0.246344044804573 
2494	 0.242787942290306 
2495	 0.238778918981552 
2496	 0.243020713329315 
2497	 0.245565518736839 
2498	 0.245752960443497 
2499	 0.25037470459938 
2500	 0.247549667954445 
