350	 0.041774082928896 
351	 4.38303090631962E-02 
352	 4.84091863036156E-02 
353	 4.74026799201965E-02 
354	 3.96884642541409E-02 
355	 0.041167076677084 
356	 4.57616820931435E-02 
357	 4.76246252655983E-02 
358	 4.34372499585152E-02 
359	 4.08732518553734E-02 
360	 4.30787168443203E-02 
361	 0.046496544033289 
362	 4.33563143014908E-02 
363	 4.04644496738911E-02 
364	 4.10453081130981E-02 
365	 4.38143759965897E-02 
366	 4.05381843447685E-02 
367	 0.041737325489521 
368	 4.42255772650242E-02 
369	 4.30915579199791E-02 
370	 4.28485758602619E-02 
371	 4.13153655827045E-02 
372	 3.98552156984806E-02 
373	 4.14602234959602E-02 
374	 4.17434424161911E-02 
375	 4.12441454827785E-02 
376	 0.04062644764781 
377	 3.98364402353764E-02 
378	 4.06218245625496E-02 
379	 4.20583002269268E-02 
380	 4.28051464259624E-02 
381	 4.24634739756584E-02 
382	 4.22077290713787E-02 
383	 4.22143563628197E-02 
384	 4.20503094792366E-02 
385	 4.08314056694508E-02 
386	 4.11499701440334E-02 
387	 4.28928025066853E-02 
388	 4.26938496530056E-02 
389	 4.19398881494999E-02 
390	 4.15787100791931E-02 
391	 4.18649576604366E-02 
392	 4.14257720112801E-02 
393	 4.16888706386089E-02 
394	 4.16067726910114E-02 
395	 4.00510095059872E-02 
396	 0.042088121175766 
397	 4.33105975389481E-02 
398	 0.042280051857233 
399	 4.12099547684193E-02 
400	 4.15648892521858E-02 
401	 4.17633652687073E-02 
402	 4.09546829760075E-02 
403	 4.14816476404667E-02 
404	 4.21759001910686E-02 
405	 4.21794876456261E-02 
406	 4.11608070135117E-02 
407	 4.08417880535126E-02 
408	 4.11495231091976E-02 
409	 4.16414514183998E-02 
410	 4.16860319674015E-02 
411	 4.11845818161964E-02 
412	 0.041381973773241 
413	 4.24174405634403E-02 
414	 4.13128472864628E-02 
415	 4.08238731324673E-02 
416	 4.09246012568474E-02 
417	 4.07294295728207E-02 
418	 4.10902127623558E-02 
419	 4.13249731063843E-02 
420	 4.11603078246117E-02 
421	 4.08411957323551E-02 
422	 4.13969755172729E-02 
423	 4.17777821421623E-02 
424	 4.13462296128273E-02 
425	 4.13757786154747E-02 
426	 0.041523851454258 
427	 4.16061691939831E-02 
428	 4.15546968579292E-02 
429	 4.17363718152046E-02 
430	 0.041599303483963 
431	 4.12941686809063E-02 
432	 4.17630039155483E-02 
433	 4.16057892143726E-02 
434	 4.13893945515156E-02 
435	 4.16337363421917E-02 
436	 4.15499843657017E-02 
437	 4.15044017136097E-02 
438	 4.15964424610138E-02 
439	 4.17770855128765E-02 
440	 4.20193523168564E-02 
441	 4.18847799301147E-02 
442	 4.15310971438885E-02 
443	 4.19500917196274E-02 
444	 4.21771295368671E-02 
445	 4.19369079172611E-02 
446	 4.14391420781612E-02 
447	 4.19830456376076E-02 
448	 4.20288145542145E-02 
449	 4.15182709693909E-02 
450	 4.14195358753204E-02 
451	 4.14929129183292E-02 
452	 4.13203425705433E-02 
453	 4.08845469355583E-02 
454	 4.10052873194218E-02 
455	 4.08139899373055E-02 
456	 4.04747799038887E-02 
457	 4.03924956917763E-02 
458	 4.02697958052158E-02 
459	 4.02714796364307E-02 
460	 4.03504967689514E-02 
461	 4.02594096958637E-02 
462	 4.01423685252666E-02 
463	 4.01397198438644E-02 
464	 0.040251437574625 
465	 0.040129479020834 
466	 0.039948858320713 
467	 3.97851057350636E-02 
468	 3.96835245192051E-02 
469	 0.039762694388628 
470	 3.98778766393662E-02 
471	 3.98781821131706E-02 
472	 3.96391674876213E-02 
473	 3.96150797605515E-02 
474	 3.96111346781254E-02 
475	 3.94439622759819E-02 
476	 3.96115444600582E-02 
477	 3.96522544324398E-02 
478	 0.039545189589262 
479	 0.039558257907629 
480	 3.95749285817146E-02 
481	 3.95297221839428E-02 
482	 3.94107438623905E-02 
483	 3.92664782702923E-02 
484	 3.94594110548496E-02 
485	 0.039653342217207 
486	 0.039433415979147 
487	 3.93402203917503E-02 
488	 3.93957197666168E-02 
489	 3.94808687269688E-02 
490	 3.93780134618282E-02 
491	 3.94053272902966E-02 
492	 3.95020917057991E-02 
493	 3.95710840821266E-02 
494	 3.96644920110703E-02 
495	 3.96184548735619E-02 
496	 3.94922867417336E-02 
497	 3.94452512264252E-02 
498	 3.93736585974693E-02 
499	 3.93936969339848E-02 
500	 3.95220816135406E-02 
501	 0.039600532501936 
502	 3.95962707698345E-02 
503	 3.96228134632111E-02 
504	 3.97736094892025E-02 
505	 3.98686341941357E-02 
506	 3.98417077958584E-02 
507	 3.97279001772404E-02 
508	 0.039647426456213 
509	 3.97294126451015E-02 
510	 3.98264639079571E-02 
511	 3.98477353155613E-02 
512	 0.039985328912735 
513	 3.98867055773735E-02 
514	 3.97224873304367E-02 
515	 3.98386903107166E-02 
516	 4.00183089077473E-02 
517	 4.00291830301285E-02 
518	 0.039929460734129 
519	 0.040162842720747 
520	 4.01352941989899E-02 
521	 4.00981865823269E-02 
522	 4.03304360806942E-02 
523	 4.03356440365314E-02 
524	 4.02894020080566E-02 
525	 4.03264202177525E-02 
526	 4.05179001390934E-02 
527	 4.06578294932842E-02 
528	 4.07486110925674E-02 
529	 4.08138632774353E-02 
530	 4.08172570168972E-02 
531	 4.09743823111057E-02 
532	 0.041158888489008 
533	 4.11675684154034E-02 
534	 0.041338637471199 
535	 4.15278896689415E-02 
536	 4.16511669754982E-02 
537	 4.17483896017075E-02 
538	 4.19548228383064E-02 
539	 0.042184978723526 
540	 0.042329978197813 
541	 4.24230992794037E-02 
542	 4.25592362880707E-02 
543	 4.27441224455833E-02 
544	 4.29172776639462E-02 
545	 4.31387163698673E-02 
546	 4.33586277067661E-02 
547	 4.35468479990959E-02 
548	 4.37438748776913E-02 
549	 4.39979583024979E-02 
550	 4.42663319408894E-02 
551	 4.44868318736553E-02 
552	 4.47630807757378E-02 
553	 4.50449772179127E-02 
554	 0.045301292091608 
555	 4.55401018261909E-02 
556	 4.58773002028465E-02 
557	 4.63066250085831E-02 
558	 4.67658415436745E-02 
559	 4.71317581832409E-02 
560	 4.74744066596031E-02 
561	 0.047890692949295 
562	 4.84741181135178E-02 
563	 4.90120835602283E-02 
564	 4.95258271694183E-02 
565	 5.00708036124706E-02 
566	 5.06844557821751E-02 
567	 5.13600781559944E-02 
568	 5.20666465163231E-02 
569	 5.27740120887756E-02 
570	 5.35574518144131E-02 
571	 5.43423518538475E-02 
572	 0.055095549672842 
573	 5.58585859835148E-02 
574	 5.66983595490456E-02 
575	 5.75732290744781E-02 
576	 5.84263764321804E-02 
577	 5.92802464962006E-02 
578	 6.01559095084667E-02 
579	 6.10451437532902E-02 
580	 6.19199424982071E-02 
581	 6.28913938999176E-02 
582	 6.37971013784409E-02 
583	 6.45787790417671E-02 
584	 0.065533883869648 
585	 6.65023177862167E-02 
586	 6.74562603235245E-02 
587	 6.84234350919724E-02 
588	 6.94184005260468E-02 
589	 7.04120025038719E-02 
590	 7.13728070259094E-02 
591	 0.072276659309864 
592	 7.31067210435867E-02 
593	 7.38714188337326E-02 
594	 7.45915099978447E-02 
595	 0.075273185968399 
596	 7.59602934122086E-02 
597	 7.66916647553444E-02 
598	 7.74838402867317E-02 
599	 7.81467780470848E-02 
600	 7.87925720214844E-02 
601	 7.95096009969711E-02 
602	 8.02116543054581E-02 
603	 8.08467194437981E-02 
604	 0.081411249935627 
605	 8.19349512457848E-02 
606	 8.24828371405602E-02 
607	 8.30042287707329E-02 
608	 8.34911093115807E-02 
609	 8.40118452906609E-02 
610	 8.44593271613121E-02 
611	 8.48468914628029E-02 
612	 8.52068513631821E-02 
613	 8.55158865451813E-02 
614	 8.57784003019333E-02 
615	 8.60198885202408E-02 
616	 8.62749814987183E-02 
617	 8.64346623420715E-02 
618	 8.65959525108337E-02 
619	 0.086816743016243 
620	 8.70061740279198E-02 
621	 8.71637240052223E-02 
622	 8.73221531510353E-02 
623	 8.75304564833641E-02 
624	 8.78076031804085E-02 
625	 8.80055129528046E-02 
626	 8.81220623850822E-02 
627	 8.83383601903915E-02 
628	 8.85448753833771E-02 
629	 8.87420549988747E-02 
630	 8.89431536197662E-02 
631	 8.91120955348015E-02 
632	 8.93487259745598E-02 
633	 8.95983800292015E-02 
634	 8.97237583994865E-02 
635	 8.99168401956558E-02 
636	 9.01398360729218E-02 
637	 9.03510898351669E-02 
638	 9.05620232224464E-02 
639	 9.07706618309021E-02 
640	 9.09713506698608E-02 
641	 9.11595672369003E-02 
642	 9.13329571485519E-02 
643	 9.15555357933044E-02 
644	 9.18248742818832E-02 
645	 9.20657441020012E-02 
646	 9.22528281807899E-02 
647	 9.24551784992218E-02 
648	 9.27259549498558E-02 
649	 9.30139645934105E-02 
650	 9.33390632271767E-02 
651	 9.36591774225235E-02 
652	 9.39241424202919E-02 
653	 9.43256840109825E-02 
654	 9.46932658553123E-02 
655	 9.49727967381477E-02 
656	 0.095352828502655 
657	 9.56767275929451E-02 
658	 9.60144177079201E-02 
659	 9.64521169662476E-02 
660	 9.68734920024872E-02 
661	 9.73070710897446E-02 
662	 9.77385640144348E-02 
663	 0.098129503428936 
664	 9.86358150839806E-02 
665	 9.91664975881577E-02 
666	 0.099657379090786 
667	 0.100194826722145 
668	 0.100776739418507 
669	 0.101367078721523 
670	 0.101920604705811 
671	 0.102430507540703 
672	 0.102991685271263 
673	 0.103605151176453 
674	 0.104172438383102 
675	 0.104848936200142 
676	 0.105574026703835 
677	 0.106272041797638 
678	 0.106945209205151 
679	 0.10766227543354 
680	 0.108427219092846 
681	 0.109209053218365 
682	 0.110036164522171 
683	 0.110834315419197 
684	 0.111603006720543 
685	 0.112458050251007 
686	 0.113226905465126 
687	 0.114028096199036 
688	 0.114978462457657 
689	 0.11594432592392 
690	 0.116818688809872 
691	 0.117697961628437 
692	 0.118775196373463 
693	 0.119788192212582 
694	 0.120772965252399 
695	 0.121763586997986 
696	 0.122730493545532 
697	 0.123740039765835 
698	 0.124772123992443 
699	 0.125793531537056 
700	 0.126857131719589 
701	 0.127945795655251 
702	 0.129017412662506 
703	 0.130020380020142 
704	 0.131065651774406 
705	 0.132128909230232 
706	 0.133182197809219 
707	 0.134227901697159 
708	 0.135341450572014 
709	 0.136491790413857 
710	 0.137601062655449 
711	 0.138594567775726 
712	 0.139630675315857 
713	 0.140744909644127 
714	 0.141848012804985 
715	 0.142865866422653 
716	 0.143889889121056 
717	 0.144951894879341 
718	 0.145903751254082 
719	 0.146834135055542 
720	 0.147779986262321 
721	 0.148756369948387 
722	 0.14975893497467 
723	 0.150739714503288 
724	 0.151691079139709 
725	 0.152640804648399 
726	 0.153546690940857 
727	 0.154416292905807 
728	 0.155281394720078 
729	 0.156209677457809 
730	 0.157071083784103 
731	 0.157899007201195 
732	 0.158762350678444 
733	 0.159570410847664 
734	 0.160427942872047 
735	 0.161301553249359 
736	 0.162047550082207 
737	 0.162770643830299 
738	 0.16347424685955 
739	 0.164157494902611 
740	 0.164842456579208 
741	 0.165513813495636 
742	 0.166168808937073 
743	 0.166819974780083 
744	 0.1675194054842 
745	 0.168104961514473 
746	 0.168615654110909 
747	 0.169233083724976 
748	 0.169845834374428 
749	 0.170389965176582 
750	 0.170870780944824 
751	 0.171389162540436 
752	 0.171895369887352 
753	 0.172373786568642 
754	 0.172834470868111 
755	 0.173338443040848 
756	 0.173848450183868 
757	 0.174341291189194 
758	 0.174810022115707 
759	 0.17526663839817 
760	 0.175646409392357 
761	 0.175978660583496 
762	 0.176414847373962 
763	 0.176812276244164 
764	 0.177158549427986 
765	 0.177472025156021 
766	 0.177759572863579 
767	 0.178043261170387 
768	 0.178333297371864 
769	 0.178621336817741 
770	 0.178853258490562 
771	 0.179079905152321 
772	 0.179333940148354 
773	 0.179612025618553 
774	 0.179863050580025 
775	 0.180080890655518 
776	 0.180298343300819 
777	 0.180605977773666 
778	 0.180823624134064 
779	 0.18094864487648 
780	 0.181051164865494 
781	 0.181239813566208 
782	 0.181328535079956 
783	 0.181357875466347 
784	 0.18149396777153 
785	 0.181702598929405 
786	 0.181826949119568 
787	 0.18187153339386 
788	 0.182029590010643 
789	 0.182120934128761 
790	 0.182213574647903 
791	 0.182344302535057 
792	 0.182360544800758 
793	 0.182439669966698 
794	 0.182572931051254 
795	 0.182686135172844 
796	 0.182738050818443 
797	 0.182795256376266 
798	 0.182887569069862 
799	 0.18299800157547 
800	 0.183022066950798 
801	 0.183063089847565 
802	 0.183133944869041 
803	 0.183112770318985 
804	 0.183136835694313 
805	 0.183152437210083 
806	 0.183124288916588 
807	 0.183138787746429 
808	 0.183201313018799 
809	 0.183258265256882 
810	 0.183262035250664 
811	 0.183266937732697 
812	 0.183326095342636 
813	 0.183415576815605 
814	 0.183466479182243 
815	 0.18348154425621 
816	 0.18352310359478 
817	 0.183614730834961 
818	 0.183725923299789 
819	 0.183768451213837 
820	 0.183729246258736 
821	 0.18365815281868 
822	 0.183696717023849 
823	 0.183716490864754 
824	 0.183696210384369 
825	 0.183653369545937 
826	 0.183626100420952 
827	 0.183596476912498 
828	 0.183625414967537 
829	 0.183744311332703 
830	 0.183685451745987 
831	 0.183690562844276 
832	 0.183755785226822 
833	 0.1837118268013 
834	 0.183667913079262 
835	 0.183710634708405 
836	 0.183806553483009 
837	 0.183816865086555 
838	 0.183840483427048 
839	 0.183846801519394 
840	 0.183843776583672 
841	 0.183929622173309 
842	 0.183898240327835 
843	 0.183862686157227 
844	 0.183912664651871 
845	 0.18384163081646 
846	 0.18391340970993 
847	 0.184050679206848 
848	 0.184091627597809 
849	 0.184103712439537 
850	 0.184097439050674 
851	 0.184115201234818 
852	 0.184195041656494 
853	 0.184277713298798 
854	 0.184330135583878 
855	 0.184359148144722 
856	 0.18440043926239 
857	 0.184401005506516 
858	 0.184421986341476 
859	 0.184490248560905 
860	 0.184575513005257 
861	 0.184710219502449 
862	 0.184759989380836 
863	 0.184721902012825 
864	 0.184841603040695 
865	 0.184806317090988 
866	 0.184855431318283 
867	 0.185108065605164 
868	 0.185147941112518 
869	 0.18518540263176 
870	 0.185246676206589 
871	 0.185325935482979 
872	 0.185447975993156 
873	 0.185406789183617 
874	 0.185436204075813 
875	 0.185749635100365 
876	 0.185782730579376 
877	 0.185784980654716 
878	 0.185907632112503 
879	 0.186155825853348 
880	 0.186132565140724 
881	 0.186205700039864 
882	 0.186413258314133 
883	 0.186573445796967 
884	 0.18659333884716 
885	 0.186638876795769 
886	 0.186768338084221 
887	 0.18692335486412 
888	 0.187154352664948 
889	 0.187230497598648 
890	 0.187228038907051 
891	 0.187487125396729 
892	 0.187703534960747 
893	 0.187841907143593 
894	 0.187916547060013 
895	 0.187981098890305 
896	 0.188143655657768 
897	 0.188371315598488 
898	 0.188596665859222 
899	 0.188755601644516 
900	 0.188901886343956 
901	 0.18904210627079 
902	 0.189151331782341 
903	 0.189177066087723 
904	 0.189382195472717 
905	 0.189549461007118 
906	 0.189578726887703 
907	 0.189763769507408 
908	 0.189997792243958 
909	 0.190121099352837 
910	 0.190124064683914 
911	 0.190281942486763 
912	 0.190560460090637 
913	 0.190670669078827 
914	 0.190598875284195 
915	 0.190981760621071 
916	 0.191296964883804 
917	 0.191413179039955 
918	 0.191445633769035 
919	 0.191773638129234 
920	 0.192009836435318 
921	 0.192147493362427 
922	 0.192315295338631 
923	 0.192681297659874 
924	 0.192949846386909 
925	 0.193111285567284 
926	 0.193302914500237 
927	 0.193777099251747 
928	 0.194008842110634 
929	 0.194001406431198 
930	 0.194009453058243 
931	 0.194438546895981 
932	 0.194634616374969 
933	 0.194666817784309 
934	 0.194790959358215 
935	 0.195227667689323 
936	 0.195384472608566 
937	 0.19542333483696 
938	 0.195580363273621 
939	 0.195831075310707 
940	 0.196082651615143 
941	 0.196314409375191 
942	 0.196519792079926 
943	 0.196706980466843 
944	 0.197034850716591 
945	 0.197296962141991 
946	 0.197412565350533 
947	 0.197589010000229 
948	 0.197812542319298 
949	 0.198053240776062 
950	 0.198257237672806 
951	 0.198385611176491 
952	 0.198531061410904 
953	 0.198856130242348 
954	 0.199339091777802 
955	 0.199728220701218 
956	 0.199839040637016 
957	 0.200116261839867 
958	 0.200428038835526 
959	 0.200227379798889 
960	 0.200457736849785 
961	 0.200979650020599 
962	 0.201256841421127 
963	 0.200884222984314 
964	 0.201263979077339 
965	 0.201650142669678 
966	 0.201887249946594 
967	 0.2021544277668 
968	 0.202013105154037 
969	 0.202301681041718 
970	 0.202880397439003 
971	 0.203234568238258 
972	 0.203345760703087 
973	 0.203478679060936 
974	 0.203625991940498 
975	 0.203720793128014 
976	 0.203779444098473 
977	 0.204366862773895 
978	 0.204636380076408 
979	 0.204212859272957 
980	 0.204225674271584 
981	 0.204438269138336 
982	 0.20489490032196 
983	 0.20538792014122 
984	 0.205430701375008 
985	 0.205103322863579 
986	 0.205164656043053 
987	 0.20561571419239 
988	 0.205807268619537 
989	 0.206074416637421 
990	 0.206132084131241 
991	 0.206009909510612 
992	 0.205957114696503 
993	 0.206141516566277 
994	 0.206272959709167 
995	 0.206476718187332 
996	 0.206821948289871 
997	 0.206760466098785 
998	 0.206431239843369 
999	 0.206478342413902 
1000	 0.206883832812309 
1001	 0.206459313631058 
1002	 0.206504166126251 
1003	 0.206611037254333 
1004	 0.206764549016953 
1005	 0.207036748528481 
1006	 0.207087486982346 
1007	 0.206946358084679 
1008	 0.206975653767586 
1009	 0.206975609064102 
1010	 0.206913501024246 
1011	 0.206933841109276 
1012	 0.206946581602097 
1013	 0.206780955195427 
1014	 0.206856057047844 
1015	 0.207123294472694 
1016	 0.207222774624825 
1017	 0.207291275262833 
1018	 0.20733068883419 
1019	 0.207251757383347 
1020	 0.206895589828491 
1021	 0.206879988312721 
1022	 0.207021236419678 
1023	 0.206987768411636 
1024	 0.207037359476089 
1025	 0.207055181264877 
1026	 0.206972807645798 
1027	 0.206877410411835 
1028	 0.206803426146507 
1029	 0.206673234701157 
1030	 0.206739351153374 
1031	 0.206605017185211 
1032	 0.20664145052433 
1033	 0.206952676177025 
1034	 0.20696733891964 
1035	 0.20678935945034 
1036	 0.206772431731224 
1037	 0.206760764122009 
1038	 0.206683963537216 
1039	 0.206625178456306 
1040	 0.206577867269516 
1041	 0.206404089927673 
1042	 0.20634637773037 
1043	 0.206458657979965 
1044	 0.206486880779266 
1045	 0.206371501088142 
1046	 0.206272572278976 
1047	 0.206145897507668 
1048	 0.205918103456497 
1049	 0.205806538462639 
1050	 0.205722078680992 
1051	 0.205616816878319 
1052	 0.205533012747765 
1053	 0.205435648560524 
1054	 0.205399051308632 
1055	 0.205303147435188 
1056	 0.205102667212486 
1057	 0.204983830451965 
1058	 0.204825729131699 
1059	 0.204753652215004 
1060	 0.204834625124931 
1061	 0.204836308956146 
1062	 0.204695343971252 
1063	 0.204439699649811 
1064	 0.204246938228607 
1065	 0.203865215182304 
1066	 0.20376318693161 
1067	 0.203882098197937 
1068	 0.203895807266235 
1069	 0.204094082117081 
1070	 0.204014003276825 
1071	 0.20368492603302 
1072	 0.203509151935577 
1073	 0.203177496790886 
1074	 0.203035786747932 
1075	 0.203206554055214 
1076	 0.203208014369011 
1077	 0.20310315489769 
1078	 0.202968388795853 
1079	 0.202802553772926 
1080	 0.202365636825562 
1081	 0.202282965183258 
1082	 0.202379480004311 
1083	 0.202449098229408 
1084	 0.202785387635231 
1085	 0.202839106321335 
1086	 0.202775776386261 
1087	 0.202676862478256 
1088	 0.20232567191124 
1089	 0.202147305011749 
1090	 0.201927751302719 
1091	 0.201916083693504 
1092	 0.201858460903168 
1093	 0.201889991760254 
1094	 0.201876759529114 
1095	 0.201855927705765 
1096	 0.201874867081642 
1097	 0.201973333954811 
1098	 0.201966509222984 
1099	 0.20189294219017 
1100	 0.201898753643036 
1101	 0.201941341161728 
1102	 0.201901376247406 
1103	 0.201845541596413 
1104	 0.201837435364723 
1105	 0.20176137983799 
1106	 0.201720908284187 
1107	 0.201723083853722 
1108	 0.201847329735756 
1109	 0.201833382248878 
1110	 0.201750904321671 
1111	 0.201702401041985 
1112	 0.201637983322144 
1113	 0.201555401086807 
1114	 0.201405480504036 
1115	 0.201383292675018 
1116	 0.201453506946564 
1117	 0.201417878270149 
1118	 0.201428636908531 
1119	 0.20139391720295 
1120	 0.20124614238739 
1121	 0.201120108366013 
1122	 0.201012343168259 
1123	 0.200877547264099 
1124	 0.200800821185112 
1125	 0.200757592916489 
1126	 0.200620636343956 
1127	 0.200489565730095 
1128	 0.20035183429718 
1129	 0.200131863355637 
1130	 0.199940323829651 
1131	 0.199762865900993 
1132	 0.199639961123466 
1133	 0.199481949210167 
1134	 0.199389159679413 
1135	 0.199540570378304 
1136	 0.199439823627472 
1137	 0.199137523770332 
1138	 0.1989606320858 
1139	 0.198790922760963 
1140	 0.198493987321854 
1141	 0.198300659656525 
1142	 0.198196306824684 
1143	 0.198123663663864 
1144	 0.198104843497276 
1145	 0.197931408882141 
1146	 0.197751581668854 
1147	 0.19758927822113 
1148	 0.197236493229866 
1149	 0.197054952383041 
1150	 0.197126626968384 
1151	 0.196993991732597 
1152	 0.196719661355019 
1153	 0.196550622582436 
1154	 0.196372002363205 
1155	 0.196181088685989 
1156	 0.195954784750938 
1157	 0.195906013250351 
1158	 0.195943593978882 
1159	 0.195772498846054 
1160	 0.195563435554504 
1161	 0.195329800248146 
1162	 0.195147410035133 
1163	 0.194791823625565 
1164	 0.194634214043617 
1165	 0.194731146097183 
1166	 0.194587647914886 
1167	 0.194306090474129 
1168	 0.194152310490608 
1169	 0.193947777152061 
1170	 0.19380122423172 
1171	 0.193860337138176 
1172	 0.19375367462635 
1173	 0.193543657660484 
1174	 0.193338826298714 
1175	 0.193139031529427 
1176	 0.192876979708672 
1177	 0.192702159285545 
1178	 0.19260536134243 
1179	 0.192444667220116 
1180	 0.192325010895729 
1181	 0.192129358649254 
1182	 0.19181290268898 
1183	 0.19162654876709 
1184	 0.191473141312599 
1185	 0.191276833415031 
1186	 0.191106453537941 
1187	 0.190983071923256 
1188	 0.190922647714615 
1189	 0.19076107442379 
1190	 0.190553992986679 
1191	 0.190417498350143 
1192	 0.190284982323647 
1193	 0.190062686800957 
1194	 0.190017864108086 
1195	 0.190027683973312 
1196	 0.189833894371986 
1197	 0.189447909593582 
1198	 0.189296916127205 
1199	 0.18916492164135 
1200	 0.188997983932495 
1201	 0.188966333866119 
1202	 0.188868835568428 
1203	 0.188633903861046 
1204	 0.188482776284218 
1205	 0.188470095396042 
1206	 0.18834887444973 
1207	 0.188172608613968 
1208	 0.187984943389893 
1209	 0.18776062130928 
1210	 0.187475949525833 
1211	 0.187362059950829 
1212	 0.18724225461483 
1213	 0.187140494585037 
1214	 0.187161609530449 
1215	 0.186983332037926 
1216	 0.186702519655228 
1217	 0.186525955796242 
1218	 0.186331003904343 
1219	 0.186223417520523 
1220	 0.186222955584526 
1221	 0.186166003346443 
1222	 0.186175376176834 
1223	 0.186052218079567 
1224	 0.185829192399979 
1225	 0.185639560222626 
1226	 0.185332059860229 
1227	 0.185176327824593 
1228	 0.185093268752098 
1229	 0.185060635209084 
1230	 0.185008198022842 
1231	 0.184888243675232 
1232	 0.18473906815052 
1233	 0.184578314423561 
1234	 0.184453070163727 
1235	 0.184411466121674 
1236	 0.184335187077522 
1237	 0.184156179428101 
1238	 0.184027060866356 
1239	 0.18391141295433 
1240	 0.183783069252968 
1241	 0.183644041419029 
1242	 0.183531478047371 
1243	 0.183440372347832 
1244	 0.183309286832809 
1245	 0.183151945471764 
1246	 0.183060243725777 
1247	 0.183004885911942 
1248	 0.182896330952644 
1249	 0.182807371020317 
1250	 0.182624742388725 
1251	 0.182402372360229 
1252	 0.182264089584351 
1253	 0.182179093360901 
1254	 0.182079046964645 
1255	 0.181950971484184 
1256	 0.181746706366539 
1257	 0.181521371006966 
1258	 0.181379497051239 
1259	 0.181254848837852 
1260	 0.181210443377495 
1261	 0.181104391813278 
1262	 0.180986031889915 
1263	 0.180854544043541 
1264	 0.180662110447884 
1265	 0.180543497204781 
1266	 0.180521503090858 
1267	 0.180421680212021 
1268	 0.180321514606476 
1269	 0.180166110396385 
1270	 0.180099248886108 
1271	 0.180000618100166 
1272	 0.179806515574455 
1273	 0.179678320884705 
1274	 0.179599836468697 
1275	 0.179515197873116 
1276	 0.179487392306328 
1277	 0.17949190735817 
1278	 0.179401427507401 
1279	 0.179137453436852 
1280	 0.178952440619469 
1281	 0.178986355662346 
1282	 0.178885996341705 
1283	 0.178705349564552 
1284	 0.17858761548996 
1285	 0.178433120250702 
1286	 0.178304702043533 
1287	 0.178306862711906 
1288	 0.17819444835186 
1289	 0.178006500005722 
1290	 0.177830934524536 
1291	 0.17770816385746 
1292	 0.177615687251091 
1293	 0.177590265870094 
1294	 0.177510753273964 
1295	 0.177420571446419 
1296	 0.177287757396698 
1297	 0.17721876502037 
1298	 0.177251219749451 
1299	 0.177071332931519 
1300	 0.176925390958786 
1301	 0.176935598254204 
1302	 0.176858156919479 
1303	 0.17687426507473 
1304	 0.17683020234108 
1305	 0.176782831549644 
1306	 0.176663845777512 
1307	 0.176621273159981 
1308	 0.176624163985252 
1309	 0.176620587706566 
1310	 0.176602482795715 
1311	 0.176535308361053 
1312	 0.176458835601807 
1313	 0.176453143358231 
1314	 0.17646549642086 
1315	 0.176419869065285 
1316	 0.17637874186039 
1317	 0.176366090774536 
1318	 0.176340460777283 
1319	 0.176251828670502 
1320	 0.17621523141861 
1321	 0.176229953765869 
1322	 0.176202192902565 
1323	 0.176184177398682 
1324	 0.176097273826599 
1325	 0.175939232110977 
1326	 0.175879016518593 
1327	 0.175925955176353 
1328	 0.175977095961571 
1329	 0.175971955060959 
1330	 0.175938531756401 
1331	 0.175756826996803 
1332	 0.17563433945179 
1333	 0.175637453794479 
1334	 0.175533965229988 
1335	 0.175226211547852 
1336	 0.175185337662697 
1337	 0.175376638770103 
1338	 0.17526887357235 
1339	 0.17513906955719 
1340	 0.174991071224213 
1341	 0.174697190523148 
1342	 0.174427390098572 
1343	 0.174325540661812 
1344	 0.174244090914726 
1345	 0.174048483371735 
1346	 0.173858195543289 
1347	 0.173753440380096 
1348	 0.173655480146408 
1349	 0.173508748412132 
1350	 0.173368617892265 
1351	 0.173194155097008 
1352	 0.172965571284294 
1353	 0.172857835888863 
1354	 0.172704607248306 
1355	 0.172415643930435 
1356	 0.172219082713127 
1357	 0.172021880745888 
1358	 0.171805635094643 
1359	 0.171618893742561 
1360	 0.17150454223156 
1361	 0.171336144208908 
1362	 0.171140149235725 
1363	 0.170940414071083 
1364	 0.170712620019913 
1365	 0.170529589056969 
1366	 0.17036297917366 
1367	 0.170197680592537 
1368	 0.169994309544563 
1369	 0.169843852519989 
1370	 0.169622987508774 
1371	 0.169383034110069 
1372	 0.169253632426262 
1373	 0.169088169932365 
1374	 0.168953821063042 
1375	 0.168826907873154 
1376	 0.168597713112831 
1377	 0.168464571237564 
1378	 0.168369576334953 
1379	 0.168200463056564 
1380	 0.168082907795906 
1381	 0.167961418628693 
1382	 0.167735531926155 
1383	 0.16753876209259 
1384	 0.167441353201866 
1385	 0.167277798056602 
1386	 0.167069032788277 
1387	 0.16694363951683 
1388	 0.166778519749641 
1389	 0.16651938855648 
1390	 0.166339188814163 
1391	 0.166210383176804 
1392	 0.166078254580498 
1393	 0.16602811217308 
1394	 0.16589543223381 
1395	 0.165744736790657 
1396	 0.165499672293663 
1397	 0.165351077914238 
1398	 0.165234699845314 
1399	 0.165101781487465 
1400	 0.164988130331039 
1401	 0.164758175611496 
1402	 0.164456725120544 
1403	 0.164279520511627 
1404	 0.164187207818031 
1405	 0.164072260260582 
1406	 0.163911998271942 
1407	 0.163678556680679 
1408	 0.163383424282074 
1409	 0.163111582398415 
1410	 0.162923723459244 
1411	 0.162760779261589 
1412	 0.162569373846054 
1413	 0.162366539239883 
1414	 0.162158295512199 
1415	 0.16194012761116 
1416	 0.161746293306351 
1417	 0.161609292030334 
1418	 0.161442011594772 
1419	 0.161190390586853 
1420	 0.161009550094604 
1421	 0.160915017127991 
1422	 0.160741701722145 
1423	 0.160548716783524 
1424	 0.160380974411964 
1425	 0.160206511616707 
1426	 0.159952580928802 
1427	 0.159761413931847 
1428	 0.159614235162735 
1429	 0.159466937184334 
1430	 0.159320473670959 
1431	 0.159183651208878 
1432	 0.159047469496727 
1433	 0.158945441246033 
1434	 0.15880660712719 
1435	 0.158672690391541 
1436	 0.158601358532906 
1437	 0.15852977335453 
1438	 0.158408716320992 
1439	 0.158212155103683 
1440	 0.158053398132324 
1441	 0.157981887459755 
1442	 0.157847717404366 
1443	 0.157710671424866 
1444	 0.157616421580315 
1445	 0.157348141074181 
1446	 0.157088607549667 
1447	 0.157062128186226 
1448	 0.157067358493805 
1449	 0.15700227022171 
1450	 0.156894534826279 
1451	 0.156740039587021 
1452	 0.156572490930557 
1453	 0.156466007232666 
1454	 0.156428083777428 
1455	 0.156352326273918 
1456	 0.156249344348907 
1457	 0.156152576208115 
1458	 0.156036630272865 
1459	 0.155997022986412 
1460	 0.15595418214798 
1461	 0.155820921063423 
1462	 0.155737072229385 
1463	 0.155626192688942 
1464	 0.155544966459274 
1465	 0.155514895915985 
1466	 0.155461817979813 
1467	 0.155425742268562 
1468	 0.155322536826134 
1469	 0.155076518654823 
1470	 0.155015617609024 
1471	 0.155075922608376 
1472	 0.155028119683266 
1473	 0.155028909444809 
1474	 0.155002593994141 
1475	 0.154913485050201 
1476	 0.154764413833618 
1477	 0.154744014143944 
1478	 0.154750242829323 
1479	 0.154546692967415 
1480	 0.154412925243378 
1481	 0.154406979680061 
1482	 0.154297769069672 
1483	 0.154182240366936 
1484	 0.154076352715492 
1485	 0.15392304956913 
1486	 0.15385839343071 
1487	 0.1538947224617 
1488	 0.15392093360424 
1489	 0.153832346200943 
1490	 0.153665006160736 
1491	 0.153576165437698 
1492	 0.153547212481499 
1493	 0.153579920530319 
1494	 0.153633534908295 
1495	 0.153545215725899 
1496	 0.153419673442841 
1497	 0.15332505106926 
1498	 0.153244435787201 
1499	 0.153278768062592 
1500	 0.153324738144875 
1501	 0.153303369879723 
1502	 0.153246313333511 
1503	 0.153130248188972 
1504	 0.153037190437317 
1505	 0.152955457568169 
1506	 0.152913063764572 
1507	 0.152944788336754 
1508	 0.152943029999733 
1509	 0.152919605374336 
1510	 0.152863785624504 
1511	 0.152771964669228 
1512	 0.152759179472923 
1513	 0.152775675058365 
1514	 0.152731001377106 
1515	 0.152671083807945 
1516	 0.152645170688629 
1517	 0.152615949511528 
1518	 0.152589678764343 
1519	 0.152531281113625 
1520	 0.15247468650341 
1521	 0.152424395084381 
1522	 0.152352660894394 
1523	 0.152281850576401 
1524	 0.152215346693993 
1525	 0.152162715792656 
1526	 0.152094513177872 
1527	 0.152030423283577 
1528	 0.152058228850365 
1529	 0.151973113417625 
1530	 0.151710405945778 
1531	 0.151638016104698 
1532	 0.15170681476593 
1533	 0.151603281497955 
1534	 0.151479437947273 
1535	 0.151407510042191 
1536	 0.15125361084938 
1537	 0.151112541556358 
1538	 0.151113152503967 
1539	 0.151142418384552 
1540	 0.151108726859093 
1541	 0.150978058576584 
1542	 0.150922402739525 
1543	 0.15095317363739 
1544	 0.150907188653946 
1545	 0.150900334119797 
1546	 0.150850713253021 
1547	 0.150737062096596 
1548	 0.150673076510429 
1549	 0.150610342621803 
1550	 0.150558322668076 
1551	 0.150441810488701 
1552	 0.150290250778198 
1553	 0.150198757648468 
1554	 0.150090783834457 
1555	 0.150015264749527 
1556	 0.150011524558067 
1557	 0.149937853217125 
1558	 0.149864315986633 
1559	 0.149862065911293 
1560	 0.149791687726974 
1561	 0.149689987301826 
1562	 0.149591982364655 
1563	 0.149484619498253 
1564	 0.149422377347946 
1565	 0.149366989731789 
1566	 0.149302810430527 
1567	 0.149263724684715 
1568	 0.14919838309288 
1569	 0.149097561836243 
1570	 0.149028107523918 
1571	 0.149005651473999 
1572	 0.148957714438438 
1573	 0.148865550756454 
1574	 0.14883129298687 
1575	 0.148801520466805 
1576	 0.148699551820755 
1577	 0.148614093661308 
1578	 0.148568451404572 
1579	 0.148519605398178 
1580	 0.148497804999352 
1581	 0.148477926850319 
1582	 0.148366719484329 
1583	 0.148302271962166 
1584	 0.148318260908127 
1585	 0.148239359259605 
1586	 0.148130312561989 
1587	 0.148015797138214 
1588	 0.14789667725563 
1589	 0.147873908281326 
1590	 0.147949278354645 
1591	 0.147979855537415 
1592	 0.147845715284348 
1593	 0.147739470005035 
1594	 0.147738933563232 
1595	 0.147683903574944 
1596	 0.147586733102798 
1597	 0.147524923086166 
1598	 0.147495850920677 
1599	 0.147471010684967 
1600	 0.147492662072182 
1601	 0.147479623556137 
1602	 0.147332862019539 
1603	 0.147226631641388 
1604	 0.147178009152412 
1605	 0.147110641002655 
1606	 0.147080183029175 
1607	 0.146959111094475 
1608	 0.146777153015137 
1609	 0.146750003099442 
1610	 0.146732300519943 
1611	 0.146678805351257 
1612	 0.146748602390289 
1613	 0.14671616256237 
1614	 0.146571233868599 
1615	 0.146559417247772 
1616	 0.146464481949806 
1617	 0.14625471830368 
1618	 0.146122977137566 
1619	 0.146035209298134 
1620	 0.146032065153122 
1621	 0.146036028862 
1622	 0.146040692925453 
1623	 0.146005809307098 
1624	 0.145840883255005 
1625	 0.145767644047737 
1626	 0.145770743489265 
1627	 0.145761936903 
1628	 0.145758226513863 
1629	 0.145691409707069 
1630	 0.145629495382309 
1631	 0.145605340600014 
1632	 0.145541325211525 
1633	 0.145491540431976 
1634	 0.145486831665039 
1635	 0.145407259464264 
1636	 0.145377486944199 
1637	 0.14543904364109 
1638	 0.145459145307541 
1639	 0.145527064800262 
1640	 0.145609840750694 
1641	 0.145569980144501 
1642	 0.145395368337631 
1643	 0.145228877663612 
1644	 0.145144492387772 
1645	 0.145099267363548 
1646	 0.145125731825829 
1647	 0.145101070404053 
1648	 0.144953653216362 
1649	 0.144814774394035 
1650	 0.14472371339798 
1651	 0.144641235470772 
1652	 0.144594460725784 
1653	 0.14456170797348 
1654	 0.1445502191782 
1655	 0.144593924283981 
1656	 0.144634574651718 
1657	 0.144559502601624 
1658	 0.144382178783417 
1659	 0.144316285848618 
1660	 0.14423668384552 
1661	 0.144183769822121 
1662	 0.144302278757095 
1663	 0.144206076860428 
1664	 0.143879875540733 
1665	 0.143702521920204 
1666	 0.143670216202736 
1667	 0.143628671765327 
1668	 0.143588006496429 
1669	 0.143569022417068 
1670	 0.143461331725121 
1671	 0.143327295780182 
1672	 0.143413066864014 
1673	 0.143538579344749 
1674	 0.143519058823586 
1675	 0.143410831689835 
1676	 0.143229469656944 
1677	 0.14311571419239 
1678	 0.142915949225426 
1679	 0.142873361706734 
1680	 0.143077284097672 
1681	 0.143044456839561 
1682	 0.142910853028297 
1683	 0.142879858613014 
1684	 0.14271867275238 
1685	 0.142652437090874 
1686	 0.142803475260735 
1687	 0.142799407243729 
1688	 0.142710700631142 
1689	 0.142653718590736 
1690	 0.142583951354027 
1691	 0.142496138811111 
1692	 0.142330676317215 
1693	 0.142265632748604 
1694	 0.142274156212807 
1695	 0.142227038741112 
1696	 0.142251461744308 
1697	 0.142210334539413 
1698	 0.14205339550972 
1699	 0.14198049902916 
1700	 0.141924753785133 
1701	 0.141874328255653 
1702	 0.141880065202713 
1703	 0.141830965876579 
1704	 0.141759738326073 
1705	 0.141719371080399 
1706	 0.141658321022987 
1707	 0.141614183783531 
1708	 0.141614362597466 
1709	 0.141555085778236 
1710	 0.14146377146244 
1711	 0.141384810209274 
1712	 0.141307577490807 
1713	 0.141202881932259 
1714	 0.141054764389992 
1715	 0.140979290008545 
1716	 0.140903726220131 
1717	 0.14085890352726 
1718	 0.14092580974102 
1719	 0.14087338745594 
1720	 0.140714377164841 
1721	 0.140714153647423 
1722	 0.140767022967339 
1723	 0.140763074159622 
1724	 0.140864863991737 
1725	 0.140809684991837 
1726	 0.140590652823448 
1727	 0.140529856085777 
1728	 0.140502080321312 
1729	 0.140448868274689 
1730	 0.140444368124008 
1731	 0.140421897172928 
1732	 0.140323907136917 
1733	 0.140268832445145 
1734	 0.140159159898758 
1735	 0.140008628368378 
1736	 0.139905273914337 
1737	 0.139832362532616 
1738	 0.139765202999115 
1739	 0.139741167426109 
1740	 0.139684841036797 
1741	 0.139601692557335 
1742	 0.139546036720276 
1743	 0.139538124203682 
1744	 0.139448210597038 
1745	 0.139256238937378 
1746	 0.139190196990967 
1747	 0.139144003391266 
1748	 0.139090359210968 
1749	 0.139135837554932 
1750	 0.139155119657516 
1751	 0.139096215367317 
1752	 0.139115959405899 
1753	 0.139261648058891 
1754	 0.139289289712906 
1755	 0.139310985803604 
1756	 0.139237985014915 
1757	 0.139069408178329 
1758	 0.138895347714424 
1759	 0.13859024643898 
1760	 0.138448938727379 
1761	 0.138315916061401 
1762	 0.138301163911819 
1763	 0.138501405715942 
1764	 0.138519942760468 
1765	 0.138551712036133 
1766	 0.138456135988235 
1767	 0.13817897439003 
1768	 0.138076141476631 
1769	 0.137994080781937 
1770	 0.137916907668114 
1771	 0.137892842292786 
1772	 0.137925907969475 
1773	 0.137964099645615 
1774	 0.138116121292114 
1775	 0.138173893094063 
1776	 0.138149529695511 
1777	 0.138141363859177 
1778	 0.138096243143082 
1779	 0.137982189655304 
1780	 0.137765824794769 
1781	 0.137653589248657 
1782	 0.137639194726944 
1783	 0.137548714876175 
1784	 0.1374841183424 
1785	 0.137409061193466 
1786	 0.137204110622406 
1787	 0.137101709842682 
1788	 0.137054979801178 
1789	 0.137031316757202 
1790	 0.137124270200729 
1791	 0.137119337916374 
1792	 0.137103766202927 
1793	 0.137051090598106 
1794	 0.136908546090126 
1795	 0.136808931827545 
1796	 0.136735528707504 
1797	 0.136624529957771 
1798	 0.136479333043098 
1799	 0.13633406162262 
1800	 0.136112198233604 
1801	 0.136053338646889 
1802	 0.136075869202614 
1803	 0.136082738637924 
1804	 0.13619376718998 
1805	 0.136244580149651 
1806	 0.136298879981041 
1807	 0.136240214109421 
1808	 0.136116519570351 
1809	 0.135945841670036 
1810	 0.135735020041466 
1811	 0.135621905326843 
1812	 0.135570853948593 
1813	 0.135454118251801 
1814	 0.135303124785423 
1815	 0.135266438126564 
1816	 0.135160371661186 
1817	 0.135143682360649 
1818	 0.135139465332031 
1819	 0.135095864534378 
1820	 0.135044440627098 
1821	 0.13502998650074 
1822	 0.134927958250046 
1823	 0.134811699390411 
1824	 0.134686961770058 
1825	 0.134411320090294 
1826	 0.134336873888969 
1827	 0.134376183152199 
1828	 0.134361907839775 
1829	 0.134490564465523 
1830	 0.134434387087822 
1831	 0.134470194578171 
1832	 0.134464338421822 
1833	 0.134504571557045 
1834	 0.134476631879807 
1835	 0.134084179997444 
1836	 0.134038016200066 
1837	 0.134262844920158 
1838	 0.134474650025368 
1839	 0.134274199604988 
1840	 0.134162351489067 
1841	 0.133869349956512 
1842	 0.133593380451202 
1843	 0.133532494306564 
1844	 0.133777797222137 
1845	 0.13388355076313 
1846	 0.134171023964882 
1847	 0.134125605225563 
1848	 0.133777678012848 
1849	 0.133617386221886 
1850	 0.133391663432121 
1851	 0.133314445614815 
1852	 0.133451595902443 
1853	 0.13359771668911 
1854	 0.133557617664337 
1855	 0.133109346032143 
1856	 0.133029103279114 
1857	 0.133080363273621 
1858	 0.133197471499443 
1859	 0.133133292198181 
1860	 0.133247256278992 
1861	 0.133228123188019 
1862	 0.132664561271667 
1863	 0.132535323500633 
1864	 0.132761001586914 
1865	 0.132771894335747 
1866	 0.132683604955673 
1867	 0.132852554321289 
1868	 0.133051216602325 
1869	 0.132696866989136 
1870	 0.132742747664452 
1871	 0.13291434943676 
1872	 0.132558375597 
1873	 0.132461622357368 
1874	 0.132431954145432 
1875	 0.132251590490341 
1876	 0.132206946611404 
1877	 0.132463619112968 
1878	 0.132557705044746 
1879	 0.13253116607666 
1880	 0.132714688777924 
1881	 0.132703885436058 
1882	 0.132487788796425 
1883	 0.131976708769798 
1884	 0.131637021899223 
1885	 0.131572470068932 
1886	 0.13176816701889 
1887	 0.131838068366051 
1888	 0.131952077150345 
1889	 0.131826877593994 
1890	 0.131342142820358 
1891	 0.131034806370735 
1892	 0.130929425358772 
1893	 0.130999505519867 
1894	 0.13095834851265 
1895	 0.130796626210213 
1896	 0.13062658905983 
1897	 0.130429774522781 
1898	 0.130099222064018 
1899	 0.129979446530342 
1900	 0.129937559366226 
1901	 0.129849493503571 
1902	 0.130054101347923 
1903	 0.130133390426636 
1904	 0.129936099052429 
1905	 0.129952415823936 
1906	 0.129765689373016 
1907	 0.129444271326065 
1908	 0.128827661275864 
1909	 0.128547087311745 
1910	 0.128200709819794 
1911	 0.127723515033722 
1912	 0.127740859985352 
1913	 0.127914562821388 
1914	 0.127934649586678 
1915	 0.127941250801086 
1916	 0.1278205960989 
1917	 0.127582296729088 
1918	 0.127396240830421 
1919	 0.127157285809517 
1920	 0.12721586227417 
1921	 0.127272352576256 
1922	 0.127273574471474 
1923	 0.127369791269302 
1924	 0.127258270978928 
1925	 0.127048179507256 
1926	 0.126703903079033 
1927	 0.126455202698708 
1928	 0.126530721783638 
1929	 0.126491472125053 
1930	 0.126537784934044 
1931	 0.126490965485573 
1932	 0.126441597938538 
1933	 0.126305669546127 
1934	 0.126120090484619 
1935	 0.126089453697205 
1936	 0.126126930117607 
1937	 0.12622207403183 
1938	 0.126380234956741 
1939	 0.126391395926476 
1940	 0.126401945948601 
1941	 0.126339286565781 
1942	 0.126389771699905 
1943	 0.126382574439049 
1944	 0.126359149813652 
1945	 0.126457393169403 
1946	 0.126164704561234 
1947	 0.12596395611763 
1948	 0.126097157597542 
1949	 0.126206591725349 
1950	 0.126359581947327 
1951	 0.126356229186058 
1952	 0.126361384987831 
1953	 0.126317277550697 
1954	 0.126206114888191 
1955	 0.126134157180786 
1956	 0.12619611620903 
1957	 0.126034900546074 
1958	 0.125962138175964 
1959	 0.126001432538033 
1960	 0.125858843326569 
1961	 0.125810012221336 
1962	 0.125995486974716 
1963	 0.126132935285568 
1964	 0.126361057162285 
1965	 0.126536339521408 
1966	 0.126845523715019 
1967	 0.126819044351578 
1968	 0.12657243013382 
1969	 0.126437738537788 
1970	 0.126375883817673 
1971	 0.126294657588005 
1972	 0.126344382762909 
1973	 0.126422464847565 
1974	 0.126428365707397 
1975	 0.126414984464645 
1976	 0.12637260556221 
1977	 0.126333400607109 
1978	 0.12638945877552 
1979	 0.126494243741035 
1980	 0.126476898789406 
1981	 0.126555591821671 
1982	 0.126741841435432 
1983	 0.126712217926979 
1984	 0.126602962613106 
1985	 0.126737177371979 
1986	 0.126717031002045 
1987	 0.126402780413628 
1988	 0.126372814178467 
1989	 0.126409307122231 
1990	 0.126594662666321 
1991	 0.126438945531845 
1992	 0.126340061426163 
1993	 0.126463279128075 
1994	 0.126372173428535 
1995	 0.126405090093613 
1996	 0.126688808202744 
1997	 0.126611039042473 
1998	 0.126358821988106 
1999	 0.126388907432556 
2000	 0.12631930410862 
2001	 0.126176103949547 
2002	 0.126141801476479 
2003	 0.126229181885719 
2004	 0.126104235649109 
2005	 0.125997215509415 
2006	 0.12601475417614 
2007	 0.125834375619888 
2008	 0.125749036669731 
2009	 0.125802263617516 
2010	 0.125803261995316 
2011	 0.125933691859245 
2012	 0.125933706760406 
2013	 0.125703141093254 
2014	 0.125595927238464 
2015	 0.125485986471176 
2016	 0.125302016735077 
2017	 0.125156313180923 
2018	 0.125078082084656 
2019	 0.124968059360981 
2020	 0.124917335808277 
2021	 0.124887123703957 
2022	 0.12462841719389 
2023	 0.124484173953533 
2024	 0.124484442174435 
2025	 0.124388389289379 
2026	 0.12445006519556 
2027	 0.124494329094887 
2028	 0.124488011002541 
2029	 0.124347619712353 
2030	 0.124316677451134 
2031	 0.124353379011154 
2032	 0.12428031116724 
2033	 0.124362878501415 
2034	 0.124312683939934 
2035	 0.124311149120331 
2036	 0.124366424977779 
2037	 0.124044254422188 
2038	 0.123793259263039 
2039	 0.123474061489105 
2040	 0.123052552342415 
2041	 0.123081989586353 
2042	 0.123192295432091 
2043	 0.123080976307392 
2044	 0.12293466925621 
2045	 0.122827872633934 
2046	 0.122644208371639 
2047	 0.12227700650692 
2048	 0.12208729237318 
2049	 0.122197024524212 
2050	 0.122269980609417 
2051	 0.122136205434799 
2052	 0.12204122543335 
2053	 0.122003637254238 
2054	 0.121860943734646 
2055	 0.121710136532784 
2056	 0.121778957545757 
2057	 0.121767297387123 
2058	 0.12161660194397 
2059	 0.121299676597118 
2060	 0.12126412987709 
2061	 0.121324300765991 
2062	 0.121132202446461 
2063	 0.121015824377537 
2064	 0.120870038866997 
2065	 0.120550833642483 
2066	 0.120339266955853 
2067	 0.120425619184971 
2068	 0.120426505804062 
2069	 0.120194360613823 
2070	 0.119954086840153 
2071	 0.119986429810524 
2072	 0.11999674141407 
2073	 0.119840927422047 
2074	 0.119729079306126 
2075	 0.11963526904583 
2076	 0.119358383119106 
2077	 0.119015544652939 
2078	 0.119207561016083 
2079	 0.119302444159985 
2080	 0.119334623217583 
2081	 0.119379207491875 
2082	 0.119354769587517 
2083	 0.119151704013348 
2084	 0.11878751963377 
2085	 0.118809923529625 
2086	 0.118915371596813 
2087	 0.118763089179993 
2088	 0.118615038692951 
2089	 0.11847497522831 
2090	 0.118314109742641 
2091	 0.11787536740303 
2092	 0.117859989404678 
2093	 0.1181700527668 
2094	 0.118305496871471 
2095	 0.118390008807182 
2096	 0.118514269590378 
2097	 0.11848071962595 
2098	 0.118410743772984 
2099	 0.118299841880798 
2100	 0.118117615580559 
2101	 0.118103414773941 
2102	 0.118204556405544 
2103	 0.118137754499912 
2104	 0.118249125778675 
2105	 0.118296049535275 
2106	 0.118109934031963 
2107	 0.117972530424595 
2108	 0.118020735681057 
2109	 0.118021972477436 
2110	 0.117897368967533 
2111	 0.117880217730999 
2112	 0.117966197431087 
2113	 0.117831885814667 
2114	 0.117722190916538 
2115	 0.117658548057079 
2116	 0.117797374725342 
2117	 0.11788434535265 
2118	 0.117706142365932 
2119	 0.117857970297337 
2120	 0.117874704301357 
2121	 0.117713212966919 
2122	 0.117814354598522 
2123	 0.117650955915451 
2124	 0.117577530443668 
2125	 0.117488734424114 
2126	 0.117542318999767 
2127	 0.117762617766857 
2128	 0.117790199816227 
2129	 0.1178078353405 
2130	 0.117726139724255 
2131	 0.117527827620506 
2132	 0.117312371730804 
2133	 0.117410488426685 
2134	 0.117592491209507 
2135	 0.117832355201244 
2136	 0.118255630135536 
2137	 0.118531294167042 
2138	 0.118600949645042 
2139	 0.11836951225996 
2140	 0.118157491087914 
2141	 0.118123039603233 
2142	 0.118164867162704 
2143	 0.118078842759132 
2144	 0.118059366941452 
2145	 0.118076309561729 
2146	 0.118038699030876 
2147	 0.118008300662041 
2148	 0.118063375353813 
2149	 0.118083976209164 
2150	 0.118202865123749 
2151	 0.117985837161541 
2152	 0.117951542139053 
2153	 0.118262991309166 
2154	 0.118123725056648 
2155	 0.118018105626106 
2156	 0.118018575012684 
2157	 0.118019126355648 
2158	 0.118178255856037 
2159	 0.118110224604607 
2160	 0.118263550102711 
2161	 0.118489995598793 
2162	 0.118477694690228 
2163	 0.11840957403183 
2164	 0.118332073092461 
2165	 0.117925137281418 
2166	 0.11775866150856 
2167	 0.117802239954472 
2168	 0.117724388837814 
2169	 0.117722935974598 
2170	 0.117518424987793 
2171	 0.117317326366901 
2172	 0.117220833897591 
2173	 0.117081359028816 
2174	 0.116992272436619 
2175	 0.116931676864624 
2176	 0.116612397134304 
2177	 0.116735339164734 
2178	 0.117311768233776 
2179	 0.117459356784821 
2180	 0.117565341293812 
2181	 0.117610983550549 
2182	 0.117358602583408 
2183	 0.117302775382996 
2184	 0.117551274597645 
2185	 0.117600925266743 
2186	 0.117423109710217 
2187	 0.117391005158424 
2188	 0.117558941245079 
2189	 0.117533013224602 
2190	 0.117546387016773 
2191	 0.117436617612839 
2192	 0.117228738963604 
2193	 0.116574972867966 
2194	 0.116465128958225 
2195	 0.116456426680088 
2196	 0.116389080882072 
2197	 0.11650837957859 
2198	 0.116426281630993 
2199	 0.116298548877239 
2200	 0.116159699857235 
2201	 0.116118036210537 
2202	 0.115726754069328 
2203	 0.115383267402649 
2204	 0.115886233747005 
2205	 0.116165407001972 
2206	 0.116274423897266 
2207	 0.11654794216156 
2208	 0.116327755153179 
2209	 0.115873441100121 
2210	 0.115874491631985 
2211	 0.11644235253334 
2212	 0.116517260670662 
2213	 0.116614639759064 
2214	 0.116727784276009 
2215	 0.11657503247261 
2216	 0.116514630615711 
2217	 0.116674721240997 
2218	 0.116370670497417 
2219	 0.116130605340004 
2220	 0.116155877709389 
2221	 0.115847609937191 
2222	 0.115893676877022 
2223	 0.116168364882469 
2224	 0.115708731114864 
2225	 0.11546017229557 
2226	 0.115649625658989 
2227	 0.115591153502464 
2228	 0.115606613457203 
2229	 0.115705244243145 
2230	 0.115842401981354 
2231	 0.115596503019333 
2232	 0.115219779312611 
2233	 0.11494667083025 
2234	 0.114519082009792 
2235	 0.114331036806107 
2236	 0.114467576146126 
2237	 0.114553704857826 
2238	 0.11483559012413 
2239	 0.114811196923256 
2240	 0.114720717072487 
2241	 0.114643014967442 
2242	 0.114260256290436 
2243	 0.114072166383266 
2244	 0.114038676023483 
2245	 0.113981485366821 
2246	 0.113754227757454 
2247	 0.114235572516918 
2248	 0.114715188741684 
2249	 0.114584818482399 
2250	 0.11442057043314 
2251	 0.11420202255249 
2252	 0.114052169024944 
2253	 0.113785281777382 
2254	 0.11349119246006 
2255	 0.113699741661549 
2256	 0.113472491502762 
2257	 0.113398902118206 
2258	 0.113966174423695 
2259	 0.113570734858513 
2260	 0.112984515726566 
2261	 0.112922646105289 
2262	 0.112664431333542 
2263	 0.112817548215389 
2264	 0.113306172192097 
2265	 0.113177858293056 
2266	 0.112896345555782 
2267	 0.112584806978703 
2268	 0.112224072217941 
2269	 0.112510599195957 
2270	 0.112579382956028 
2271	 0.11252374202013 
2272	 0.112588495016098 
2273	 0.112458989024162 
2274	 0.112461045384407 
2275	 0.112842589616776 
2276	 0.112977832555771 
2277	 0.113121874630451 
2278	 0.113087810575962 
2279	 0.1127565279603 
2280	 0.112576089799404 
2281	 0.112278334796429 
2282	 0.112163744866848 
2283	 0.112383477389812 
2284	 0.112477667629719 
2285	 0.112462744116783 
2286	 0.112698704004288 
2287	 0.112782023847103 
2288	 0.11248841136694 
2289	 0.112647332251072 
2290	 0.112970896065235 
2291	 0.112968064844608 
2292	 0.113147363066673 
2293	 0.113075256347656 
2294	 0.112743712961674 
2295	 0.112801350653172 
2296	 0.112747304141521 
2297	 0.112520985305309 
2298	 0.112421795725822 
2299	 0.112101934850216 
2300	 0.112002514302731 
2301	 0.112270824611187 
2302	 0.112521611154079 
2303	 0.112440720200539 
2304	 0.112243168056011 
2305	 0.112366281449795 
2306	 0.112170577049255 
2307	 0.111838608980179 
2308	 0.111800849437714 
2309	 0.111815445125103 
2310	 0.111853986978531 
2311	 0.112043492496014 
2312	 0.112168580293655 
2313	 0.11180916428566 
2314	 0.111421152949333 
2315	 0.110882617533207 
2316	 0.110515579581261 
2317	 0.110692858695984 
2318	 0.110355071723461 
2319	 0.11057685315609 
2320	 0.11165726929903 
2321	 0.111706517636776 
2322	 0.111475870013237 
2323	 0.111288823187351 
2324	 0.110380560159683 
2325	 0.109771259129047 
2326	 0.109490714967251 
2327	 0.109544940292835 
2328	 0.109820768237114 
2329	 0.109796956181526 
2330	 0.109949834644794 
2331	 0.109892502427101 
2332	 0.109611608088017 
2333	 0.109651893377304 
2334	 0.110041245818138 
2335	 0.110359191894531 
2336	 0.110428974032402 
2337	 0.110089793801308 
2338	 0.109200961887836 
2339	 0.10903000831604 
2340	 0.109024606645107 
2341	 0.109277345240116 
2342	 0.110414981842041 
2343	 0.110263809561729 
2344	 0.109453275799751 
2345	 0.109446853399277 
2346	 0.109322719275951 
2347	 0.109189979732037 
2348	 0.10934653878212 
2349	 0.108663663268089 
2350	 0.10776799172163 
2351	 0.10798241943121 
2352	 0.107999734580517 
2353	 0.107726000249386 
2354	 0.108071520924568 
2355	 0.108014784753323 
2356	 0.107811793684959 
2357	 0.108355633914471 
2358	 0.108934573829174 
2359	 0.108962446451187 
2360	 0.108808517456055 
2361	 0.108788229525089 
2362	 0.108864396810532 
2363	 0.1091568171978 
2364	 0.109521843492985 
2365	 0.108963340520859 
2366	 0.108280993998051 
2367	 0.10837134718895 
2368	 0.107925839722157 
2369	 0.107672616839409 
2370	 0.107612252235413 
2371	 0.106714867055416 
2372	 0.106415808200836 
2373	 0.107343748211861 
2374	 0.10817950963974 
2375	 0.108371824026108 
2376	 0.108423568308353 
2377	 0.108415111899376 
2378	 0.108130484819412 
2379	 0.108150564134121 
2380	 0.10839931666851 
2381	 0.108215749263763 
2382	 0.10804671049118 
2383	 0.107976727187634 
2384	 0.108002193272114 
2385	 0.108248621225357 
2386	 0.109155625104904 
2387	 0.110044375061989 
2388	 0.110103398561478 
2389	 0.109871633350849 
2390	 0.109010107815266 
2391	 0.108314581215382 
2392	 0.108454421162605 
2393	 0.10859426856041 
2394	 0.109148725867271 
2395	 0.109827898442745 
2396	 0.108663819730282 
2397	 0.106928057968616 
2398	 0.106266841292381 
2399	 0.105273500084877 
2400	 0.105418398976326 
2401	 0.107089951634407 
2402	 0.107644811272621 
2403	 0.107211120426655 
2404	 0.106639571487904 
2405	 0.10599460452795 
2406	 0.105974800884724 
2407	 0.106707610189915 
2408	 0.107194066047668 
2409	 0.107801213860512 
2410	 0.108177520334721 
2411	 0.107615172863007 
2412	 0.107571788132191 
2413	 0.107072770595551 
2414	 0.105315022170544 
2415	 0.104699045419693 
2416	 0.10535529255867 
2417	 0.105918996036053 
2418	 0.107087984681129 
2419	 0.108415007591248 
2420	 0.108108259737492 
2421	 0.10743011534214 
2422	 0.106962278485298 
2423	 0.105925925076008 
2424	 0.10560866445303 
2425	 0.106440484523773 
2426	 0.106772616505623 
2427	 0.106218665838242 
2428	 0.106802754104137 
2429	 0.106474608182907 
2430	 0.105033844709396 
2431	 0.105374678969383 
2432	 0.103907249867916 
2433	 0.102368541061878 
2434	 0.102860391139984 
2435	 0.102322161197662 
2436	 0.1024339646101 
2437	 0.101542972028255 
2438	 9.99243706464767E-02 
2439	 0.100060939788818 
2440	 0.100881576538086 
2441	 0.1031229570508 
2442	 0.103800818324089 
2443	 0.102335624396801 
2444	 0.100800216197968 
2445	 9.89120304584503E-02 
2446	 9.96794998645782E-02 
2447	 0.101470924913883 
2448	 0.101626344025135 
2449	 0.101311109960079 
2450	 0.100540526211262 
2451	 0.100401364266872 
2452	 0.10156212002039 
2453	 0.103185743093491 
2454	 0.103464372456074 
2455	 0.102554075419903 
2456	 0.101322136819363 
2457	 9.96680557727814E-02 
2458	 0.100045047700405 
2459	 0.102648489177227 
2460	 0.103035621345043 
2461	 0.103385850787163 
2462	 0.10276547819376 
2463	 0.09991654753685 
2464	 9.93747934699059E-02 
2465	 9.92706790566444E-02 
2466	 9.86410453915596E-02 
2467	 9.97417494654655E-02 
2468	 9.88360568881035E-02 
2469	 9.54104065895081E-02 
2470	 9.55624356865883E-02 
2471	 9.72131490707397E-02 
2472	 9.67180654406548E-02 
2473	 9.71272438764572E-02 
2474	 9.66817662119865E-02 
2475	 0.093653991818428 
2476	 9.40104722976685E-02 
2477	 9.74440053105354E-02 
2478	 0.101123347878456 
2479	 9.89889279007912E-02 
2480	 9.64607298374176E-02 
2481	 9.48249474167824E-02 
2482	 9.42400991916656E-02 
2483	 9.84483659267426E-02 
2484	 9.75930914282799E-02 
2485	 9.60807055234909E-02 
2486	 9.46553498506546E-02 
2487	 8.85997489094734E-02 
2488	 0.087587796151638 
2489	 8.90744552016258E-02 
2490	 8.88194441795349E-02 
2491	 8.97504091262817E-02 
2492	 9.11827459931374E-02 
2493	 0.092334158718586 
2494	 9.51868891716003E-02 
2495	 9.64841693639755E-02 
2496	 9.48507562279701E-02 
2497	 9.63020250201225E-02 
2498	 9.60542485117912E-02 
2499	 9.51517522335052E-02 
2500	 0.1005854383111 
