350	 0.211474522948265 
351	 0.216006189584732 
352	 0.222361832857132 
353	 0.224507823586464 
354	 0.222440242767334 
355	 0.229708969593048 
356	 0.230675339698792 
357	 0.227732568979263 
358	 0.228880330920219 
359	 0.232799023389816 
360	 0.23607237637043 
361	 0.238060370087624 
362	 0.240296706557274 
363	 0.242090091109276 
364	 0.243136823177338 
365	 0.243921309709549 
366	 0.24622268974781 
367	 0.24923974275589 
368	 0.250751435756683 
369	 0.250136286020279 
370	 0.254309803247452 
371	 0.256745249032974 
372	 0.256376534700394 
373	 0.256168365478516 
374	 0.259256780147552 
375	 0.261828720569611 
376	 0.262025654315948 
377	 0.261861234903336 
378	 0.263590455055237 
379	 0.266146332025528 
380	 0.267943769693375 
381	 0.268761873245239 
382	 0.269423872232437 
383	 0.270246118307114 
384	 0.271186828613281 
385	 0.271506190299988 
386	 0.273237824440002 
387	 0.276074677705765 
388	 0.276970654726028 
389	 0.277482837438583 
390	 0.277906954288483 
391	 0.278515785932541 
392	 0.280225872993469 
393	 0.281683146953583 
394	 0.282300859689713 
395	 0.282243996858597 
396	 0.283753395080566 
397	 0.285457968711853 
398	 0.286112248897552 
399	 0.285047769546509 
400	 0.286700665950775 
401	 0.288869917392731 
402	 0.289340227842331 
403	 0.288758367300034 
404	 0.289152026176453 
405	 0.290345519781113 
406	 0.291220456361771 
407	 0.290915131568909 
408	 0.291976809501648 
409	 0.294085532426834 
410	 0.294190675020218 
411	 0.294453650712967 
412	 0.295549184083939 
413	 0.297132402658463 
414	 0.297154247760773 
415	 0.297364830970764 
416	 0.298237979412079 
417	 0.299573987722397 
418	 0.300640851259232 
419	 0.301068246364594 
420	 0.301424890756607 
421	 0.303053349256516 
422	 0.304147303104401 
423	 0.304910868406296 
424	 0.305793762207031 
425	 0.306850075721741 
426	 0.308022916316986 
427	 0.309134364128113 
428	 0.310093104839325 
429	 0.311777859926224 
430	 0.312927424907684 
431	 0.313437819480896 
432	 0.31456384062767 
433	 0.315669596195221 
434	 0.316934764385223 
435	 0.318501770496368 
436	 0.319939225912094 
437	 0.321459084749222 
438	 0.322964251041412 
439	 0.324277997016907 
440	 0.325838208198547 
441	 0.327359765768051 
442	 0.328735172748566 
443	 0.330191671848297 
444	 0.331320285797119 
445	 0.332004070281982 
446	 0.332387387752533 
447	 0.333270251750946 
448	 0.333608865737915 
449	 0.333305478096008 
450	 0.332948505878448 
451	 0.332727938890457 
452	 0.332206875085831 
453	 0.331385463476181 
454	 0.33126175403595 
455	 0.330948084592819 
456	 0.330463141202927 
457	 0.330104470252991 
458	 0.329948306083679 
459	 0.329991281032562 
460	 0.330125242471695 
461	 0.330184698104858 
462	 0.330330967903137 
463	 0.330545336008072 
464	 0.330739736557007 
465	 0.33069783449173 
466	 0.330682218074799 
467	 0.330710679292679 
468	 0.330728441476822 
469	 0.331001162528992 
470	 0.331392973661423 
471	 0.331725805997849 
472	 0.331829637289047 
473	 0.331995159387589 
474	 0.332330942153931 
475	 0.332809090614319 
476	 0.333120346069336 
477	 0.333537817001343 
478	 0.334081172943115 
479	 0.334598511457443 
480	 0.335112631320953 
481	 0.335574477910995 
482	 0.335930526256561 
483	 0.336081176996231 
484	 0.336630970239639 
485	 0.337300449609756 
486	 0.337646722793579 
487	 0.337989032268524 
488	 0.338384956121445 
489	 0.338825941085815 
490	 0.339239805936813 
491	 0.339785099029541 
492	 0.340335756540298 
493	 0.340800583362579 
494	 0.341414451599121 
495	 0.341816186904907 
496	 0.342166543006897 
497	 0.34280914068222 
498	 0.343250185251236 
499	 0.343703389167786 
500	 0.344279050827026 
501	 0.344838201999664 
502	 0.345112293958664 
503	 0.345437467098236 
504	 0.346119225025177 
505	 0.34655037522316 
506	 0.346883773803711 
507	 0.347244411706924 
508	 0.347690433263779 
509	 0.34803831577301 
510	 0.348450601100922 
511	 0.348993360996246 
512	 0.34930157661438 
513	 0.349719107151031 
514	 0.350169986486435 
515	 0.350453406572342 
516	 0.350979119539261 
517	 0.351485788822174 
518	 0.351830363273621 
519	 0.352080047130585 
520	 0.35233947634697 
521	 0.352661639451981 
522	 0.353040456771851 
523	 0.353394776582718 
524	 0.353803992271423 
525	 0.354270100593567 
526	 0.35473245382309 
527	 0.35509529709816 
528	 0.355592519044876 
529	 0.356278479099274 
530	 0.356675207614899 
531	 0.357143580913544 
532	 0.357629895210266 
533	 0.357987016439438 
534	 0.358570158481598 
535	 0.359083116054535 
536	 0.359427690505981 
537	 0.359810560941696 
538	 0.360184818506241 
539	 0.360537052154541 
540	 0.360871076583862 
541	 0.361222267150879 
542	 0.361643940210342 
543	 0.362113118171692 
544	 0.362538874149323 
545	 0.362897753715515 
546	 0.363307982683182 
547	 0.363811075687408 
548	 0.364211171865463 
549	 0.364566504955292 
550	 0.364911705255508 
551	 0.365258604288101 
552	 0.365525364875793 
553	 0.365757316350937 
554	 0.365966111421585 
555	 0.366108804941177 
556	 0.36621281504631 
557	 0.366367965936661 
558	 0.366627126932144 
559	 0.366839945316315 
560	 0.367004364728928 
561	 0.367186397314072 
562	 0.367510914802551 
563	 0.368035465478897 
564	 0.368655920028687 
565	 0.369249612092972 
566	 0.369677186012268 
567	 0.370241492986679 
568	 0.370816648006439 
569	 0.371136784553528 
570	 0.371432960033417 
571	 0.371469587087631 
572	 0.371228009462357 
573	 0.371037274599075 
574	 0.370743632316589 
575	 0.370504349470139 
576	 0.370478361845016 
577	 0.370512157678604 
578	 0.370624035596848 
579	 0.370801240205765 
580	 0.370994120836258 
581	 0.371221899986267 
582	 0.371367305517197 
583	 0.371395528316498 
584	 0.371524602174759 
585	 0.371671497821808 
586	 0.371793299913406 
587	 0.371881127357483 
588	 0.37196409702301 
589	 0.37218314409256 
590	 0.372576177120209 
591	 0.373040080070496 
592	 0.373716920614243 
593	 0.374604821205139 
594	 0.375620871782303 
595	 0.376569837331772 
596	 0.377113729715347 
597	 0.37734591960907 
598	 0.377677530050278 
599	 0.377868741750717 
600	 0.378009289503098 
601	 0.378253012895584 
602	 0.378738313913345 
603	 0.379390567541122 
604	 0.380226403474808 
605	 0.381253451108933 
606	 0.382264822721481 
607	 0.383037030696869 
608	 0.383508265018463 
609	 0.383847713470459 
610	 0.384101986885071 
611	 0.384206295013428 
612	 0.384120762348175 
613	 0.384028792381287 
614	 0.383984535932541 
615	 0.383950501680374 
616	 0.383832424879074 
617	 0.383564472198486 
618	 0.38320329785347 
619	 0.382833570241928 
620	 0.382544100284576 
621	 0.382362931966782 
622	 0.382297694683075 
623	 0.382334291934967 
624	 0.382315695285797 
625	 0.382390022277832 
626	 0.382573544979095 
627	 0.38268107175827 
628	 0.38275671005249 
629	 0.382942765951157 
630	 0.383281886577606 
631	 0.38341212272644 
632	 0.383533447980881 
633	 0.383701771497726 
634	 0.38387006521225 
635	 0.384028345346451 
636	 0.38409811258316 
637	 0.384102016687393 
638	 0.384259819984436 
639	 0.384436935186386 
640	 0.384634613990784 
641	 0.384860277175903 
642	 0.38488507270813 
643	 0.384995847940445 
644	 0.385272592306137 
645	 0.385545253753662 
646	 0.385787516832352 
647	 0.385999619960785 
648	 0.386198043823242 
649	 0.386419266462326 
650	 0.38667768239975 
651	 0.386947751045227 
652	 0.38717657327652 
653	 0.387374758720398 
654	 0.387641817331314 
655	 0.388019800186157 
656	 0.388493239879608 
657	 0.388838857412338 
658	 0.389138609170914 
659	 0.389530301094055 
660	 0.389972925186157 
661	 0.390382766723633 
662	 0.390745759010315 
663	 0.391109257936478 
664	 0.391586005687714 
665	 0.392164885997772 
666	 0.392779856920242 
667	 0.393322348594666 
668	 0.393931359052658 
669	 0.39452663064003 
670	 0.394997179508209 
671	 0.395537823438644 
672	 0.39611953496933 
673	 0.39674773812294 
674	 0.397484838962555 
675	 0.398248136043549 
676	 0.399007707834244 
677	 0.39975643157959 
678	 0.400455564260483 
679	 0.401249259710312 
680	 0.402132868766785 
681	 0.403021991252899 
682	 0.403994590044022 
683	 0.404930531978607 
684	 0.405812859535217 
685	 0.406801462173462 
686	 0.407765835523605 
687	 0.408769935369492 
688	 0.409871846437454 
689	 0.411024779081345 
690	 0.412091135978699 
691	 0.413171529769897 
692	 0.414460778236389 
693	 0.415515214204788 
694	 0.416587024927139 
695	 0.417824387550354 
696	 0.419080525636673 
697	 0.420286297798157 
698	 0.421517670154572 
699	 0.42284893989563 
700	 0.424182116985321 
701	 0.425568073987961 
702	 0.42695164680481 
703	 0.428200632333755 
704	 0.429584622383118 
705	 0.430936694145203 
706	 0.432182013988495 
707	 0.433564066886902 
708	 0.434910595417023 
709	 0.436300367116928 
710	 0.437809973955154 
711	 0.439204961061478 
712	 0.440532267093658 
713	 0.441844463348389 
714	 0.443177461624146 
715	 0.444617241621017 
716	 0.446028739213943 
717	 0.447316288948059 
718	 0.448556423187256 
719	 0.449911862611771 
720	 0.451355189085007 
721	 0.452775657176971 
722	 0.454078376293182 
723	 0.455360263586044 
724	 0.456664115190506 
725	 0.457969427108765 
726	 0.459210693836212 
727	 0.460450172424316 
728	 0.461746692657471 
729	 0.463097184896469 
730	 0.46440789103508 
731	 0.465624809265137 
732	 0.46676579117775 
733	 0.468044191598892 
734	 0.469422578811646 
735	 0.470760256052017 
736	 0.471878707408905 
737	 0.473071843385696 
738	 0.474360108375549 
739	 0.475646257400513 
740	 0.476695388555527 
741	 0.477751612663269 
742	 0.478878766298294 
743	 0.480073064565659 
744	 0.481266140937805 
745	 0.482450485229492 
746	 0.48363932967186 
747	 0.484865427017212 
748	 0.48612117767334 
749	 0.487345963716507 
750	 0.488493859767914 
751	 0.489536076784134 
752	 0.490560799837112 
753	 0.491580069065094 
754	 0.49261274933815 
755	 0.49379289150238 
756	 0.494846671819687 
757	 0.495830625295639 
758	 0.496983140707016 
759	 0.498121649026871 
760	 0.49912565946579 
761	 0.500040054321289 
762	 0.501099407672882 
763	 0.502157807350159 
764	 0.50316846370697 
765	 0.504135072231293 
766	 0.505121231079102 
767	 0.506114959716797 
768	 0.507102489471436 
769	 0.50805139541626 
770	 0.508883595466614 
771	 0.50976175069809 
772	 0.510721921920776 
773	 0.511646211147308 
774	 0.512502551078796 
775	 0.513301372528076 
776	 0.514092266559601 
777	 0.514967501163483 
778	 0.515868544578552 
779	 0.516748309135437 
780	 0.517584681510925 
781	 0.518436431884766 
782	 0.519190609455109 
783	 0.519910871982574 
784	 0.520748436450958 
785	 0.521630227565765 
786	 0.522420644760132 
787	 0.523117542266846 
788	 0.523866772651672 
789	 0.524692296981812 
790	 0.525457739830017 
791	 0.526117026805878 
792	 0.526931941509247 
793	 0.52762246131897 
794	 0.528253495693207 
795	 0.528953433036804 
796	 0.529575347900391 
797	 0.530260562896729 
798	 0.531024277210236 
799	 0.531774401664734 
800	 0.5324866771698 
801	 0.533127844333649 
802	 0.533706426620483 
803	 0.534270882606506 
804	 0.534976780414581 
805	 0.535660445690155 
806	 0.536238133907318 
807	 0.536959648132324 
808	 0.537487745285034 
809	 0.537949860095978 
810	 0.538541495800018 
811	 0.539040923118591 
812	 0.539583683013916 
813	 0.540172755718231 
814	 0.540714919567108 
815	 0.541155159473419 
816	 0.541602492332459 
817	 0.542143642902374 
818	 0.542799890041351 
819	 0.54334545135498 
820	 0.543789684772491 
821	 0.544177293777466 
822	 0.54457950592041 
823	 0.54505842924118 
824	 0.545522332191467 
825	 0.545907199382782 
826	 0.546368002891541 
827	 0.546777009963989 
828	 0.547212660312653 
829	 0.54775995016098 
830	 0.548086583614349 
831	 0.548440933227539 
832	 0.548889935016632 
833	 0.54934173822403 
834	 0.549794912338257 
835	 0.550217807292938 
836	 0.55062472820282 
837	 0.551095485687256 
838	 0.551385700702667 
839	 0.55166882276535 
840	 0.552089929580688 
841	 0.552594304084778 
842	 0.553016781806946 
843	 0.553350865840912 
844	 0.553644061088562 
845	 0.553967416286469 
846	 0.554333329200745 
847	 0.55471009016037 
848	 0.555055141448975 
849	 0.555475413799286 
850	 0.555756330490112 
851	 0.555970907211304 
852	 0.556311666965485 
853	 0.556690037250519 
854	 0.557014644145966 
855	 0.557280719280243 
856	 0.557564079761505 
857	 0.557831823825836 
858	 0.558092355728149 
859	 0.558369219303131 
860	 0.558681070804596 
861	 0.558994650840759 
862	 0.559321999549866 
863	 0.559639573097229 
864	 0.559910953044891 
865	 0.560210585594177 
866	 0.560532808303833 
867	 0.560871839523315 
868	 0.561235070228577 
869	 0.561523973941803 
870	 0.561683893203735 
871	 0.561785757541656 
872	 0.562082171440125 
873	 0.562313616275787 
874	 0.562541484832764 
875	 0.562874138355255 
876	 0.563004076480865 
877	 0.563217341899872 
878	 0.563547313213348 
879	 0.56385749578476 
880	 0.563908994197845 
881	 0.563980638980865 
882	 0.564180552959442 
883	 0.564497172832489 
884	 0.564711511135101 
885	 0.56489086151123 
886	 0.565082371234894 
887	 0.565259993076324 
888	 0.565473914146423 
889	 0.565665662288666 
890	 0.56588089466095 
891	 0.566232204437256 
892	 0.566401481628418 
893	 0.566534996032715 
894	 0.566712439060211 
895	 0.566909730434418 
896	 0.56713080406189 
897	 0.567309737205505 
898	 0.567471563816071 
899	 0.56775826215744 
900	 0.567853450775146 
901	 0.56787234544754 
902	 0.567942678928375 
903	 0.568060457706451 
904	 0.568270683288574 
905	 0.568393886089325 
906	 0.568390429019928 
907	 0.568613588809967 
908	 0.568746387958527 
909	 0.568847954273224 
910	 0.568987131118774 
911	 0.569092154502869 
912	 0.569288194179535 
913	 0.569390058517456 
914	 0.569350719451904 
915	 0.569565892219543 
916	 0.569994986057281 
917	 0.570294857025146 
918	 0.570339262485504 
919	 0.570594310760498 
920	 0.57074511051178 
921	 0.570834994316101 
922	 0.570986151695251 
923	 0.571253895759583 
924	 0.571290075778961 
925	 0.57145756483078 
926	 0.571957409381866 
927	 0.57225626707077 
928	 0.572175681591034 
929	 0.572076559066772 
930	 0.57226288318634 
931	 0.572558462619781 
932	 0.572590053081512 
933	 0.572482824325562 
934	 0.572483479976654 
935	 0.572817921638489 
936	 0.572669386863709 
937	 0.572568714618683 
938	 0.57291316986084 
939	 0.573179543018341 
940	 0.573033630847931 
941	 0.572913110256195 
942	 0.57294762134552 
943	 0.572539687156677 
944	 0.572413980960846 
945	 0.572346389293671 
946	 0.572126150131226 
947	 0.571872532367706 
948	 0.571881651878357 
949	 0.57184100151062 
950	 0.57165789604187 
951	 0.57170170545578 
952	 0.571852385997772 
953	 0.572098553180695 
954	 0.572325944900513 
955	 0.572306215763092 
956	 0.572439193725586 
957	 0.57266902923584 
958	 0.572794198989868 
959	 0.572577774524689 
960	 0.572234094142914 
961	 0.571929335594177 
962	 0.571503162384033 
963	 0.570733964443207 
964	 0.570331931114197 
965	 0.570463955402374 
966	 0.570974230766296 
967	 0.57164591550827 
968	 0.572839736938477 
969	 0.574106931686401 
970	 0.575400173664093 
971	 0.576651215553284 
972	 0.576965808868408 
973	 0.577495098114014 
974	 0.578125596046448 
975	 0.578459501266479 
976	 0.578541100025177 
977	 0.578777134418488 
978	 0.578913390636444 
979	 0.578786790370941 
980	 0.578771591186523 
981	 0.578705012798309 
982	 0.578867673873901 
983	 0.579293668270111 
984	 0.579625368118286 
985	 0.579738259315491 
986	 0.579669952392578 
987	 0.579618334770203 
988	 0.57984584569931 
989	 0.580292522907257 
990	 0.580130994319916 
991	 0.579868078231812 
992	 0.580367684364319 
993	 0.580282211303711 
994	 0.579906404018402 
995	 0.579920947551727 
996	 0.580619215965271 
997	 0.580938875675201 
998	 0.580636501312256 
999	 0.580407798290253 
1000	 0.580598294734955 
1001	 0.580435156822205 
1002	 0.580225884914398 
1003	 0.580479979515076 
1004	 0.580918729305267 
1005	 0.58114093542099 
1006	 0.581300377845764 
1007	 0.581384241580963 
1008	 0.581458806991577 
1009	 0.581496477127075 
1010	 0.581473648548126 
1011	 0.581373989582062 
1012	 0.581338167190552 
1013	 0.581234991550446 
1014	 0.581166803836823 
1015	 0.581336259841919 
1016	 0.581336796283722 
1017	 0.581393122673035 
1018	 0.581521689891815 
1019	 0.581589758396149 
1020	 0.581631660461426 
1021	 0.581712126731873 
1022	 0.581835389137268 
1023	 0.581833183765411 
1024	 0.581873834133148 
1025	 0.581816554069519 
1026	 0.581488430500031 
1027	 0.58135050535202 
1028	 0.581278502941132 
1029	 0.581174850463867 
1030	 0.581268012523651 
1031	 0.581423997879028 
1032	 0.581623733043671 
1033	 0.581702947616577 
1034	 0.581786155700684 
1035	 0.581909477710724 
1036	 0.581913530826569 
1037	 0.581705510616302 
1038	 0.581779658794403 
1039	 0.581937909126282 
1040	 0.581995606422424 
1041	 0.582159340381622 
1042	 0.582313001155853 
1043	 0.582381308078766 
1044	 0.582489848136902 
1045	 0.582565367221832 
1046	 0.582745730876923 
1047	 0.582784116268158 
1048	 0.582649409770966 
1049	 0.582663714885712 
1050	 0.582783937454224 
1051	 0.582716345787048 
1052	 0.582523584365845 
1053	 0.58251291513443 
1054	 0.582391917705536 
1055	 0.582488358020782 
1056	 0.582940936088562 
1057	 0.583130478858948 
1058	 0.58323872089386 
1059	 0.583366572856903 
1060	 0.583545088768005 
1061	 0.583625912666321 
1062	 0.583702743053436 
1063	 0.583882212638855 
1064	 0.58389812707901 
1065	 0.583615958690643 
1066	 0.58371114730835 
1067	 0.584061324596405 
1068	 0.584154665470123 
1069	 0.584474742412567 
1070	 0.584395825862885 
1071	 0.58374285697937 
1072	 0.583500981330872 
1073	 0.583213448524475 
1074	 0.583103179931641 
1075	 0.583372414112091 
1076	 0.583578944206238 
1077	 0.583628833293915 
1078	 0.583608031272888 
1079	 0.583640277385712 
1080	 0.583645522594452 
1081	 0.583560228347778 
1082	 0.583442151546478 
1083	 0.583368957042694 
1084	 0.583122730255127 
1085	 0.583042979240417 
1086	 0.583244800567627 
1087	 0.583205223083496 
1088	 0.582977414131165 
1089	 0.582908272743225 
1090	 0.58280736207962 
1091	 0.582703173160553 
1092	 0.5825474858284 
1093	 0.582489967346191 
1094	 0.582327544689178 
1095	 0.581948757171631 
1096	 0.581861555576324 
1097	 0.582048237323761 
1098	 0.581929206848145 
1099	 0.581676483154297 
1100	 0.581625878810883 
1101	 0.581537544727325 
1102	 0.581486403942108 
1103	 0.5816690325737 
1104	 0.581758916378021 
1105	 0.581805109977722 
1106	 0.581770420074463 
1107	 0.581716358661652 
1108	 0.581650853157043 
1109	 0.581608474254608 
1110	 0.581448674201965 
1111	 0.581417322158813 
1112	 0.581483542919159 
1113	 0.581494987010956 
1114	 0.581463515758514 
1115	 0.58150190114975 
1116	 0.581577301025391 
1117	 0.581646621227264 
1118	 0.581736266613007 
1119	 0.581839442253113 
1120	 0.58195024728775 
1121	 0.582054913043976 
1122	 0.582290351390839 
1123	 0.582285284996033 
1124	 0.582302272319794 
1125	 0.582263469696045 
1126	 0.582306623458862 
1127	 0.582319855690002 
1128	 0.582394063472748 
1129	 0.582604885101318 
1130	 0.582629263401031 
1131	 0.582521617412567 
1132	 0.582544922828674 
1133	 0.582583904266357 
1134	 0.582605302333832 
1135	 0.582696616649628 
1136	 0.582768678665161 
1137	 0.582849979400635 
1138	 0.582844913005829 
1139	 0.58277028799057 
1140	 0.582752406597137 
1141	 0.582796216011047 
1142	 0.58278900384903 
1143	 0.582846283912659 
1144	 0.58307945728302 
1145	 0.583108127117157 
1146	 0.582986295223236 
1147	 0.582983076572418 
1148	 0.583000361919403 
1149	 0.582965850830078 
1150	 0.582924842834473 
1151	 0.582909047603607 
1152	 0.582829773426056 
1153	 0.582817137241364 
1154	 0.582996129989624 
1155	 0.582977771759033 
1156	 0.582856595516205 
1157	 0.582696616649628 
1158	 0.582609057426453 
1159	 0.582522034645081 
1160	 0.582473814487457 
1161	 0.582548856735229 
1162	 0.582571268081665 
1163	 0.582576394081116 
1164	 0.582517325878143 
1165	 0.582442343235016 
1166	 0.582342863082886 
1167	 0.582108795642853 
1168	 0.581975102424622 
1169	 0.581922590732574 
1170	 0.581825613975525 
1171	 0.581685960292816 
1172	 0.581619143486023 
1173	 0.581595838069916 
1174	 0.581582903862 
1175	 0.581494510173798 
1176	 0.581391632556915 
1177	 0.581289708614349 
1178	 0.581071972846985 
1179	 0.581019461154938 
1180	 0.581107318401337 
1181	 0.5810626745224 
1182	 0.580994725227356 
1183	 0.580941140651703 
1184	 0.580846905708313 
1185	 0.580762386322021 
1186	 0.58066189289093 
1187	 0.580603539943695 
1188	 0.580648422241211 
1189	 0.580568134784698 
1190	 0.580399215221405 
1191	 0.580389738082886 
1192	 0.580300807952881 
1193	 0.580069780349731 
1194	 0.580054461956024 
1195	 0.580129206180573 
1196	 0.580012977123261 
1197	 0.579824388027191 
1198	 0.579723834991455 
1199	 0.579538226127625 
1200	 0.579416990280151 
1201	 0.579448759555817 
1202	 0.579363107681274 
1203	 0.579146206378937 
1204	 0.579034924507141 
1205	 0.579018652439117 
1206	 0.578915774822235 
1207	 0.578807890415192 
1208	 0.578699707984924 
1209	 0.578583598136902 
1210	 0.578359484672546 
1211	 0.578129410743713 
1212	 0.5779909491539 
1213	 0.578006386756897 
1214	 0.577965617179871 
1215	 0.577681958675385 
1216	 0.577454805374146 
1217	 0.577241241931915 
1218	 0.576846241950989 
1219	 0.576583921909332 
1220	 0.576553225517273 
1221	 0.576330304145813 
1222	 0.575940072536469 
1223	 0.575618445873261 
1224	 0.575293660163879 
1225	 0.574993669986725 
1226	 0.574754297733307 
1227	 0.574460506439209 
1228	 0.574208676815033 
1229	 0.573741793632507 
1230	 0.573220014572144 
1231	 0.572815418243408 
1232	 0.572494685649872 
1233	 0.572228968143463 
1234	 0.572054743766785 
1235	 0.57194584608078 
1236	 0.571870803833008 
1237	 0.571736872196198 
1238	 0.571690857410431 
1239	 0.571797609329224 
1240	 0.571772992610931 
1241	 0.571619391441345 
1242	 0.571716785430908 
1243	 0.571930944919586 
1244	 0.571989774703979 
1245	 0.572120547294617 
1246	 0.57229745388031 
1247	 0.572385430335999 
1248	 0.572488784790039 
1249	 0.572806239128113 
1250	 0.573010802268982 
1251	 0.573053598403931 
1252	 0.57319188117981 
1253	 0.573368608951569 
1254	 0.573550701141357 
1255	 0.573762893676758 
1256	 0.573872625827789 
1257	 0.573885381221771 
1258	 0.573907971382141 
1259	 0.573970913887024 
1260	 0.574099361896515 
1261	 0.574128270149231 
1262	 0.574101030826569 
1263	 0.574157178401947 
1264	 0.5742546916008 
1265	 0.574198544025421 
1266	 0.574173450469971 
1267	 0.574074506759644 
1268	 0.573792994022369 
1269	 0.573572933673859 
1270	 0.573439836502075 
1271	 0.573272943496704 
1272	 0.573144733905792 
1273	 0.57298743724823 
1274	 0.572763800621033 
1275	 0.572502732276917 
1276	 0.57220721244812 
1277	 0.571864247322083 
1278	 0.571470975875854 
1279	 0.571127712726593 
1280	 0.570815145969391 
1281	 0.570358574390411 
1282	 0.569827139377594 
1283	 0.569151878356934 
1284	 0.568564713001251 
1285	 0.567959427833557 
1286	 0.567341208457947 
1287	 0.56667172908783 
1288	 0.56609320640564 
1289	 0.56554114818573 
1290	 0.564877152442932 
1291	 0.564226984977722 
1292	 0.563799142837524 
1293	 0.563348650932312 
1294	 0.562752902507782 
1295	 0.56229704618454 
1296	 0.561919093132019 
1297	 0.561516046524048 
1298	 0.561058521270752 
1299	 0.560472249984741 
1300	 0.559897840023041 
1301	 0.55925714969635 
1302	 0.558640420436859 
1303	 0.558117926120758 
1304	 0.557516574859619 
1305	 0.556926250457764 
1306	 0.556260347366333 
1307	 0.555777192115784 
1308	 0.555369555950165 
1309	 0.55506044626236 
1310	 0.554994642734528 
1311	 0.554691135883331 
1312	 0.55433601140976 
1313	 0.553937137126923 
1314	 0.553391575813293 
1315	 0.552907347679138 
1316	 0.552444279193878 
1317	 0.55187976360321 
1318	 0.551309943199158 
1319	 0.550816893577576 
1320	 0.55033415555954 
1321	 0.549807071685791 
1322	 0.549304962158203 
1323	 0.548791170120239 
1324	 0.548276841640472 
1325	 0.54780912399292 
1326	 0.547436416149139 
1327	 0.547151923179626 
1328	 0.546790659427643 
1329	 0.54648345708847 
1330	 0.546196937561035 
1331	 0.545854806900024 
1332	 0.545596897602081 
1333	 0.545518398284912 
1334	 0.54535186290741 
1335	 0.545180022716522 
1336	 0.545026302337646 
1337	 0.544853389263153 
1338	 0.544659316539764 
1339	 0.54447478055954 
1340	 0.544277846813202 
1341	 0.543969392776489 
1342	 0.543568193912506 
1343	 0.543092787265778 
1344	 0.542337656021118 
1345	 0.541332006454468 
1346	 0.540306568145752 
1347	 0.539079427719116 
1348	 0.537739813327789 
1349	 0.536581099033356 
1350	 0.535401821136475 
1351	 0.534014284610748 
1352	 0.532788991928101 
1353	 0.531738877296448 
1354	 0.530591011047363 
1355	 0.529709279537201 
1356	 0.529091358184814 
1357	 0.528375685214996 
1358	 0.5278080701828 
1359	 0.527415096759796 
1360	 0.52718311548233 
1361	 0.526966094970703 
1362	 0.527014017105103 
1363	 0.526823282241821 
1364	 0.526566982269287 
1365	 0.526271343231201 
1366	 0.525933861732483 
1367	 0.525471985340118 
1368	 0.524796307086945 
1369	 0.52397483587265 
1370	 0.522858023643494 
1371	 0.521456956863403 
1372	 0.519951462745667 
1373	 0.51826149225235 
1374	 0.516306102275848 
1375	 0.514187455177307 
1376	 0.511911690235138 
1377	 0.509344160556793 
1378	 0.50662624835968 
1379	 0.503766417503357 
1380	 0.500658214092255 
1381	 0.497462928295136 
1382	 0.494190394878387 
1383	 0.490663021802902 
1384	 0.486994713544846 
1385	 0.48337060213089 
1386	 0.479752838611603 
1387	 0.47622537612915 
1388	 0.47292560338974 
1389	 0.469676822423935 
1390	 0.466908305883408 
1391	 0.464309692382813 
1392	 0.462247788906097 
1393	 0.460649013519287 
1394	 0.459484547376633 
1395	 0.458736687898636 
1396	 0.458370417356491 
1397	 0.458472579717636 
1398	 0.458815217018127 
1399	 0.459284484386444 
1400	 0.459885746240616 
1401	 0.460478991270065 
1402	 0.460743874311447 
1403	 0.460817933082581 
1404	 0.460566908121109 
1405	 0.459775358438492 
1406	 0.4587582051754 
1407	 0.457322806119919 
1408	 0.45570495724678 
1409	 0.454206943511963 
1410	 0.453040093183517 
1411	 0.45255908370018 
1412	 0.453039616346359 
1413	 0.454581707715988 
1414	 0.457297593355179 
1415	 0.461391270160675 
1416	 0.466528475284576 
1417	 0.472719550132751 
1418	 0.479613304138184 
1419	 0.486682415008545 
1420	 0.493922472000122 
1421	 0.500966846942902 
1422	 0.507644414901733 
1423	 0.513618409633636 
1424	 0.519252061843872 
1425	 0.524005174636841 
1426	 0.527862846851349 
1427	 0.531366527080536 
1428	 0.534177601337433 
1429	 0.536737501621246 
1430	 0.538846552371979 
1431	 0.540674448013306 
1432	 0.542360544204712 
1433	 0.543815791606903 
1434	 0.545117437839508 
1435	 0.546271085739136 
1436	 0.547181487083435 
1437	 0.548040926456451 
1438	 0.548866033554077 
1439	 0.549530208110809 
1440	 0.5501988530159 
1441	 0.550772905349731 
1442	 0.55111563205719 
1443	 0.551494240760803 
1444	 0.551902890205383 
1445	 0.552149772644043 
1446	 0.552462756633759 
1447	 0.552924156188965 
1448	 0.5532346367836 
1449	 0.55341112613678 
1450	 0.553753256797791 
1451	 0.554140686988831 
1452	 0.554428935050964 
1453	 0.55472719669342 
1454	 0.554959774017334 
1455	 0.555166244506836 
1456	 0.555459082126617 
1457	 0.555782437324524 
1458	 0.556091964244843 
1459	 0.556318521499634 
1460	 0.556465983390808 
1461	 0.55664187669754 
1462	 0.556782603263855 
1463	 0.556812345981598 
1464	 0.556941151618958 
1465	 0.55713564157486 
1466	 0.557305514812469 
1467	 0.557489812374115 
1468	 0.557664632797241 
1469	 0.557799816131592 
1470	 0.557922959327698 
1471	 0.558053731918335 
1472	 0.558206081390381 
1473	 0.558390974998474 
1474	 0.558412492275238 
1475	 0.558468818664551 
1476	 0.558564245700836 
1477	 0.558663904666901 
1478	 0.558752536773682 
1479	 0.55881142616272 
1480	 0.558847427368164 
1481	 0.558860957622528 
1482	 0.558855772018433 
1483	 0.558949530124664 
1484	 0.559061825275421 
1485	 0.559064388275146 
1486	 0.559126555919647 
1487	 0.559179246425629 
1488	 0.559191465377808 
1489	 0.559328019618988 
1490	 0.559409081935883 
1491	 0.559300541877747 
1492	 0.559243083000183 
1493	 0.559256196022034 
1494	 0.559245467185974 
1495	 0.559447169303894 
1496	 0.559761524200439 
1497	 0.559835851192474 
1498	 0.559912025928497 
1499	 0.560026705265045 
1500	 0.560019493103027 
1501	 0.56021773815155 
1502	 0.560568332672119 
1503	 0.560786128044128 
1504	 0.561026036739349 
1505	 0.561238884925842 
1506	 0.561395943164825 
1507	 0.561688244342804 
1508	 0.561975181102753 
1509	 0.562136948108673 
1510	 0.56231164932251 
1511	 0.562426686286926 
1512	 0.562485337257385 
1513	 0.562629520893097 
1514	 0.562711834907532 
1515	 0.562745988368988 
1516	 0.562884390354156 
1517	 0.562984108924866 
1518	 0.563046634197235 
1519	 0.563115417957306 
1520	 0.563181459903717 
1521	 0.563320577144623 
1522	 0.563538432121277 
1523	 0.563657402992249 
1524	 0.563757359981537 
1525	 0.563811302185059 
1526	 0.563798785209656 
1527	 0.563804507255554 
1528	 0.563879549503326 
1529	 0.563871204853058 
1530	 0.563696801662445 
1531	 0.563635885715485 
1532	 0.563600242137909 
1533	 0.563555836677551 
1534	 0.563599824905396 
1535	 0.563633620738983 
1536	 0.563628494739532 
1537	 0.563696324825287 
1538	 0.563808143138886 
1539	 0.563915550708771 
1540	 0.564019978046417 
1541	 0.564059734344482 
1542	 0.56413322687149 
1543	 0.564164340496063 
1544	 0.564135074615479 
1545	 0.564272522926331 
1546	 0.564482510089874 
1547	 0.564552485942841 
1548	 0.56453263759613 
1549	 0.564564108848572 
1550	 0.564542233943939 
1551	 0.564456582069397 
1552	 0.564532458782196 
1553	 0.564565896987915 
1554	 0.564403414726257 
1555	 0.564402222633362 
1556	 0.564530968666077 
1557	 0.564579486846924 
1558	 0.564696907997131 
1559	 0.564749777317047 
1560	 0.564665853977203 
1561	 0.564717710018158 
1562	 0.564780473709106 
1563	 0.564792811870575 
1564	 0.564913272857666 
1565	 0.564948379993439 
1566	 0.564917862415314 
1567	 0.56496787071228 
1568	 0.564876556396484 
1569	 0.564799726009369 
1570	 0.564920425415039 
1571	 0.565007627010345 
1572	 0.565084457397461 
1573	 0.565272390842438 
1574	 0.56546026468277 
1575	 0.56547623872757 
1576	 0.565472185611725 
1577	 0.56557297706604 
1578	 0.565565705299377 
1579	 0.565608620643616 
1580	 0.565849840641022 
1581	 0.565963089466095 
1582	 0.565902769565582 
1583	 0.565931260585785 
1584	 0.566049814224243 
1585	 0.56611555814743 
1586	 0.566112041473389 
1587	 0.566127061843872 
1588	 0.566205203533173 
1589	 0.566293239593506 
1590	 0.566467106342316 
1591	 0.566681921482086 
1592	 0.566762447357178 
1593	 0.566781938076019 
1594	 0.566909074783325 
1595	 0.567057430744171 
1596	 0.567102015018463 
1597	 0.567212522029877 
1598	 0.567432105541229 
1599	 0.567516148090363 
1600	 0.567544281482697 
1601	 0.56770384311676 
1602	 0.567748129367828 
1603	 0.56765216588974 
1604	 0.567665457725525 
1605	 0.567763447761536 
1606	 0.5678950548172 
1607	 0.568096160888672 
1608	 0.568275928497314 
1609	 0.568276286125183 
1610	 0.568153083324432 
1611	 0.568102836608887 
1612	 0.568107903003693 
1613	 0.568132698535919 
1614	 0.568245649337769 
1615	 0.568326413631439 
1616	 0.568315088748932 
1617	 0.568339765071869 
1618	 0.568441808223724 
1619	 0.568422615528107 
1620	 0.568357229232788 
1621	 0.568412721157074 
1622	 0.568421006202698 
1623	 0.568405330181122 
1624	 0.568461537361145 
1625	 0.568492293357849 
1626	 0.568507730960846 
1627	 0.568537950515747 
1628	 0.568633079528809 
1629	 0.568758368492126 
1630	 0.568779110908508 
1631	 0.568790018558502 
1632	 0.56871509552002 
1633	 0.568642020225525 
1634	 0.568715453147888 
1635	 0.568645596504211 
1636	 0.568739950656891 
1637	 0.568941950798035 
1638	 0.568908870220184 
1639	 0.569022953510284 
1640	 0.569140434265137 
1641	 0.569045662879944 
1642	 0.568990468978882 
1643	 0.568991422653198 
1644	 0.569013655185699 
1645	 0.569104850292206 
1646	 0.569198906421661 
1647	 0.569259643554688 
1648	 0.569310903549194 
1649	 0.569253385066986 
1650	 0.569216787815094 
1651	 0.569262087345123 
1652	 0.569295763969421 
1653	 0.569359600543976 
1654	 0.569370627403259 
1655	 0.569317996501923 
1656	 0.569279134273529 
1657	 0.569250047206879 
1658	 0.569275200366974 
1659	 0.56938648223877 
1660	 0.56934118270874 
1661	 0.569252729415894 
1662	 0.569275140762329 
1663	 0.56931209564209 
1664	 0.569197654724121 
1665	 0.568994224071503 
1666	 0.568953514099121 
1667	 0.568817675113678 
1668	 0.568767547607422 
1669	 0.568932473659515 
1670	 0.568781077861786 
1671	 0.568513870239258 
1672	 0.568444490432739 
1673	 0.568351745605469 
1674	 0.568335235118866 
1675	 0.568397998809814 
1676	 0.568349540233612 
1677	 0.56834352016449 
1678	 0.568323016166687 
1679	 0.568292260169983 
1680	 0.568217039108276 
1681	 0.56822943687439 
1682	 0.56828385591507 
1683	 0.568312466144562 
1684	 0.568493664264679 
1685	 0.56846809387207 
1686	 0.568169474601746 
1687	 0.568063914775848 
1688	 0.567980587482452 
1689	 0.567919015884399 
1690	 0.568062365055084 
1691	 0.568053364753723 
1692	 0.567889988422394 
1693	 0.567859828472137 
1694	 0.567943692207336 
1695	 0.567844092845917 
1696	 0.567660212516785 
1697	 0.567546188831329 
1698	 0.567284524440765 
1699	 0.56720107793808 
1700	 0.567338228225708 
1701	 0.567308068275452 
1702	 0.567235112190247 
1703	 0.567183554172516 
1704	 0.567109405994415 
1705	 0.567043602466583 
1706	 0.56701648235321 
1707	 0.566896259784698 
1708	 0.566650331020355 
1709	 0.56654554605484 
1710	 0.566474318504334 
1711	 0.566399812698364 
1712	 0.566469728946686 
1713	 0.566367506980896 
1714	 0.566178500652313 
1715	 0.565986394882202 
1716	 0.565675258636475 
1717	 0.565542817115784 
1718	 0.565507829189301 
1719	 0.565395355224609 
1720	 0.565350234508514 
1721	 0.565259516239166 
1722	 0.565105795860291 
1723	 0.564943313598633 
1724	 0.564831018447876 
1725	 0.564610481262207 
1726	 0.564275622367859 
1727	 0.564026474952698 
1728	 0.563749253749847 
1729	 0.563578069210052 
1730	 0.56347519159317 
1731	 0.563299596309662 
1732	 0.563286066055298 
1733	 0.56299489736557 
1734	 0.562615036964417 
1735	 0.562340497970581 
1736	 0.562070846557617 
1737	 0.561891257762909 
1738	 0.561720728874207 
1739	 0.561550199985504 
1740	 0.561334192752838 
1741	 0.561078727245331 
1742	 0.560914516448975 
1743	 0.560780048370361 
1744	 0.560631275177002 
1745	 0.56063985824585 
1746	 0.560477375984192 
1747	 0.560061454772949 
1748	 0.559843838214874 
1749	 0.559656977653503 
1750	 0.559492886066437 
1751	 0.559554696083069 
1752	 0.559432685375214 
1753	 0.559161901473999 
1754	 0.558938145637512 
1755	 0.558685302734375 
1756	 0.558405518531799 
1757	 0.558141887187958 
1758	 0.557828843593597 
1759	 0.557395577430725 
1760	 0.557080984115601 
1761	 0.556824207305908 
1762	 0.556551039218903 
1763	 0.556341648101807 
1764	 0.556100010871887 
1765	 0.555818200111389 
1766	 0.555515587329865 
1767	 0.555209577083588 
1768	 0.554912924766541 
1769	 0.554586827754974 
1770	 0.554291486740112 
1771	 0.554068863391876 
1772	 0.553660213947296 
1773	 0.553162217140198 
1774	 0.552742600440979 
1775	 0.552287638187408 
1776	 0.551754713058472 
1777	 0.551380634307861 
1778	 0.550953805446625 
1779	 0.550260543823242 
1780	 0.550053715705872 
1781	 0.549626886844635 
1782	 0.549173712730408 
1783	 0.548696935176849 
1784	 0.547986745834351 
1785	 0.547421813011169 
1786	 0.546900689601898 
1787	 0.546413362026215 
1788	 0.545960664749146 
1789	 0.545584678649902 
1790	 0.545324325561523 
1791	 0.545060396194458 
1792	 0.544850289821625 
1793	 0.544608771800995 
1794	 0.544397354125977 
1795	 0.544118344783783 
1796	 0.543712556362152 
1797	 0.543487727642059 
1798	 0.543271720409393 
1799	 0.543115854263306 
1800	 0.543177604675293 
1801	 0.543024063110352 
1802	 0.542800962924957 
1803	 0.542547345161438 
1804	 0.542196691036224 
1805	 0.541830062866211 
1806	 0.541479885578156 
1807	 0.541258990764618 
1808	 0.541103899478912 
1809	 0.540996611118317 
1810	 0.540836274623871 
1811	 0.54049551486969 
1812	 0.540018022060394 
1813	 0.539590120315552 
1814	 0.539229094982147 
1815	 0.538879454135895 
1816	 0.538589477539063 
1817	 0.538503766059875 
1818	 0.538515269756317 
1819	 0.538821280002594 
1820	 0.539002537727356 
1821	 0.539087176322937 
1822	 0.539247155189514 
1823	 0.539413809776306 
1824	 0.539640963077545 
1825	 0.540053069591522 
1826	 0.540216207504272 
1827	 0.540291249752045 
1828	 0.540387392044067 
1829	 0.540336072444916 
1830	 0.540561020374298 
1831	 0.540780365467072 
1832	 0.540678083896637 
1833	 0.540447533130646 
1834	 0.540104627609253 
1835	 0.539781332015991 
1836	 0.539382576942444 
1837	 0.538683116436005 
1838	 0.538077890872955 
1839	 0.538163125514984 
1840	 0.538174986839294 
1841	 0.538212776184082 
1842	 0.53870302438736 
1843	 0.539086699485779 
1844	 0.539373278617859 
1845	 0.539777040481567 
1846	 0.540493726730347 
1847	 0.540955662727356 
1848	 0.541110455989838 
1849	 0.541543543338776 
1850	 0.542181968688965 
1851	 0.542737603187561 
1852	 0.543510973453522 
1853	 0.544298589229584 
1854	 0.544700682163239 
1855	 0.544788002967834 
1856	 0.544978380203247 
1857	 0.545122027397156 
1858	 0.544850528240204 
1859	 0.544642627239227 
1860	 0.54464054107666 
1861	 0.544176638126373 
1862	 0.543637275695801 
1863	 0.543343365192413 
1864	 0.543159604072571 
1865	 0.54275369644165 
1866	 0.542359709739685 
1867	 0.542136549949646 
1868	 0.541544556617737 
1869	 0.540745377540588 
1870	 0.539896726608276 
1871	 0.538995325565338 
1872	 0.538327991962433 
1873	 0.537840604782104 
1874	 0.53723132610321 
1875	 0.53681218624115 
1876	 0.536153614521027 
1877	 0.535388350486755 
1878	 0.534400403499603 
1879	 0.533323466777802 
1880	 0.532402038574219 
1881	 0.531612753868103 
1882	 0.530971765518188 
1883	 0.530290842056274 
1884	 0.529478013515472 
1885	 0.52871185541153 
1886	 0.527875602245331 
1887	 0.526965081691742 
1888	 0.526025116443634 
1889	 0.525244235992432 
1890	 0.524547636508942 
1891	 0.523657262325287 
1892	 0.522647559642792 
1893	 0.521723389625549 
1894	 0.520621240139008 
1895	 0.519143402576447 
1896	 0.517998397350311 
1897	 0.517018258571625 
1898	 0.516170561313629 
1899	 0.51514196395874 
1900	 0.514169633388519 
1901	 0.512971341609955 
1902	 0.511664688587189 
1903	 0.510455429553986 
1904	 0.509325206279755 
1905	 0.508312284946442 
1906	 0.507474720478058 
1907	 0.506639719009399 
1908	 0.505870461463928 
1909	 0.505114793777466 
1910	 0.504472672939301 
1911	 0.503666579723358 
1912	 0.50294816493988 
1913	 0.50266444683075 
1914	 0.502245366573334 
1915	 0.50155234336853 
1916	 0.501039087772369 
1917	 0.500637769699097 
1918	 0.500412940979004 
1919	 0.500388443470001 
1920	 0.50072181224823 
1921	 0.500764727592468 
1922	 0.500517010688782 
1923	 0.500111639499664 
1924	 0.499729484319687 
1925	 0.49965426325798 
1926	 0.499683380126953 
1927	 0.499850362539291 
1928	 0.499784737825394 
1929	 0.49962392449379 
1930	 0.499314069747925 
1931	 0.499098300933838 
1932	 0.498670756816864 
1933	 0.498468846082687 
1934	 0.49849870800972 
1935	 0.498194485902786 
1936	 0.497889667749405 
1937	 0.497731328010559 
1938	 0.497354388237 
1939	 0.497238099575043 
1940	 0.497197717428207 
1941	 0.497332543134689 
1942	 0.49719962477684 
1943	 0.497401624917984 
1944	 0.497525155544281 
1945	 0.49727800488472 
1946	 0.497380018234253 
1947	 0.497606068849564 
1948	 0.497614681720734 
1949	 0.497706115245819 
1950	 0.497788429260254 
1951	 0.49775442481041 
1952	 0.497745603322983 
1953	 0.497695028781891 
1954	 0.497759819030762 
1955	 0.497867941856384 
1956	 0.497873097658157 
1957	 0.497732251882553 
1958	 0.49773234128952 
1959	 0.497773617506027 
1960	 0.497829586267471 
1961	 0.497916251420975 
1962	 0.497771918773651 
1963	 0.497640997171402 
1964	 0.497772693634033 
1965	 0.497923851013184 
1966	 0.498255908489227 
1967	 0.498589277267456 
1968	 0.498772114515305 
1969	 0.49855774641037 
1970	 0.498182147741318 
1971	 0.498129189014435 
1972	 0.498091101646423 
1973	 0.498119801282883 
1974	 0.498289912939072 
1975	 0.498401284217834 
1976	 0.498436868190765 
1977	 0.498507916927338 
1978	 0.49853190779686 
1979	 0.498395442962646 
1980	 0.498315215110779 
1981	 0.49841034412384 
1982	 0.49869105219841 
1983	 0.498900830745697 
1984	 0.498713403940201 
1985	 0.498281687498093 
1986	 0.497825026512146 
1987	 0.497448325157166 
1988	 0.497350305318832 
1989	 0.497309505939484 
1990	 0.497570067644119 
1991	 0.49754998087883 
1992	 0.497228503227234 
1993	 0.497052848339081 
1994	 0.49700203537941 
1995	 0.496892601251602 
1996	 0.496634930372238 
1997	 0.496279507875443 
1998	 0.496065855026245 
1999	 0.495720952749252 
2000	 0.495360285043716 
2001	 0.49524986743927 
2002	 0.494974970817566 
2003	 0.494430094957352 
2004	 0.493867099285126 
2005	 0.49369278550148 
2006	 0.49345862865448 
2007	 0.492995947599411 
2008	 0.492750227451324 
2009	 0.492642283439636 
2010	 0.492374151945114 
2011	 0.492108553647995 
2012	 0.491881012916565 
2013	 0.491540610790253 
2014	 0.491197645664215 
2015	 0.490847587585449 
2016	 0.490442842245102 
2017	 0.490101903676987 
2018	 0.48979714512825 
2019	 0.489444047212601 
2020	 0.489010959863663 
2021	 0.488838225603104 
2022	 0.488424301147461 
2023	 0.487755835056305 
2024	 0.487383961677551 
2025	 0.486878961324692 
2026	 0.486240118741989 
2027	 0.485856354236603 
2028	 0.485436022281647 
2029	 0.484883010387421 
2030	 0.484533667564392 
2031	 0.484350770711899 
2032	 0.484153091907501 
2033	 0.483620554208755 
2034	 0.483034431934357 
2035	 0.482531130313873 
2036	 0.481978476047516 
2037	 0.481652289628983 
2038	 0.481620222330093 
2039	 0.481370955705643 
2040	 0.480876296758652 
2041	 0.480212718248367 
2042	 0.479352742433548 
2043	 0.478694051504135 
2044	 0.478027611970901 
2045	 0.477359503507614 
2046	 0.476774245500565 
2047	 0.476323544979095 
2048	 0.475702881813049 
2049	 0.475140690803528 
2050	 0.474606305360794 
2051	 0.473979592323303 
2052	 0.473290383815765 
2053	 0.472456395626068 
2054	 0.471745610237122 
2055	 0.471078485250473 
2056	 0.470327168703079 
2057	 0.469476312398911 
2058	 0.46873077750206 
2059	 0.46790212392807 
2060	 0.467251062393188 
2061	 0.466794282197952 
2062	 0.466331630945206 
2063	 0.465480446815491 
2064	 0.464378982782364 
2065	 0.46320253610611 
2066	 0.462017744779587 
2067	 0.461085140705109 
2068	 0.460373759269714 
2069	 0.459514826536179 
2070	 0.45866197347641 
2071	 0.457981467247009 
2072	 0.45714208483696 
2073	 0.456219971179962 
2074	 0.455289870500565 
2075	 0.454366505146027 
2076	 0.453296571969986 
2077	 0.452218532562256 
2078	 0.451550483703613 
2079	 0.450791627168655 
2080	 0.449954956769943 
2081	 0.449214667081833 
2082	 0.448257148265839 
2083	 0.447239220142365 
2084	 0.446274548768997 
2085	 0.445298761129379 
2086	 0.44459992647171 
2087	 0.443938344717026 
2088	 0.44335463643074 
2089	 0.443032026290894 
2090	 0.442460507154465 
2091	 0.441675931215286 
2092	 0.441124796867371 
2093	 0.440620481967926 
2094	 0.440089613199234 
2095	 0.439476817846298 
2096	 0.438926190137863 
2097	 0.438320606946945 
2098	 0.437660574913025 
2099	 0.437034547328949 
2100	 0.436219543218613 
2101	 0.435338348150253 
2102	 0.434208512306213 
2103	 0.433140635490417 
2104	 0.432406187057495 
2105	 0.431195795536041 
2106	 0.429598033428192 
2107	 0.428295493125916 
2108	 0.426748901605606 
2109	 0.425471127033234 
2110	 0.424437761306763 
2111	 0.423587262630463 
2112	 0.422360926866531 
2113	 0.421471565961838 
2114	 0.420998513698578 
2115	 0.420582115650177 
2116	 0.420264363288879 
2117	 0.419718056917191 
2118	 0.418916553258896 
2119	 0.418196499347687 
2120	 0.417701661586761 
2121	 0.417361110448837 
2122	 0.417114228010178 
2123	 0.416566848754883 
2124	 0.415825039148331 
2125	 0.415022313594818 
2126	 0.413915872573853 
2127	 0.412282228469849 
2128	 0.41096642613411 
2129	 0.40975746512413 
2130	 0.408129692077637 
2131	 0.406323373317719 
2132	 0.40457409620285 
2133	 0.402449160814285 
2134	 0.400183409452438 
2135	 0.398268789052963 
2136	 0.396099090576172 
2137	 0.393435209989548 
2138	 0.390721589326859 
2139	 0.387769520282745 
2140	 0.384573131799698 
2141	 0.381287038326263 
2142	 0.377828270196915 
2143	 0.374298095703125 
2144	 0.370600014925003 
2145	 0.367082446813583 
2146	 0.363652378320694 
2147	 0.359991759061813 
2148	 0.356330543756485 
2149	 0.35237580537796 
2150	 0.348331421613693 
2151	 0.344913482666016 
2152	 0.341853231191635 
2153	 0.338871717453003 
2154	 0.336109340190887 
2155	 0.333467721939087 
2156	 0.331549227237701 
2157	 0.330020427703857 
2158	 0.32845550775528 
2159	 0.327440202236176 
2160	 0.326743870973587 
2161	 0.326046764850616 
2162	 0.325453042984009 
2163	 0.325197339057922 
2164	 0.325050681829453 
2165	 0.324893563985825 
2166	 0.324889183044434 
2167	 0.325268983840942 
2168	 0.325634032487869 
2169	 0.325924724340439 
2170	 0.326280444860458 
2171	 0.327068686485291 
2172	 0.327704131603241 
2173	 0.328032612800598 
2174	 0.328084319829941 
2175	 0.328053921461105 
2176	 0.328210055828094 
2177	 0.328628301620483 
2178	 0.328815937042236 
2179	 0.328583329916 
2180	 0.328227639198303 
2181	 0.327500998973846 
2182	 0.326700448989868 
2183	 0.325962066650391 
2184	 0.324886709451675 
2185	 0.323967814445496 
2186	 0.323241204023361 
2187	 0.322196274995804 
2188	 0.321008503437042 
2189	 0.319901585578918 
2190	 0.318618685007095 
2191	 0.317263543605804 
2192	 0.315955817699432 
2193	 0.314602881669998 
2194	 0.313000708818436 
2195	 0.311254024505615 
2196	 0.309264123439789 
2197	 0.307002574205399 
2198	 0.304323107004166 
2199	 0.301180809736252 
2200	 0.298133850097656 
2201	 0.294401615858078 
2202	 0.290687471628189 
2203	 0.288075953722 
2204	 0.285683870315552 
2205	 0.283962577581406 
2206	 0.283738404512405 
2207	 0.284312635660172 
2208	 0.285967737436295 
2209	 0.289399713277817 
2210	 0.293700724840164 
2211	 0.299340307712555 
2212	 0.305546343326569 
2213	 0.313571125268936 
2214	 0.320588141679764 
2215	 0.328146904706955 
2216	 0.334919065237045 
2217	 0.341187506914139 
2218	 0.346878796815872 
2219	 0.352652728557587 
2220	 0.357778072357178 
2221	 0.362036734819412 
2222	 0.365760713815689 
2223	 0.368667900562286 
2224	 0.371089369058609 
2225	 0.373214572668076 
2226	 0.37494307756424 
2227	 0.376439273357391 
2228	 0.377988398075104 
2229	 0.378997355699539 
2230	 0.379515647888184 
2231	 0.380090653896332 
2232	 0.380079478025436 
2233	 0.380067050457001 
2234	 0.380535572767258 
2235	 0.380514800548553 
2236	 0.380515396595001 
2237	 0.380333065986633 
2238	 0.379685491323471 
2239	 0.379415422677994 
2240	 0.379455387592316 
2241	 0.379167705774307 
2242	 0.378884166479111 
2243	 0.378551930189133 
2244	 0.377950429916382 
2245	 0.377333432435989 
2246	 0.376590579748154 
2247	 0.376302182674408 
2248	 0.376028716564178 
2249	 0.375467330217361 
2250	 0.375262171030045 
2251	 0.375436902046204 
2252	 0.375594288110733 
2253	 0.375202625989914 
2254	 0.374313056468964 
2255	 0.37387689948082 
2256	 0.373534113168716 
2257	 0.372857660055161 
2258	 0.37257993221283 
2259	 0.37209215760231 
2260	 0.370779395103455 
2261	 0.369900315999985 
2262	 0.369480073451996 
2263	 0.368826270103455 
2264	 0.368547648191452 
2265	 0.368090957403183 
2266	 0.367013514041901 
2267	 0.366254448890686 
2268	 0.365270048379898 
2269	 0.36405137181282 
2270	 0.363412499427795 
2271	 0.362769305706024 
2272	 0.361825078725815 
2273	 0.360574126243591 
2274	 0.3596231341362 
2275	 0.358591198921204 
2276	 0.357802003622055 
2277	 0.35745370388031 
2278	 0.35685396194458 
2279	 0.356164067983627 
2280	 0.355320006608963 
2281	 0.35419112443924 
2282	 0.353354007005692 
2283	 0.352849245071411 
2284	 0.352122902870178 
2285	 0.351311862468719 
2286	 0.350702285766602 
2287	 0.350126028060913 
2288	 0.349654823541641 
2289	 0.34904420375824 
2290	 0.348531067371368 
2291	 0.347808122634888 
2292	 0.347051233053207 
2293	 0.346895158290863 
2294	 0.346048206090927 
2295	 0.344850540161133 
2296	 0.34436097741127 
2297	 0.343525677919388 
2298	 0.342551410198212 
2299	 0.34222486615181 
2300	 0.341164022684097 
2301	 0.339462429285049 
2302	 0.338785648345947 
2303	 0.337986141443253 
2304	 0.336483478546143 
2305	 0.335127145051956 
2306	 0.333830326795578 
2307	 0.332452982664108 
2308	 0.330817610025406 
2309	 0.329836040735245 
2310	 0.329069674015045 
2311	 0.327823460102081 
2312	 0.327376991510391 
2313	 0.326741486787796 
2314	 0.325468420982361 
2315	 0.324703425168991 
2316	 0.323918551206589 
2317	 0.322971493005753 
2318	 0.322793871164322 
2319	 0.322901219129562 
2320	 0.322380989789963 
2321	 0.321858882904053 
2322	 0.320853292942047 
2323	 0.320302098989487 
2324	 0.319908410310745 
2325	 0.319781601428986 
2326	 0.320264607667923 
2327	 0.320492088794708 
2328	 0.320057779550552 
2329	 0.320311695337296 
2330	 0.321070849895477 
2331	 0.32185822725296 
2332	 0.322206676006317 
2333	 0.322616279125214 
2334	 0.32241427898407 
2335	 0.32185161113739 
2336	 0.321700870990753 
2337	 0.321953952312469 
2338	 0.321770191192627 
2339	 0.321158707141876 
2340	 0.3207146525383 
2341	 0.319779574871063 
2342	 0.318762570619583 
2343	 0.318691432476044 
2344	 0.318084120750427 
2345	 0.316863805055618 
2346	 0.315930902957916 
2347	 0.314279407262802 
2348	 0.312701106071472 
2349	 0.311823636293411 
2350	 0.311006128787994 
2351	 0.310236513614655 
2352	 0.309420585632324 
2353	 0.308607429265976 
2354	 0.308211743831635 
2355	 0.307718724012375 
2356	 0.306791573762894 
2357	 0.306903302669525 
2358	 0.307106167078018 
2359	 0.30665311217308 
2360	 0.307081639766693 
2361	 0.306772112846375 
2362	 0.305611431598663 
2363	 0.305621176958084 
2364	 0.305864989757538 
2365	 0.305874556303024 
2366	 0.3064224421978 
2367	 0.305955708026886 
2368	 0.304178476333618 
2369	 0.303536206483841 
2370	 0.303115040063858 
2371	 0.301923185586929 
2372	 0.300750136375427 
2373	 0.298801511526108 
2374	 0.296876132488251 
2375	 0.295887857675552 
2376	 0.295245587825775 
2377	 0.294738233089447 
2378	 0.293648838996887 
2379	 0.292297542095184 
2380	 0.292470663785934 
2381	 0.293335139751434 
2382	 0.2933589220047 
2383	 0.2934490442276 
2384	 0.293211191892624 
2385	 0.292607873678207 
2386	 0.292647957801819 
2387	 0.29244789481163 
2388	 0.292855530977249 
2389	 0.293995976448059 
2390	 0.294064491987228 
2391	 0.29408997297287 
2392	 0.295262336730957 
2393	 0.295620441436768 
2394	 0.295748084783554 
2395	 0.297483742237091 
2396	 0.298274248838425 
2397	 0.298668056726456 
2398	 0.300874769687653 
2399	 0.302534162998199 
2400	 0.302844643592834 
2401	 0.302672207355499 
2402	 0.302358329296112 
2403	 0.302897214889526 
2404	 0.302875548601151 
2405	 0.303108304738998 
2406	 0.304516106843948 
2407	 0.303297966718674 
2408	 0.30243706703186 
2409	 0.303061813116074 
2410	 0.300906628370285 
2411	 0.299634099006653 
2412	 0.299789518117905 
2413	 0.299211829900742 
2414	 0.298604696989059 
2415	 0.298089683055878 
2416	 0.298164367675781 
2417	 0.296516090631485 
2418	 0.294463276863098 
2419	 0.29407125711441 
2420	 0.292585521936417 
2421	 0.291077166795731 
2422	 0.292366176843643 
2423	 0.294051259756088 
2424	 0.293353736400604 
2425	 0.292013823986053 
2426	 0.289539396762848 
2427	 0.285681813955307 
2428	 0.284766137599945 
2429	 0.285425007343292 
2430	 0.284234285354614 
2431	 0.283012986183167 
2432	 0.281347423791885 
2433	 0.278896540403366 
2434	 0.277819722890854 
2435	 0.277354747056961 
2436	 0.276705741882324 
2437	 0.274514734745026 
2438	 0.272011667490005 
2439	 0.271759361028671 
2440	 0.269961893558502 
2441	 0.2682064473629 
2442	 0.269568473100662 
2443	 0.267921924591064 
2444	 0.264545112848282 
2445	 0.264003425836563 
2446	 0.263536155223846 
2447	 0.26413968205452 
2448	 0.264769166707993 
2449	 0.265038758516312 
2450	 0.265488237142563 
2451	 0.26322403550148 
2452	 0.26286056637764 
2453	 0.262176722288132 
2454	 0.259890168905258 
2455	 0.260062396526337 
2456	 0.258677691221237 
2457	 0.257890462875366 
2458	 0.257883310317993 
2459	 0.255769580602646 
2460	 0.255716532468796 
2461	 0.257187396287918 
2462	 0.256817787885666 
2463	 0.25747886300087 
2464	 0.256663590669632 
2465	 0.251896440982819 
2466	 0.250228583812714 
2467	 0.249490156769753 
2468	 0.249199256300926 
2469	 0.251891016960144 
2470	 0.252484679222107 
2471	 0.25184291601181 
2472	 0.251955807209015 
2473	 0.251954823732376 
2474	 0.251990556716919 
2475	 0.252929002046585 
2476	 0.252096682786942 
2477	 0.248437464237213 
2478	 0.24697433412075 
2479	 0.246645137667656 
2480	 0.245735764503479 
2481	 0.247020468115807 
2482	 0.244352459907532 
2483	 0.241402342915535 
2484	 0.239247098565102 
2485	 0.23635995388031 
2486	 0.238966912031174 
2487	 0.24139429628849 
2488	 0.242934867739677 
2489	 0.244688346982002 
2490	 0.241799026727676 
2491	 0.240087866783142 
2492	 0.238825753331184 
2493	 0.235415056347847 
2494	 0.233789175748825 
2495	 0.232466906309128 
2496	 0.234228536486626 
2497	 0.239756628870964 
2498	 0.242015093564987 
2499	 0.243176192045212 
2500	 0.242282569408417 
