350	 0.046047817915678 
351	 4.52267527580261E-02 
352	 4.75552119314671E-02 
353	 4.63749207556248E-02 
354	 4.05967235565186E-02 
355	 4.62620109319687E-02 
356	 4.72511723637581E-02 
357	 4.30393032729626E-02 
358	 3.93807552754879E-02 
359	 4.04068194329739E-02 
360	 0.042604211717844 
361	 4.36803288757801E-02 
362	 4.29076664149761E-02 
363	 4.12422753870487E-02 
364	 4.10565324127674E-02 
365	 4.23683039844036E-02 
366	 4.06971611082554E-02 
367	 0.041812539100647 
368	 4.31252829730511E-02 
369	 4.15573045611382E-02 
370	 4.17546518146992E-02 
371	 4.12569008767605E-02 
372	 3.99705655872822E-02 
373	 3.94107028841972E-02 
374	 4.00988906621933E-02 
375	 4.03851568698883E-02 
376	 3.95278669893742E-02 
377	 3.83514612913132E-02 
378	 3.90438511967659E-02 
379	 0.040923148393631 
380	 4.22962047159672E-02 
381	 4.08114828169346E-02 
382	 4.03635688126087E-02 
383	 4.12499867379665E-02 
384	 4.16871532797813E-02 
385	 3.96145768463612E-02 
386	 3.89938615262508E-02 
387	 4.04487252235413E-02 
388	 4.03291396796703E-02 
389	 4.05039601027966E-02 
390	 4.04341742396355E-02 
391	 3.96900437772274E-02 
392	 3.91837507486343E-02 
393	 3.95555794239044E-02 
394	 3.96820120513439E-02 
395	 3.84111814200878E-02 
396	 3.92662025988102E-02 
397	 4.03976999223232E-02 
398	 4.06436957418919E-02 
399	 4.00072671473026E-02 
400	 0.039982121437788 
401	 0.040084470063448 
402	 3.98994274437428E-02 
403	 4.01960946619511E-02 
404	 4.00578789412975E-02 
405	 3.96527200937271E-02 
406	 3.95160689949989E-02 
407	 3.96666675806046E-02 
408	 3.96588109433651E-02 
409	 3.94748821854591E-02 
410	 3.95165123045444E-02 
411	 3.94848585128784E-02 
412	 3.99330742657185E-02 
413	 4.08058762550354E-02 
414	 4.02875281870365E-02 
415	 0.040153905749321 
416	 4.02168929576874E-02 
417	 3.98164503276348E-02 
418	 4.02021743357182E-02 
419	 4.07001785933971E-02 
420	 4.08096984028816E-02 
421	 4.03776057064533E-02 
422	 4.03953790664673E-02 
423	 4.07111383974552E-02 
424	 4.10046204924583E-02 
425	 4.11287881433964E-02 
426	 4.13597077131271E-02 
427	 4.15230467915535E-02 
428	 4.13951948285103E-02 
429	 4.17191684246063E-02 
430	 4.18570041656494E-02 
431	 4.16863858699799E-02 
432	 4.17399555444717E-02 
433	 4.17305268347263E-02 
434	 4.17522192001343E-02 
435	 4.18748557567596E-02 
436	 4.18804250657558E-02 
437	 4.20120730996132E-02 
438	 4.21169102191925E-02 
439	 4.19527664780617E-02 
440	 4.22384925186634E-02 
441	 4.23673540353775E-02 
442	 4.22199182212353E-02 
443	 4.24899160861969E-02 
444	 0.042848065495491 
445	 4.28971610963345E-02 
446	 4.25607264041901E-02 
447	 4.29844073951244E-02 
448	 0.043280228972435 
449	 4.31765094399452E-02 
450	 4.29084785282612E-02 
451	 4.29989695549011E-02 
452	 4.31572236120701E-02 
453	 4.32024858891964E-02 
454	 4.34116274118423E-02 
455	 4.34332378208637E-02 
456	 4.33489494025707E-02 
457	 4.33586090803146E-02 
458	 4.34571132063866E-02 
459	 4.33783531188965E-02 
460	 4.33127284049988E-02 
461	 0.043832752853632 
462	 4.39710728824139E-02 
463	 4.39718775451183E-02 
464	 4.41190041601658E-02 
465	 4.41870540380478E-02 
466	 4.41643893718719E-02 
467	 4.40607368946075E-02 
468	 0.043967243283987 
469	 4.44096848368645E-02 
470	 4.47016805410385E-02 
471	 4.45517711341381E-02 
472	 4.43074144423008E-02 
473	 4.45826388895512E-02 
474	 4.48512621223927E-02 
475	 4.46530543267727E-02 
476	 4.48639616370201E-02 
477	 4.51499186456203E-02 
478	 4.53039668500423E-02 
479	 4.52528782188892E-02 
480	 4.53196577727795E-02 
481	 0.045447114855051 
482	 4.55438643693924E-02 
483	 4.55398261547089E-02 
484	 4.57588136196136E-02 
485	 4.60551790893078E-02 
486	 4.61882278323174E-02 
487	 4.63681742548943E-02 
488	 4.64492365717888E-02 
489	 4.64154593646526E-02 
490	 4.64008785784245E-02 
491	 4.66765873134136E-02 
492	 4.69295419752598E-02 
493	 4.69657629728317E-02 
494	 4.72834557294846E-02 
495	 4.75532561540604E-02 
496	 0.047707486897707 
497	 4.78261224925518E-02 
498	 4.80091646313667E-02 
499	 4.82321605086327E-02 
500	 4.85408082604408E-02 
501	 0.049139603972435 
502	 4.92257624864578E-02 
503	 4.92041930556297E-02 
504	 4.96147237718105E-02 
505	 4.99223098158836E-02 
506	 5.01772426068783E-02 
507	 5.03763481974602E-02 
508	 5.04720918834209E-02 
509	 5.06810024380684E-02 
510	 5.09949959814548E-02 
511	 5.13516627252102E-02 
512	 5.16877733170986E-02 
513	 5.18194586038589E-02 
514	 5.18983975052834E-02 
515	 5.21824173629284E-02 
516	 0.052473921328783 
517	 5.27270026504993E-02 
518	 5.30001670122147E-02 
519	 5.34745082259178E-02 
520	 5.37207834422588E-02 
521	 5.39125800132751E-02 
522	 5.42546734213829E-02 
523	 5.44175319373608E-02 
524	 5.45949339866638E-02 
525	 5.48722632229328E-02 
526	 0.055231261998415 
527	 5.55415153503418E-02 
528	 5.58398775756359E-02 
529	 5.61304502189159E-02 
530	 5.62496930360794E-02 
531	 5.65216168761253E-02 
532	 5.68149089813232E-02 
533	 5.68867661058903E-02 
534	 5.71126155555248E-02 
535	 5.74510805308819E-02 
536	 5.77977932989597E-02 
537	 5.80123066902161E-02 
538	 5.83227947354317E-02 
539	 5.86407259106636E-02 
540	 5.88756985962391E-02 
541	 0.059262428432703 
542	 5.95766045153141E-02 
543	 5.97973726689816E-02 
544	 6.00647069513798E-02 
545	 6.04484416544437E-02 
546	 0.060859177261591 
547	 6.11802227795124E-02 
548	 6.12525753676891E-02 
549	 0.061518557369709 
550	 6.19155652821064E-02 
551	 6.21867068111897E-02 
552	 6.23698085546494E-02 
553	 0.062562383711338 
554	 6.27961829304695E-02 
555	 6.30115941166878E-02 
556	 6.32020533084869E-02 
557	 6.34447485208511E-02 
558	 0.063767708837986 
559	 6.39415979385376E-02 
560	 6.40213862061501E-02 
561	 6.41340911388397E-02 
562	 6.44307211041451E-02 
563	 6.46342560648918E-02 
564	 6.47690072655678E-02 
565	 6.48917108774185E-02 
566	 6.50064572691917E-02 
567	 6.51543512940407E-02 
568	 6.53010383248329E-02 
569	 6.53939619660378E-02 
570	 6.55200257897377E-02 
571	 6.55949786305428E-02 
572	 0.065639354288578 
573	 0.065836064517498 
574	 6.58852607011795E-02 
575	 6.59104734659195E-02 
576	 6.60642310976982E-02 
577	 6.61321803927422E-02 
578	 6.61923289299011E-02 
579	 6.62566944956779E-02 
580	 6.62873089313507E-02 
581	 6.64089843630791E-02 
582	 6.65496066212654E-02 
583	 6.66490346193314E-02 
584	 6.67639523744583E-02 
585	 6.68183118104935E-02 
586	 0.066891610622406 
587	 6.70852810144424E-02 
588	 6.71175941824913E-02 
589	 6.70967251062393E-02 
590	 6.70939311385155E-02 
591	 6.70821592211723E-02 
592	 6.70776888728142E-02 
593	 6.70869201421738E-02 
594	 6.71190023422241E-02 
595	 6.71966969966888E-02 
596	 6.73097223043442E-02 
597	 6.74476400017738E-02 
598	 6.75895661115646E-02 
599	 6.75752237439156E-02 
600	 6.75200223922729E-02 
601	 6.75250813364983E-02 
602	 0.067535862326622 
603	 6.75656199455261E-02 
604	 6.76421895623207E-02 
605	 6.77781775593758E-02 
606	 6.78436607122421E-02 
607	 6.78989589214325E-02 
608	 6.79605901241302E-02 
609	 0.067968413233757 
610	 6.80593103170395E-02 
611	 0.06819998472929 
612	 6.83172345161438E-02 
613	 6.83743059635162E-02 
614	 6.85034766793251E-02 
615	 6.86841011047363E-02 
616	 0.068787544965744 
617	 6.88472837209702E-02 
618	 6.89590945839882E-02 
619	 6.91443979740143E-02 
620	 6.92417994141579E-02 
621	 6.93574249744415E-02 
622	 6.94948807358742E-02 
623	 6.96312561631203E-02 
624	 6.98191449046135E-02 
625	 6.99337422847748E-02 
626	 6.99734464287758E-02 
627	 7.00942203402519E-02 
628	 0.070223830640316 
629	 7.03772678971291E-02 
630	 7.05409571528435E-02 
631	 0.07054303586483 
632	 7.05284848809242E-02 
633	 7.05161690711975E-02 
634	 7.04451352357864E-02 
635	 7.03985914587975E-02 
636	 7.03037232160568E-02 
637	 7.01399520039558E-02 
638	 7.00297877192497E-02 
639	 6.98626339435577E-02 
640	 6.96602091193199E-02 
641	 6.94661810994148E-02 
642	 6.91575780510902E-02 
643	 6.89409002661705E-02 
644	 6.88264444470406E-02 
645	 6.86089470982552E-02 
646	 6.84117302298546E-02 
647	 6.83309584856033E-02 
648	 6.83679729700089E-02 
649	 0.068273052573204 
650	 6.82351216673851E-02 
651	 0.068290650844574 
652	 0.068386048078537 
653	 6.84765055775642E-02 
654	 6.85311630368233E-02 
655	 6.85814991593361E-02 
656	 6.87575712800026E-02 
657	 6.87951073050499E-02 
658	 6.88192024827003E-02 
659	 6.89928755164146E-02 
660	 6.91453590989113E-02 
661	 6.92325532436371E-02 
662	 6.93133175373077E-02 
663	 6.95191323757172E-02 
664	 6.98263347148895E-02 
665	 7.01823309063911E-02 
666	 7.05386027693748E-02 
667	 7.08612129092216E-02 
668	 7.12937340140343E-02 
669	 7.18279182910919E-02 
670	 7.23999217152596E-02 
671	 7.30032697319984E-02 
672	 7.37295597791672E-02 
673	 7.45629444718361E-02 
674	 7.53734409809113E-02 
675	 7.62642249464989E-02 
676	 7.72968083620071E-02 
677	 7.84754678606987E-02 
678	 7.96689614653587E-02 
679	 8.09359177947044E-02 
680	 8.23062136769295E-02 
681	 8.38026478886604E-02 
682	 8.55206698179245E-02 
683	 8.72917696833611E-02 
684	 8.90761911869049E-02 
685	 9.10460725426674E-02 
686	 9.31085199117661E-02 
687	 9.52823162078857E-02 
688	 9.75706726312637E-02 
689	 9.98490676283836E-02 
690	 0.102148458361626 
691	 0.104549929499626 
692	 0.107124403119087 
693	 0.109545953571796 
694	 0.111996673047543 
695	 0.114571452140808 
696	 0.117116622626781 
697	 0.119705103337765 
698	 0.122327513992786 
699	 0.124966911971569 
700	 0.127678245306015 
701	 0.13045509159565 
702	 0.133234739303589 
703	 0.135935634374619 
704	 0.138811066746712 
705	 0.141733020544052 
706	 0.144603952765465 
707	 0.147491827607155 
708	 0.150493770837784 
709	 0.15352588891983 
710	 0.15645869076252 
711	 0.159303814172745 
712	 0.162210181355476 
713	 0.165146946907043 
714	 0.167936518788338 
715	 0.170809015631676 
716	 0.173686861991882 
717	 0.176483675837517 
718	 0.179219588637352 
719	 0.181978479027748 
720	 0.184723511338234 
721	 0.187404274940491 
722	 0.19013811647892 
723	 0.192884027957916 
724	 0.195617377758026 
725	 0.198333993554115 
726	 0.201010197401047 
727	 0.203692942857742 
728	 0.206418395042419 
729	 0.209186300635338 
730	 0.211866393685341 
731	 0.214490562677383 
732	 0.217131182551384 
733	 0.219703435897827 
734	 0.222327560186386 
735	 0.224968671798706 
736	 0.227470383048058 
737	 0.229975253343582 
738	 0.232483729720116 
739	 0.234963029623032 
740	 0.237355872988701 
741	 0.239737212657928 
742	 0.242090836167336 
743	 0.244392737746239 
744	 0.246701955795288 
745	 0.248889356851578 
746	 0.250991731882095 
747	 0.253164142370224 
748	 0.255337029695511 
749	 0.257478505373001 
750	 0.259580105543137 
751	 0.261658310890198 
752	 0.263651937246323 
753	 0.265616565942764 
754	 0.267610430717468 
755	 0.26955184340477 
756	 0.271506756544113 
757	 0.273462265729904 
758	 0.275378286838531 
759	 0.277341932058334 
760	 0.279306560754776 
761	 0.281261742115021 
762	 0.283257633447647 
763	 0.285238981246948 
764	 0.287161886692047 
765	 0.289044052362442 
766	 0.291053026914597 
767	 0.293031126260757 
768	 0.294944554567337 
769	 0.296807438135147 
770	 0.298608720302582 
771	 0.300432324409485 
772	 0.302299052476883 
773	 0.304150074720383 
774	 0.305912733078003 
775	 0.30762705206871 
776	 0.30934339761734 
777	 0.311085611581802 
778	 0.312799423933029 
779	 0.314527899026871 
780	 0.316303372383118 
781	 0.318006575107574 
782	 0.319647043943405 
783	 0.321252197027206 
784	 0.322863191366196 
785	 0.324530810117722 
786	 0.326054602861404 
787	 0.327459365129471 
788	 0.329035967588425 
789	 0.330569386482239 
790	 0.332070767879486 
791	 0.333579242229462 
792	 0.335111260414124 
793	 0.336571246385574 
794	 0.337997764348984 
795	 0.339449197053909 
796	 0.34085077047348 
797	 0.342223584651947 
798	 0.343604147434235 
799	 0.345017313957214 
800	 0.346405446529388 
801	 0.347799986600876 
802	 0.349191606044769 
803	 0.350506275892258 
804	 0.351775288581848 
805	 0.353039890527725 
806	 0.354328185319901 
807	 0.355628579854965 
808	 0.356890738010406 
809	 0.358138740062714 
810	 0.359391808509827 
811	 0.360534429550171 
812	 0.361671209335327 
813	 0.362861931324005 
814	 0.364106953144073 
815	 0.36529740691185 
816	 0.366475075483322 
817	 0.367678135633469 
818	 0.368913471698761 
819	 0.370088547468185 
820	 0.371169865131378 
821	 0.372179061174393 
822	 0.373236298561096 
823	 0.37434908747673 
824	 0.375472456216812 
825	 0.376540243625641 
826	 0.377472221851349 
827	 0.37844455242157 
828	 0.379510521888733 
829	 0.380628705024719 
830	 0.381592482328415 
831	 0.382588714361191 
832	 0.383654654026031 
833	 0.384705156087875 
834	 0.385753393173218 
835	 0.386756181716919 
836	 0.387708485126495 
837	 0.388667196035385 
838	 0.389554440975189 
839	 0.390420496463776 
840	 0.391326993703842 
841	 0.392299622297287 
842	 0.39323553442955 
843	 0.394120693206787 
844	 0.394966602325439 
845	 0.395781278610229 
846	 0.396685689687729 
847	 0.397615671157837 
848	 0.398444324731827 
849	 0.399168372154236 
850	 0.399898409843445 
851	 0.400699645280838 
852	 0.401578724384308 
853	 0.402428716421127 
854	 0.403297126293182 
855	 0.404148250818253 
856	 0.404896408319473 
857	 0.405581742525101 
858	 0.406254202127457 
859	 0.406991541385651 
860	 0.407868832349777 
861	 0.408676534891129 
862	 0.409400463104248 
863	 0.410082161426544 
864	 0.410820245742798 
865	 0.411506116390228 
866	 0.412135988473892 
867	 0.412753403186798 
868	 0.413414388895035 
869	 0.41416797041893 
870	 0.414875566959381 
871	 0.415463119745255 
872	 0.416115015745163 
873	 0.416789382696152 
874	 0.417474061250687 
875	 0.418160498142242 
876	 0.418758451938629 
877	 0.419356971979141 
878	 0.420004993677139 
879	 0.420676290988922 
880	 0.421114921569824 
881	 0.421601921319962 
882	 0.422216892242432 
883	 0.422886937856674 
884	 0.423332661390305 
885	 0.423815816640854 
886	 0.424410849809647 
887	 0.424982964992523 
888	 0.425579458475113 
889	 0.426092088222504 
890	 0.426553010940552 
891	 0.427120059728622 
892	 0.427704900503159 
893	 0.428248226642609 
894	 0.428698152303696 
895	 0.429062902927399 
896	 0.429512172937393 
897	 0.430022984743118 
898	 0.430556118488312 
899	 0.431098312139511 
900	 0.431467711925507 
901	 0.431856840848923 
902	 0.432375699281693 
903	 0.432886809110641 
904	 0.433281898498535 
905	 0.433687478303909 
906	 0.434173226356506 
907	 0.434695512056351 
908	 0.435097515583038 
909	 0.435478866100311 
910	 0.435917794704437 
911	 0.436333566904068 
912	 0.436852991580963 
913	 0.437232375144959 
914	 0.437422037124634 
915	 0.43793711066246 
916	 0.438497304916382 
917	 0.438908487558365 
918	 0.439192533493042 
919	 0.439745277166367 
920	 0.440238952636719 
921	 0.44056025147438 
922	 0.440802782773972 
923	 0.44132262468338 
924	 0.441717565059662 
925	 0.442059814929962 
926	 0.442486554384232 
927	 0.442985147237778 
928	 0.443471044301987 
929	 0.443849205970764 
930	 0.444110423326492 
931	 0.444384217262268 
932	 0.444771468639374 
933	 0.445196717977524 
934	 0.445611625909805 
935	 0.446166068315506 
936	 0.44640851020813 
937	 0.446567118167877 
938	 0.446932435035706 
939	 0.447516292333603 
940	 0.44784277677536 
941	 0.44812598824501 
942	 0.448480844497681 
943	 0.448639571666718 
944	 0.448852986097336 
945	 0.44934007525444 
946	 0.449944913387299 
947	 0.450056850910187 
948	 0.450269281864166 
949	 0.450514942407608 
950	 0.450755149126053 
951	 0.451147317886353 
952	 0.451311498880386 
953	 0.451668113470078 
954	 0.452169418334961 
955	 0.45219475030899 
956	 0.452392607927322 
957	 0.452843338251114 
958	 0.453203409910202 
959	 0.453006982803345 
960	 0.45330148935318 
961	 0.453686654567719 
962	 0.453921735286713 
963	 0.454020202159882 
964	 0.453990817070007 
965	 0.454300403594971 
966	 0.45472851395607 
967	 0.454782158136368 
968	 0.454736441373825 
969	 0.454819530248642 
970	 0.455056846141815 
971	 0.45534336566925 
972	 0.455530077219009 
973	 0.45578721165657 
974	 0.455896496772766 
975	 0.455748349428177 
976	 0.455759227275848 
977	 0.456025451421738 
978	 0.45627036690712 
979	 0.456240177154541 
980	 0.456012338399887 
981	 0.456392914056778 
982	 0.45684739947319 
983	 0.457026481628418 
984	 0.457199215888977 
985	 0.457235485315323 
986	 0.457382827997208 
987	 0.457464188337326 
988	 0.457145392894745 
989	 0.457670480012894 
990	 0.45808345079422 
991	 0.45817893743515 
992	 0.458263754844666 
993	 0.458130866289139 
994	 0.458357185125351 
995	 0.458773553371429 
996	 0.459055721759796 
997	 0.459436476230621 
998	 0.459142833948135 
999	 0.458929419517517 
1000	 0.45925572514534 
1001	 0.458966612815857 
1002	 0.458934426307678 
1003	 0.45897901058197 
1004	 0.459383577108383 
1005	 0.459556579589844 
1006	 0.459804892539978 
1007	 0.460219353437424 
1008	 0.460388332605362 
1009	 0.460419774055481 
1010	 0.460469037294388 
1011	 0.460337311029434 
1012	 0.460416972637177 
1013	 0.460496187210083 
1014	 0.460827201604843 
1015	 0.461247503757477 
1016	 0.461360275745392 
1017	 0.461746335029602 
1018	 0.461919069290161 
1019	 0.462105691432953 
1020	 0.462305217981339 
1021	 0.462484359741211 
1022	 0.462558299303055 
1023	 0.462747722864151 
1024	 0.463019609451294 
1025	 0.463276028633118 
1026	 0.463629096746445 
1027	 0.463779658079147 
1028	 0.463955074548721 
1029	 0.463772267103195 
1030	 0.463624536991119 
1031	 0.463867127895355 
1032	 0.464405685663223 
1033	 0.46505668759346 
1034	 0.465219378471375 
1035	 0.465209305286407 
1036	 0.465195059776306 
1037	 0.464589715003967 
1038	 0.46462807059288 
1039	 0.465281635522842 
1040	 0.465434104204178 
1041	 0.465481162071228 
1042	 0.465587258338928 
1043	 0.46555083990097 
1044	 0.465357154607773 
1045	 0.465592831373215 
1046	 0.465945482254028 
1047	 0.466164499521255 
1048	 0.466435611248016 
1049	 0.46665945649147 
1050	 0.46682208776474 
1051	 0.466975063085556 
1052	 0.467016935348511 
1053	 0.467192351818085 
1054	 0.467442572116852 
1055	 0.467718124389648 
1056	 0.468239486217499 
1057	 0.468474447727203 
1058	 0.468729287385941 
1059	 0.468538910150528 
1060	 0.468337893486023 
1061	 0.468234002590179 
1062	 0.46834209561348 
1063	 0.468684494495392 
1064	 0.468788743019104 
1065	 0.468846678733826 
1066	 0.469103902578354 
1067	 0.469320565462112 
1068	 0.469577342271805 
1069	 0.470278561115265 
1070	 0.470462679862976 
1071	 0.470252513885498 
1072	 0.470245122909546 
1073	 0.470011949539185 
1074	 0.469985008239746 
1075	 0.470411747694016 
1076	 0.470343142747879 
1077	 0.47039932012558 
1078	 0.470426738262177 
1079	 0.470539480447769 
1080	 0.470641314983368 
1081	 0.470718592405319 
1082	 0.470845580101013 
1083	 0.470975965261459 
1084	 0.470974445343018 
1085	 0.471122801303864 
1086	 0.471529573202133 
1087	 0.471699684858322 
1088	 0.47172349691391 
1089	 0.471837908029556 
1090	 0.471892565488815 
1091	 0.471918702125549 
1092	 0.471917539834976 
1093	 0.471953451633453 
1094	 0.472007691860199 
1095	 0.471997320652008 
1096	 0.472038894891739 
1097	 0.472161501646042 
1098	 0.472283899784088 
1099	 0.47244855761528 
1100	 0.472515523433685 
1101	 0.472564995288849 
1102	 0.472665071487427 
1103	 0.472659438848495 
1104	 0.472757130861282 
1105	 0.473067462444305 
1106	 0.473242193460464 
1107	 0.473386406898499 
1108	 0.473505020141602 
1109	 0.473548144102097 
1110	 0.473477929830551 
1111	 0.473489344120026 
1112	 0.473422110080719 
1113	 0.473475098609924 
1114	 0.473610579967499 
1115	 0.473717778921127 
1116	 0.47397443652153 
1117	 0.47400227189064 
1118	 0.473792195320129 
1119	 0.473789781332016 
1120	 0.473733454942703 
1121	 0.473745942115784 
1122	 0.473988831043243 
1123	 0.474146634340286 
1124	 0.474121123552322 
1125	 0.473957449197769 
1126	 0.473912477493286 
1127	 0.473806113004684 
1128	 0.473728328943253 
1129	 0.473743766546249 
1130	 0.473661988973618 
1131	 0.473413825035095 
1132	 0.473364114761353 
1133	 0.473462402820587 
1134	 0.473472118377686 
1135	 0.473558336496353 
1136	 0.473571270704269 
1137	 0.473476082086563 
1138	 0.473415106534958 
1139	 0.473313182592392 
1140	 0.47332775592804 
1141	 0.473288983106613 
1142	 0.473252356052399 
1143	 0.473208338022232 
1144	 0.473190367221832 
1145	 0.473090082406998 
1146	 0.472944349050522 
1147	 0.472803980112076 
1148	 0.472630113363266 
1149	 0.472424268722534 
1150	 0.472187668085098 
1151	 0.471985250711441 
1152	 0.471685320138931 
1153	 0.471523314714432 
1154	 0.471539318561554 
1155	 0.471419841051102 
1156	 0.471275180578232 
1157	 0.471183240413666 
1158	 0.47098383307457 
1159	 0.470735251903534 
1160	 0.470532327890396 
1161	 0.470376163721085 
1162	 0.470157742500305 
1163	 0.469905942678452 
1164	 0.469661146402359 
1165	 0.469315677881241 
1166	 0.469077438116074 
1167	 0.468928515911102 
1168	 0.468712508678436 
1169	 0.468514382839203 
1170	 0.468302398920059 
1171	 0.468052566051483 
1172	 0.467777222394943 
1173	 0.467383205890656 
1174	 0.467274159193039 
1175	 0.467042088508606 
1176	 0.466581374406815 
1177	 0.466376841068268 
1178	 0.466304361820221 
1179	 0.466121912002563 
1180	 0.466043710708618 
1181	 0.46583691239357 
1182	 0.465429216623306 
1183	 0.465168058872223 
1184	 0.464918822050095 
1185	 0.46473154425621 
1186	 0.464675158262253 
1187	 0.464504182338715 
1188	 0.464336901903152 
1189	 0.464158296585083 
1190	 0.4638671875 
1191	 0.463705658912659 
1192	 0.463626712560654 
1193	 0.463457822799683 
1194	 0.463306963443756 
1195	 0.46316123008728 
1196	 0.463046997785568 
1197	 0.462940663099289 
1198	 0.462880790233612 
1199	 0.462876409292221 
1200	 0.462835311889648 
1201	 0.462845861911774 
1202	 0.462784379720688 
1203	 0.462586104869843 
1204	 0.462584108114243 
1205	 0.462688654661179 
1206	 0.462704509496689 
1207	 0.462788492441177 
1208	 0.462890595197678 
1209	 0.462944597005844 
1210	 0.462977021932602 
1211	 0.463121503591537 
1212	 0.463322520256042 
1213	 0.463501363992691 
1214	 0.463716387748718 
1215	 0.463969081640244 
1216	 0.464221179485321 
1217	 0.464431494474411 
1218	 0.464565366506577 
1219	 0.464831113815308 
1220	 0.465158343315125 
1221	 0.465475291013718 
1222	 0.4659084379673 
1223	 0.466234296560287 
1224	 0.466456681489944 
1225	 0.466698050498962 
1226	 0.466930866241455 
1227	 0.467223733663559 
1228	 0.467566967010498 
1229	 0.467775464057922 
1230	 0.468064606189728 
1231	 0.46830490231514 
1232	 0.468525767326355 
1233	 0.468757778406143 
1234	 0.468985021114349 
1235	 0.469215452671051 
1236	 0.469294756650925 
1237	 0.469398856163025 
1238	 0.469604045152664 
1239	 0.469882607460022 
1240	 0.470082461833954 
1241	 0.470402985811234 
1242	 0.470587342977524 
1243	 0.470581263303757 
1244	 0.470668762922287 
1245	 0.47076803445816 
1246	 0.470884442329407 
1247	 0.471004962921143 
1248	 0.471205711364746 
1249	 0.471356958150864 
1250	 0.471389830112457 
1251	 0.471453189849854 
1252	 0.471572011709213 
1253	 0.471713155508041 
1254	 0.471884518861771 
1255	 0.472016662359238 
1256	 0.471976608037949 
1257	 0.471955478191376 
1258	 0.472096502780914 
1259	 0.472183734178543 
1260	 0.472328305244446 
1261	 0.472444415092468 
1262	 0.472530603408813 
1263	 0.472588390111923 
1264	 0.472669839859009 
1265	 0.472711771726608 
1266	 0.472645938396454 
1267	 0.472720444202423 
1268	 0.472872227430344 
1269	 0.472979307174683 
1270	 0.47313603758812 
1271	 0.473270088434219 
1272	 0.473181188106537 
1273	 0.473140478134155 
1274	 0.473176956176758 
1275	 0.47321492433548 
1276	 0.473363101482391 
1277	 0.473525702953339 
1278	 0.473710596561432 
1279	 0.473869889974594 
1280	 0.473962604999542 
1281	 0.474078327417374 
1282	 0.47416079044342 
1283	 0.474102407693863 
1284	 0.474182903766632 
1285	 0.474373638629913 
1286	 0.474449515342712 
1287	 0.474472105503082 
1288	 0.474577814340591 
1289	 0.474689841270447 
1290	 0.474732428789139 
1291	 0.474792391061783 
1292	 0.474820494651794 
1293	 0.474868923425674 
1294	 0.474942266941071 
1295	 0.475009918212891 
1296	 0.475163608789444 
1297	 0.475268214941025 
1298	 0.475181698799133 
1299	 0.475251406431198 
1300	 0.475419282913208 
1301	 0.475312411785126 
1302	 0.475321650505066 
1303	 0.475519835948944 
1304	 0.475519776344299 
1305	 0.475469529628754 
1306	 0.475493222475052 
1307	 0.475494295358658 
1308	 0.475248217582703 
1309	 0.475225150585175 
1310	 0.475417196750641 
1311	 0.47548171877861 
1312	 0.475560545921326 
1313	 0.475554883480072 
1314	 0.475463539361954 
1315	 0.475431323051453 
1316	 0.475307643413544 
1317	 0.475215166807175 
1318	 0.475213080644608 
1319	 0.475074857473373 
1320	 0.47493839263916 
1321	 0.474873781204224 
1322	 0.474690824747086 
1323	 0.474516957998276 
1324	 0.474346995353699 
1325	 0.474103391170502 
1326	 0.474040508270264 
1327	 0.473942697048187 
1328	 0.473711788654327 
1329	 0.473591685295105 
1330	 0.473381996154785 
1331	 0.473046094179153 
1332	 0.472795933485031 
1333	 0.4726482629776 
1334	 0.472372651100159 
1335	 0.47199809551239 
1336	 0.47172424197197 
1337	 0.471433371305466 
1338	 0.471185863018036 
1339	 0.471004009246826 
1340	 0.47085240483284 
1341	 0.47051528096199 
1342	 0.470161825418472 
1343	 0.469775319099426 
1344	 0.469346404075623 
1345	 0.469033807516098 
1346	 0.468732714653015 
1347	 0.468419373035431 
1348	 0.468086153268814 
1349	 0.467720925807953 
1350	 0.467380970716476 
1351	 0.46697923541069 
1352	 0.466627478599548 
1353	 0.466312974691391 
1354	 0.46588984131813 
1355	 0.465427964925766 
1356	 0.464993983507156 
1357	 0.464564561843872 
1358	 0.464096426963806 
1359	 0.463693767786026 
1360	 0.463399708271027 
1361	 0.462997555732727 
1362	 0.46252566576004 
1363	 0.462127149105072 
1364	 0.461732059717178 
1365	 0.461349844932556 
1366	 0.460974395275116 
1367	 0.460655897855759 
1368	 0.460359662771225 
1369	 0.460065007209778 
1370	 0.459842830896378 
1371	 0.459599018096924 
1372	 0.459308654069901 
1373	 0.459034889936447 
1374	 0.458628565073013 
1375	 0.458234459161758 
1376	 0.457959055900574 
1377	 0.457595586776733 
1378	 0.45722958445549 
1379	 0.456923186779022 
1380	 0.456585556268692 
1381	 0.456161618232727 
1382	 0.455693066120148 
1383	 0.455354392528534 
1384	 0.45499649643898 
1385	 0.454529523849487 
1386	 0.454149216413498 
1387	 0.453694224357605 
1388	 0.453165054321289 
1389	 0.452553898096085 
1390	 0.451997131109238 
1391	 0.451388478279114 
1392	 0.450741678476334 
1393	 0.450175136327744 
1394	 0.449430912733078 
1395	 0.448530107736588 
1396	 0.447704464197159 
1397	 0.446875929832459 
1398	 0.445897996425629 
1399	 0.444938898086548 
1400	 0.443919360637665 
1401	 0.442697137594223 
1402	 0.44143682718277 
1403	 0.440185099840164 
1404	 0.438863188028336 
1405	 0.437498182058334 
1406	 0.436053991317749 
1407	 0.434495121240616 
1408	 0.43286269903183 
1409	 0.431187391281128 
1410	 0.429397821426392 
1411	 0.427567571401596 
1412	 0.42586550116539 
1413	 0.424180567264557 
1414	 0.422422260046005 
1415	 0.420632302761078 
1416	 0.418822109699249 
1417	 0.41702800989151 
1418	 0.41533499956131 
1419	 0.413627117872238 
1420	 0.411806911230087 
1421	 0.410043329000473 
1422	 0.408354461193085 
1423	 0.406629979610443 
1424	 0.40494030714035 
1425	 0.403359889984131 
1426	 0.401771038770676 
1427	 0.400222778320313 
1428	 0.39880433678627 
1429	 0.397416174411774 
1430	 0.396010637283325 
1431	 0.394670605659485 
1432	 0.393495380878448 
1433	 0.392387628555298 
1434	 0.391375362873077 
1435	 0.390274792909622 
1436	 0.389160543680191 
1437	 0.388254970312119 
1438	 0.387389570474625 
1439	 0.386586636304855 
1440	 0.385918498039246 
1441	 0.385198980569839 
1442	 0.384459853172302 
1443	 0.383817106485367 
1444	 0.383203625679016 
1445	 0.382549285888672 
1446	 0.381938010454178 
1447	 0.381440401077271 
1448	 0.380977183580399 
1449	 0.380527168512344 
1450	 0.380200445652008 
1451	 0.379884868860245 
1452	 0.379565358161926 
1453	 0.37927833199501 
1454	 0.378947883844376 
1455	 0.378643035888672 
1456	 0.378320515155792 
1457	 0.378038913011551 
1458	 0.377903819084167 
1459	 0.377740055322647 
1460	 0.377488076686859 
1461	 0.377261966466904 
1462	 0.376977324485779 
1463	 0.376659125089645 
1464	 0.376491993665695 
1465	 0.376567274332047 
1466	 0.376425415277481 
1467	 0.376203805208206 
1468	 0.37607941031456 
1469	 0.375856727361679 
1470	 0.375698566436768 
1471	 0.375691771507263 
1472	 0.375647097826004 
1473	 0.37556853890419 
1474	 0.375451743602753 
1475	 0.375434190034866 
1476	 0.375402837991714 
1477	 0.375371247529984 
1478	 0.375373542308807 
1479	 0.375361979007721 
1480	 0.375331282615662 
1481	 0.375328928232193 
1482	 0.375351220369339 
1483	 0.375372111797333 
1484	 0.375407457351685 
1485	 0.375551253557205 
1486	 0.375772535800934 
1487	 0.375985354185104 
1488	 0.376167237758636 
1489	 0.37625926733017 
1490	 0.376410931348801 
1491	 0.376595884561539 
1492	 0.376863539218903 
1493	 0.377219974994659 
1494	 0.377405226230621 
1495	 0.377612888813019 
1496	 0.377877295017242 
1497	 0.3780617415905 
1498	 0.37831711769104 
1499	 0.378604561090469 
1500	 0.378860294818878 
1501	 0.379182606935501 
1502	 0.379536420106888 
1503	 0.379827916622162 
1504	 0.380182236433029 
1505	 0.380568593740463 
1506	 0.380821138620377 
1507	 0.381043791770935 
1508	 0.381305307149887 
1509	 0.381556928157806 
1510	 0.381845921278 
1511	 0.382180333137512 
1512	 0.382436007261276 
1513	 0.382628291845322 
1514	 0.382887989282608 
1515	 0.383079916238785 
1516	 0.383283078670502 
1517	 0.383537739515305 
1518	 0.383820563554764 
1519	 0.383996099233627 
1520	 0.384159564971924 
1521	 0.384438633918762 
1522	 0.384751915931702 
1523	 0.38496196269989 
1524	 0.385192930698395 
1525	 0.385369807481766 
1526	 0.385389149188995 
1527	 0.38550728559494 
1528	 0.385785132646561 
1529	 0.385956913232803 
1530	 0.386057704687119 
1531	 0.386156141757965 
1532	 0.386137872934341 
1533	 0.386189699172974 
1534	 0.386333763599396 
1535	 0.386409044265747 
1536	 0.386429011821747 
1537	 0.386641681194305 
1538	 0.386822700500488 
1539	 0.386839836835861 
1540	 0.386933714151382 
1541	 0.387006431818008 
1542	 0.387033373117447 
1543	 0.387138366699219 
1544	 0.387371271848679 
1545	 0.387634515762329 
1546	 0.387711524963379 
1547	 0.387777209281921 
1548	 0.387847810983658 
1549	 0.387860804796219 
1550	 0.387986332178116 
1551	 0.388025462627411 
1552	 0.387989312410355 
1553	 0.388031333684921 
1554	 0.388031452894211 
1555	 0.388103455305099 
1556	 0.388238787651062 
1557	 0.388284891843796 
1558	 0.388327658176422 
1559	 0.38841038942337 
1560	 0.388472974300385 
1561	 0.388518512248993 
1562	 0.388569742441177 
1563	 0.388645768165588 
1564	 0.388709545135498 
1565	 0.388746440410614 
1566	 0.388830095529556 
1567	 0.388906747102737 
1568	 0.388887852430344 
1569	 0.388877809047699 
1570	 0.388935387134552 
1571	 0.389032661914825 
1572	 0.389268815517426 
1573	 0.389589458703995 
1574	 0.389748007059097 
1575	 0.389786779880524 
1576	 0.38985139131546 
1577	 0.389899760484695 
1578	 0.390059620141983 
1579	 0.390396624803543 
1580	 0.390604823827744 
1581	 0.390635013580322 
1582	 0.39070788025856 
1583	 0.390774846076965 
1584	 0.390897274017334 
1585	 0.391233205795288 
1586	 0.391534984111786 
1587	 0.391687542200089 
1588	 0.391933411359787 
1589	 0.392176926136017 
1590	 0.392348170280457 
1591	 0.392691314220428 
1592	 0.393090605735779 
1593	 0.393362522125244 
1594	 0.393614709377289 
1595	 0.394010901451111 
1596	 0.394438445568085 
1597	 0.394700735807419 
1598	 0.395101100206375 
1599	 0.39556148648262 
1600	 0.395782560110092 
1601	 0.396133959293365 
1602	 0.396599173545837 
1603	 0.396874845027924 
1604	 0.397169858217239 
1605	 0.397630244493485 
1606	 0.398037254810333 
1607	 0.398369073867798 
1608	 0.398805260658264 
1609	 0.399231940507889 
1610	 0.399504393339157 
1611	 0.399822771549225 
1612	 0.400232344865799 
1613	 0.400502741336823 
1614	 0.400827378034592 
1615	 0.401252061128616 
1616	 0.401543438434601 
1617	 0.401851087808609 
1618	 0.402161210775375 
1619	 0.402371108531952 
1620	 0.402664363384247 
1621	 0.402952343225479 
1622	 0.40321671962738 
1623	 0.403544694185257 
1624	 0.403752267360687 
1625	 0.403924077749252 
1626	 0.40417692065239 
1627	 0.404432594776154 
1628	 0.404668092727661 
1629	 0.404860764741898 
1630	 0.405070662498474 
1631	 0.405301928520203 
1632	 0.405575484037399 
1633	 0.405888229608536 
1634	 0.406042993068695 
1635	 0.406118988990784 
1636	 0.406317502260208 
1637	 0.406445056200027 
1638	 0.406453937292099 
1639	 0.406542509794235 
1640	 0.406536519527435 
1641	 0.406372219324112 
1642	 0.406406909227371 
1643	 0.406517744064331 
1644	 0.406470000743866 
1645	 0.406482011079788 
1646	 0.406501829624176 
1647	 0.406360477209091 
1648	 0.406277477741241 
1649	 0.406156718730927 
1650	 0.405895829200745 
1651	 0.405746430158615 
1652	 0.405646145343781 
1653	 0.405514597892761 
1654	 0.405376136302948 
1655	 0.405158877372742 
1656	 0.404711544513702 
1657	 0.404260158538818 
1658	 0.404037475585938 
1659	 0.403755098581314 
1660	 0.403453767299652 
1661	 0.403295040130615 
1662	 0.402984857559204 
1663	 0.402651399374008 
1664	 0.402398347854614 
1665	 0.402056932449341 
1666	 0.401789546012878 
1667	 0.401526510715485 
1668	 0.401258617639542 
1669	 0.401061773300171 
1670	 0.400799572467804 
1671	 0.40049347281456 
1672	 0.400220304727554 
1673	 0.399918079376221 
1674	 0.399515628814697 
1675	 0.399156898260117 
1676	 0.398908853530884 
1677	 0.398610144853592 
1678	 0.398355692625046 
1679	 0.398079544305801 
1680	 0.397738814353943 
1681	 0.397379785776138 
1682	 0.397005409002304 
1683	 0.39661979675293 
1684	 0.396183639764786 
1685	 0.395769536495209 
1686	 0.395458877086639 
1687	 0.39497509598732 
1688	 0.394338667392731 
1689	 0.393789887428284 
1690	 0.393195122480392 
1691	 0.392596572637558 
1692	 0.392094254493713 
1693	 0.391532272100449 
1694	 0.390899121761322 
1695	 0.390259146690369 
1696	 0.389646708965302 
1697	 0.388944536447525 
1698	 0.388101249933243 
1699	 0.387399882078171 
1700	 0.386683911085129 
1701	 0.386049866676331 
1702	 0.38558241724968 
1703	 0.385005623102188 
1704	 0.384445369243622 
1705	 0.383828461170197 
1706	 0.383086264133453 
1707	 0.382480889558792 
1708	 0.381875932216644 
1709	 0.381340533494949 
1710	 0.380917340517044 
1711	 0.380475848913193 
1712	 0.380108684301376 
1713	 0.379653811454773 
1714	 0.37920668721199 
1715	 0.37869393825531 
1716	 0.378072887659073 
1717	 0.377525687217712 
1718	 0.376949489116669 
1719	 0.376524895429611 
1720	 0.376187324523926 
1721	 0.375836700201035 
1722	 0.375564157962799 
1723	 0.375316560268402 
1724	 0.375079900026321 
1725	 0.374849081039429 
1726	 0.374613553285599 
1727	 0.374611347913742 
1728	 0.374686807394028 
1729	 0.374769926071167 
1730	 0.375071048736572 
1731	 0.375192046165466 
1732	 0.375268489122391 
1733	 0.375578820705414 
1734	 0.375753551721573 
1735	 0.37582939863205 
1736	 0.375948637723923 
1737	 0.37598791718483 
1738	 0.376069247722626 
1739	 0.376266628503799 
1740	 0.376361519098282 
1741	 0.376396596431732 
1742	 0.376427531242371 
1743	 0.376453965902328 
1744	 0.376396268606186 
1745	 0.3762027323246 
1746	 0.376141607761383 
1747	 0.376076519489288 
1748	 0.376024484634399 
1749	 0.376078754663467 
1750	 0.376116037368774 
1751	 0.376187354326248 
1752	 0.376153737306595 
1753	 0.376021891832352 
1754	 0.376025289297104 
1755	 0.375985354185104 
1756	 0.37600314617157 
1757	 0.376239091157913 
1758	 0.376298904418945 
1759	 0.376184076070786 
1760	 0.376231461763382 
1761	 0.376322120428085 
1762	 0.376417487859726 
1763	 0.376604825258255 
1764	 0.376747906208038 
1765	 0.376810193061829 
1766	 0.376986265182495 
1767	 0.377261161804199 
1768	 0.377432286739349 
1769	 0.377652823925018 
1770	 0.377767294645309 
1771	 0.377682149410248 
1772	 0.377903193235397 
1773	 0.378255814313889 
1774	 0.378475099802017 
1775	 0.37882873415947 
1776	 0.378979623317719 
1777	 0.379100769758224 
1778	 0.379218757152557 
1779	 0.379297852516174 
1780	 0.379318982362747 
1781	 0.379431009292603 
1782	 0.379740059375763 
1783	 0.379931092262268 
1784	 0.380059838294983 
1785	 0.380262106657028 
1786	 0.380457133054733 
1787	 0.380599558353424 
1788	 0.38077500462532 
1789	 0.38091179728508 
1790	 0.380977630615234 
1791	 0.38105833530426 
1792	 0.38119301199913 
1793	 0.381240755319595 
1794	 0.38117790222168 
1795	 0.381188869476318 
1796	 0.381186574697495 
1797	 0.381189495325089 
1798	 0.381203353404999 
1799	 0.381250977516174 
1800	 0.381281524896622 
1801	 0.381329327821732 
1802	 0.381469756364822 
1803	 0.381531536579132 
1804	 0.381532251834869 
1805	 0.381805330514908 
1806	 0.381869345903397 
1807	 0.381955802440643 
1808	 0.382074415683746 
1809	 0.382091134786606 
1810	 0.382178634405136 
1811	 0.382218092679977 
1812	 0.382255554199219 
1813	 0.38235729932785 
1814	 0.382318019866943 
1815	 0.382406622171402 
1816	 0.38252317905426 
1817	 0.38268518447876 
1818	 0.382867127656937 
1819	 0.383258253335953 
1820	 0.383473992347717 
1821	 0.383425176143646 
1822	 0.383575767278671 
1823	 0.383755564689636 
1824	 0.383924394845963 
1825	 0.384302973747253 
1826	 0.384518027305603 
1827	 0.3846495449543 
1828	 0.384674191474915 
1829	 0.384545117616653 
1830	 0.384461432695389 
1831	 0.383979588747025 
1832	 0.384273856878281 
1833	 0.384530246257782 
1834	 0.38481017947197 
1835	 0.385254412889481 
1836	 0.385583281517029 
1837	 0.385768979787827 
1838	 0.386129111051559 
1839	 0.386288046836853 
1840	 0.386784642934799 
1841	 0.387310147285461 
1842	 0.387176364660263 
1843	 0.387384742498398 
1844	 0.387803196907043 
1845	 0.388053715229034 
1846	 0.388160705566406 
1847	 0.388571828603745 
1848	 0.388880699872971 
1849	 0.388829827308655 
1850	 0.388971954584122 
1851	 0.389140456914902 
1852	 0.389253437519073 
1853	 0.389477878808975 
1854	 0.389533817768097 
1855	 0.389503091573715 
1856	 0.389503628015518 
1857	 0.389487683773041 
1858	 0.389234900474548 
1859	 0.389211505651474 
1860	 0.38929557800293 
1861	 0.388924270868301 
1862	 0.388531863689423 
1863	 0.388321578502655 
1864	 0.387945711612701 
1865	 0.387686461210251 
1866	 0.387636721134186 
1867	 0.38775959610939 
1868	 0.387487977743149 
1869	 0.386837273836136 
1870	 0.386291444301605 
1871	 0.385678350925446 
1872	 0.384799987077713 
1873	 0.38428857922554 
1874	 0.383659899234772 
1875	 0.383024990558624 
1876	 0.382096350193024 
1877	 0.381106436252594 
1878	 0.380040228366852 
1879	 0.378751546144485 
1880	 0.377441614866257 
1881	 0.376382291316986 
1882	 0.375143796205521 
1883	 0.373375803232193 
1884	 0.371589332818985 
1885	 0.369812935590744 
1886	 0.367974579334259 
1887	 0.365843445062637 
1888	 0.363631993532181 
1889	 0.361345380544662 
1890	 0.358705073595047 
1891	 0.355947524309158 
1892	 0.353312849998474 
1893	 0.350530713796616 
1894	 0.347413539886475 
1895	 0.344019889831543 
1896	 0.340854585170746 
1897	 0.337635725736618 
1898	 0.334578186273575 
1899	 0.331528902053833 
1900	 0.328572303056717 
1901	 0.325399696826935 
1902	 0.32180181145668 
1903	 0.31844824552536 
1904	 0.315491050481796 
1905	 0.312533348798752 
1906	 0.30978861451149 
1907	 0.30708846449852 
1908	 0.304500877857208 
1909	 0.30171611905098 
1910	 0.299334228038788 
1911	 0.297166436910629 
1912	 0.294850438833237 
1913	 0.29279226064682 
1914	 0.290782332420349 
1915	 0.288794368505478 
1916	 0.287139773368835 
1917	 0.285618156194687 
1918	 0.284260988235474 
1919	 0.283096551895142 
1920	 0.281989127397537 
1921	 0.280839830636978 
1922	 0.279710978269577 
1923	 0.278483480215073 
1924	 0.277599662542343 
1925	 0.277148216962814 
1926	 0.276780426502228 
1927	 0.276383399963379 
1928	 0.275827795267105 
1929	 0.275444626808167 
1930	 0.274979472160339 
1931	 0.274749964475632 
1932	 0.274674594402313 
1933	 0.274628609418869 
1934	 0.2746322453022 
1935	 0.274837642908096 
1936	 0.275143891572952 
1937	 0.275586515665054 
1938	 0.275983303785324 
1939	 0.27615949511528 
1940	 0.27651983499527 
1941	 0.276877820491791 
1942	 0.277531057596207 
1943	 0.278213500976563 
1944	 0.278747737407684 
1945	 0.27925831079483 
1946	 0.27975144982338 
1947	 0.280270636081696 
1948	 0.280887454748154 
1949	 0.281753808259964 
1950	 0.282643109560013 
1951	 0.28324431180954 
1952	 0.283924072980881 
1953	 0.284658938646317 
1954	 0.285454928874969 
1955	 0.286095976829529 
1956	 0.28699779510498 
1957	 0.287914931774139 
1958	 0.288480341434479 
1959	 0.288973718881607 
1960	 0.289618313312531 
1961	 0.290520995855331 
1962	 0.291260570287704 
1963	 0.292056411504745 
1964	 0.293043196201324 
1965	 0.293876737356186 
1966	 0.294534116983414 
1967	 0.295382142066956 
1968	 0.296148657798767 
1969	 0.296770244836807 
1970	 0.297358244657516 
1971	 0.2981036901474 
1972	 0.298915863037109 
1973	 0.299290806055069 
1974	 0.299942255020142 
1975	 0.300760895013809 
1976	 0.301378399133682 
1977	 0.301927655935287 
1978	 0.302816480398178 
1979	 0.303487956523895 
1980	 0.303870737552643 
1981	 0.304487466812134 
1982	 0.305195599794388 
1983	 0.30583655834198 
1984	 0.306479334831238 
1985	 0.30719318985939 
1986	 0.307815402746201 
1987	 0.308168143033981 
1988	 0.308463573455811 
1989	 0.308927983045578 
1990	 0.309417814016342 
1991	 0.309916466474533 
1992	 0.310375541448593 
1993	 0.310948222875595 
1994	 0.311269670724869 
1995	 0.311395138502121 
1996	 0.311884105205536 
1997	 0.312409907579422 
1998	 0.312776952981949 
1999	 0.313073813915253 
2000	 0.312985599040985 
2001	 0.31281241774559 
2002	 0.312811076641083 
2003	 0.312839180231094 
2004	 0.312847405672073 
2005	 0.312896519899368 
2006	 0.312823265790939 
2007	 0.312486082315445 
2008	 0.312142848968506 
2009	 0.312073200941086 
2010	 0.31213241815567 
2011	 0.311863988637924 
2012	 0.311327129602432 
2013	 0.310726463794708 
2014	 0.31010702252388 
2015	 0.309498608112335 
2016	 0.308968544006348 
2017	 0.308416545391083 
2018	 0.30799189209938 
2019	 0.307113438844681 
2020	 0.306080967187881 
2021	 0.305313467979431 
2022	 0.304413139820099 
2023	 0.303431898355484 
2024	 0.302551299333572 
2025	 0.301587730646133 
2026	 0.300388902425766 
2027	 0.299128025770187 
2028	 0.29798236489296 
2029	 0.296873718500137 
2030	 0.295717418193817 
2031	 0.294572472572327 
2032	 0.293478965759277 
2033	 0.292187035083771 
2034	 0.290924578905106 
2035	 0.289807379245758 
2036	 0.28861403465271 
2037	 0.287201851606369 
2038	 0.285879254341125 
2039	 0.284723103046417 
2040	 0.283387273550034 
2041	 0.282196283340454 
2042	 0.28092235326767 
2043	 0.279500126838684 
2044	 0.277684301137924 
2045	 0.276231557130814 
2046	 0.274815678596497 
2047	 0.273600876331329 
2048	 0.272520929574966 
2049	 0.27125558257103 
2050	 0.270054161548615 
2051	 0.268810629844666 
2052	 0.26748326420784 
2053	 0.2663654088974 
2054	 0.265466064214706 
2055	 0.264507442712784 
2056	 0.263584673404694 
2057	 0.262649804353714 
2058	 0.2617247402668 
2059	 0.260765135288239 
2060	 0.259824097156525 
2061	 0.2589031457901 
2062	 0.257952570915222 
2063	 0.257113367319107 
2064	 0.256199240684509 
2065	 0.255362331867218 
2066	 0.254653364419937 
2067	 0.254063427448273 
2068	 0.253428667783737 
2069	 0.252578318119049 
2070	 0.251946240663528 
2071	 0.251297384500504 
2072	 0.25046044588089 
2073	 0.249706864356995 
2074	 0.249043747782707 
2075	 0.248392730951309 
2076	 0.247714191675186 
2077	 0.24709889292717 
2078	 0.24639892578125 
2079	 0.245986118912697 
2080	 0.245545968413353 
2081	 0.244925022125244 
2082	 0.24458546936512 
2083	 0.244089663028717 
2084	 0.243174865841866 
2085	 0.242515653371811 
2086	 0.242136418819427 
2087	 0.24159400165081 
2088	 0.241236090660095 
2089	 0.241285085678101 
2090	 0.240967407822609 
2091	 0.240505695343018 
2092	 0.24013540148735 
2093	 0.239732205867767 
2094	 0.239168897271156 
2095	 0.238861039280891 
2096	 0.238666281104088 
2097	 0.238480225205421 
2098	 0.23826739192009 
2099	 0.238016173243523 
2100	 0.237780749797821 
2101	 0.237722337245941 
2102	 0.237713634967804 
2103	 0.237507283687592 
2104	 0.237114295363426 
2105	 0.236786797642708 
2106	 0.236176401376724 
2107	 0.235984399914742 
2108	 0.236233457922935 
2109	 0.23614801466465 
2110	 0.236046612262726 
2111	 0.235920250415802 
2112	 0.235612094402313 
2113	 0.235352173447609 
2114	 0.235381320118904 
2115	 0.235477477312088 
2116	 0.235496938228607 
2117	 0.235410451889038 
2118	 0.235485687851906 
2119	 0.235565081238747 
2120	 0.235608547925949 
2121	 0.235900148749352 
2122	 0.236029043793678 
2123	 0.235826015472412 
2124	 0.235723659396172 
2125	 0.235634222626686 
2126	 0.235529944300652 
2127	 0.235313326120377 
2128	 0.235269725322723 
2129	 0.235343500971794 
2130	 0.235296308994293 
2131	 0.235375940799713 
2132	 0.235486969351768 
2133	 0.235656887292862 
2134	 0.236012682318687 
2135	 0.236377641558647 
2136	 0.236813753843307 
2137	 0.237207815051079 
2138	 0.237512782216072 
2139	 0.237617820501328 
2140	 0.237699463963509 
2141	 0.237945258617401 
2142	 0.238234758377075 
2143	 0.238448485732079 
2144	 0.238830119371414 
2145	 0.239161536097527 
2146	 0.239416167140007 
2147	 0.239652022719383 
2148	 0.239852145314217 
2149	 0.240088701248169 
2150	 0.240471705794334 
2151	 0.240737766027451 
2152	 0.241180777549744 
2153	 0.24166551232338 
2154	 0.241904854774475 
2155	 0.242286026477814 
2156	 0.242715626955032 
2157	 0.242786332964897 
2158	 0.242735490202904 
2159	 0.243063524365425 
2160	 0.243635013699532 
2161	 0.244069963693619 
2162	 0.244499489665031 
2163	 0.245050221681595 
2164	 0.245498791337013 
2165	 0.245630547404289 
2166	 0.246142730116844 
2167	 0.247140601277351 
2168	 0.247659310698509 
2169	 0.247985631227493 
2170	 0.248417809605598 
2171	 0.248756662011147 
2172	 0.248689621686935 
2173	 0.249280944466591 
2174	 0.25009498000145 
2175	 0.250330448150635 
2176	 0.250759243965149 
2177	 0.251300722360611 
2178	 0.251541972160339 
2179	 0.251839995384216 
2180	 0.252402424812317 
2181	 0.252943485975266 
2182	 0.253286331892014 
2183	 0.253904908895493 
2184	 0.254478454589844 
2185	 0.25488668680191 
2186	 0.254995554685593 
2187	 0.25540491938591 
2188	 0.255932629108429 
2189	 0.256298094987869 
2190	 0.256569355726242 
2191	 0.256861090660095 
2192	 0.256964504718781 
2193	 0.257576614618301 
2194	 0.258118689060211 
2195	 0.258359640836716 
2196	 0.258788287639618 
2197	 0.259003430604935 
2198	 0.258956700563431 
2199	 0.259374111890793 
2200	 0.260036140680313 
2201	 0.260326325893402 
2202	 0.26078325510025 
2203	 0.261474788188934 
2204	 0.261628001928329 
2205	 0.261789321899414 
2206	 0.262281537055969 
2207	 0.262437760829926 
2208	 0.262496292591095 
2209	 0.262650936841965 
2210	 0.262871652841568 
2211	 0.263020306825638 
2212	 0.263347655534744 
2213	 0.264118820428848 
2214	 0.264288306236267 
2215	 0.264228284358978 
2216	 0.263983726501465 
2217	 0.26333686709404 
2218	 0.262741833925247 
2219	 0.262544333934784 
2220	 0.262353628873825 
2221	 0.262098401784897 
2222	 0.262496173381805 
2223	 0.262574881315231 
2224	 0.262329995632172 
2225	 0.262481093406677 
2226	 0.26189324259758 
2227	 0.261178016662598 
2228	 0.260925740003586 
2229	 0.260395884513855 
2230	 0.260183155536652 
2231	 0.260043293237686 
2232	 0.259518176317215 
2233	 0.258883059024811 
2234	 0.257864385843277 
2235	 0.256420820951462 
2236	 0.254985868930817 
2237	 0.253693163394928 
2238	 0.252323806285858 
2239	 0.251013070344925 
2240	 0.249884709715843 
2241	 0.248755306005478 
2242	 0.247648760676384 
2243	 0.246367737650871 
2244	 0.245083197951317 
2245	 0.243846446275711 
2246	 0.242447823286057 
2247	 0.241096824407578 
2248	 0.239865615963936 
2249	 0.238590955734253 
2250	 0.237611919641495 
2251	 0.236458376049995 
2252	 0.235431462526321 
2253	 0.234480515122414 
2254	 0.232857525348663 
2255	 0.231812670826912 
2256	 0.231020852923393 
2257	 0.229590997099876 
2258	 0.228378161787987 
2259	 0.226691842079163 
2260	 0.225059434771538 
2261	 0.224295556545258 
2262	 0.22297078371048 
2263	 0.221622973680496 
2264	 0.220746323466301 
2265	 0.219606980681419 
2266	 0.218595638871193 
2267	 0.217722445726395 
2268	 0.216852471232414 
2269	 0.216005370020866 
2270	 0.215082004666328 
2271	 0.21432401239872 
2272	 0.213443383574486 
2273	 0.212056204676628 
2274	 0.211283147335052 
2275	 0.210780277848244 
2276	 0.210310444235802 
2277	 0.210322082042694 
2278	 0.210078120231628 
2279	 0.209739610552788 
2280	 0.209491550922394 
2281	 0.209292337298393 
2282	 0.208858966827393 
2283	 0.208736002445221 
2284	 0.208641305565834 
2285	 0.208253562450409 
2286	 0.207869380712509 
2287	 0.207351043820381 
2288	 0.206821769475937 
2289	 0.206818446516991 
2290	 0.206276580691338 
2291	 0.205241516232491 
2292	 0.204840481281281 
2293	 0.204223781824112 
2294	 0.203820884227753 
2295	 0.203590840101242 
2296	 0.202849239110947 
2297	 0.20215605199337 
2298	 0.201405331492424 
2299	 0.200901120901108 
2300	 0.200160935521126 
2301	 0.199371799826622 
2302	 0.199245303869247 
2303	 0.199010416865349 
2304	 0.198923170566559 
2305	 0.198804691433907 
2306	 0.198278158903122 
2307	 0.198028534650803 
2308	 0.197968423366547 
2309	 0.198196932673454 
2310	 0.198603332042694 
2311	 0.198798313736916 
2312	 0.1987444460392 
2313	 0.198456317186356 
2314	 0.198680102825165 
2315	 0.198847651481628 
2316	 0.198937997221947 
2317	 0.199503853917122 
2318	 0.199381574988365 
2319	 0.199202790856361 
2320	 0.199234679341316 
2321	 0.199009254574776 
2322	 0.199060499668121 
2323	 0.198985904455185 
2324	 0.19898396730423 
2325	 0.198852106928825 
2326	 0.19856308400631 
2327	 0.198227375745773 
2328	 0.197816789150238 
2329	 0.197364330291748 
2330	 0.196956112980843 
2331	 0.196185827255249 
2332	 0.195523083209991 
2333	 0.195289209485054 
2334	 0.195055618882179 
2335	 0.195144563913345 
2336	 0.194636330008507 
2337	 0.193661108613014 
2338	 0.193391978740692 
2339	 0.193314999341965 
2340	 0.193612337112427 
2341	 0.193945407867432 
2342	 0.193051382899284 
2343	 0.192059651017189 
2344	 0.191631615161896 
2345	 0.191781282424927 
2346	 0.192643150687218 
2347	 0.19318126142025 
2348	 0.193123862147331 
2349	 0.192662999033928 
2350	 0.192317560315132 
2351	 0.19269198179245 
2352	 0.193279951810837 
2353	 0.193853333592415 
2354	 0.193897783756256 
2355	 0.193454653024673 
2356	 0.193924874067307 
2357	 0.194590464234352 
2358	 0.195580646395683 
2359	 0.196360424160957 
2360	 0.195544481277466 
2361	 0.194765627384186 
2362	 0.194366067647934 
2363	 0.194541051983833 
2364	 0.195111006498337 
2365	 0.194877803325653 
2366	 0.194823503494263 
2367	 0.194436177611351 
2368	 0.193686053156853 
2369	 0.194525524973869 
2370	 0.195639744400978 
2371	 0.196345120668411 
2372	 0.197093233466148 
2373	 0.196873873472214 
2374	 0.196128070354462 
2375	 0.195781290531158 
2376	 0.195673644542694 
2377	 0.195736482739449 
2378	 0.196568340063095 
2379	 0.196769550442696 
2380	 0.195684343576431 
2381	 0.195179268717766 
2382	 0.195133477449417 
2383	 0.195285201072693 
2384	 0.19602382183075 
2385	 0.197036892175674 
2386	 0.197356060147285 
2387	 0.196624755859375 
2388	 0.196185916662216 
2389	 0.196485966444016 
2390	 0.19687694311142 
2391	 0.197180524468422 
2392	 0.197571232914925 
2393	 0.196876898407936 
2394	 0.195767626166344 
2395	 0.196023106575012 
2396	 0.195972427725792 
2397	 0.196026340126991 
2398	 0.196862578392029 
2399	 0.196116000413895 
2400	 0.195704251527786 
2401	 0.196457922458649 
2402	 0.19582898914814 
2403	 0.196366682648659 
2404	 0.197252810001373 
2405	 0.19634085893631 
2406	 0.19720658659935 
2407	 0.197373151779175 
2408	 0.195293948054314 
2409	 0.194137290120125 
2410	 0.19328385591507 
2411	 0.192899480462074 
2412	 0.192956730723381 
2413	 0.19326239824295 
2414	 0.193607032299042 
2415	 0.193123430013657 
2416	 0.193296432495117 
2417	 0.193298175930977 
2418	 0.191018879413605 
2419	 0.189626112580299 
2420	 0.190147161483765 
2421	 0.189547523856163 
2422	 0.189804390072823 
2423	 0.189461573958397 
2424	 0.186596617102623 
2425	 0.186729833483696 
2426	 0.187213733792305 
2427	 0.185691952705383 
2428	 0.186087131500244 
2429	 0.18563437461853 
2430	 0.184904798865318 
2431	 0.185001537203789 
2432	 0.183050215244293 
2433	 0.179404824972153 
2434	 0.175831601023674 
2435	 0.175761669874191 
2436	 0.17619514465332 
2437	 0.174851104617119 
2438	 0.175414487719536 
2439	 0.175401389598846 
2440	 0.173797592520714 
2441	 0.173989847302437 
2442	 0.17526587843895 
2443	 0.175089851021767 
2444	 0.173427700996399 
2445	 0.171748489141464 
2446	 0.171194598078728 
2447	 0.169157683849335 
2448	 0.167212143540382 
2449	 0.167695239186287 
2450	 0.165582343935966 
2451	 0.163197726011276 
2452	 0.163084521889687 
2453	 0.162484690546989 
2454	 0.163270860910416 
2455	 0.163271009922028 
2456	 0.160506755113602 
2457	 0.15867455303669 
2458	 0.156941443681717 
2459	 0.156440436840057 
2460	 0.1557247787714 
2461	 0.155255421996117 
2462	 0.1547881513834 
2463	 0.153327822685242 
2464	 0.153126329183578 
2465	 0.155030861496925 
2466	 0.154380336403847 
2467	 0.152714565396309 
2468	 0.151762574911118 
2469	 0.149318188428879 
2470	 0.148519575595856 
2471	 0.149181663990021 
2472	 0.148651450872421 
2473	 0.148606911301613 
2474	 0.146886751055717 
2475	 0.143186822533607 
2476	 0.142737820744514 
2477	 0.142005622386932 
2478	 0.145021826028824 
2479	 0.147002249956131 
2480	 0.144081622362137 
2481	 0.1446373462677 
2482	 0.143521696329117 
2483	 0.143222138285637 
2484	 0.146686941385269 
2485	 0.148001611232758 
2486	 0.146338790655136 
2487	 0.142120972275734 
2488	 0.13947956264019 
2489	 0.138466849923134 
2490	 0.136998146772385 
2491	 0.135398462414742 
2492	 0.13225881755352 
2493	 0.128856420516968 
2494	 0.131319209933281 
2495	 0.137622982263565 
2496	 0.140893578529358 
2497	 0.142850205302238 
2498	 0.144247561693192 
2499	 0.142704710364342 
2500	 0.143078684806824 
