350	 4.87439148128033E-02 
351	 5.09595833718777E-02 
352	 5.47113195061684E-02 
353	 5.48449903726578E-02 
354	 5.12035079300404E-02 
355	 5.50446808338165E-02 
356	 5.39912171661854E-02 
357	 4.92756515741348E-02 
358	 4.71073910593987E-02 
359	 5.03364540636539E-02 
360	 5.36575652658939E-02 
361	 5.41611090302467E-02 
362	 5.16454912722111E-02 
363	 0.050637848675251 
364	 5.12173883616924E-02 
365	 0.052029762417078 
366	 5.03174513578415E-02 
367	 5.33190034329891E-02 
368	 5.61857521533966E-02 
369	 5.36396540701389E-02 
370	 5.24433180689812E-02 
371	 5.19634373486042E-02 
372	 0.051981195807457 
373	 5.25271184742451E-02 
374	 5.30189014971256E-02 
375	 5.34684807062149E-02 
376	 5.36329783499241E-02 
377	 5.27969188988209E-02 
378	 0.053470317274332 
379	 5.57626038789749E-02 
380	 5.81625662744045E-02 
381	 5.61716444790363E-02 
382	 5.63487336039543E-02 
383	 5.82234188914299E-02 
384	 5.79910948872566E-02 
385	 5.58633767068386E-02 
386	 5.62448538839817E-02 
387	 0.058943796902895 
388	 5.83960264921188E-02 
389	 5.78666813671589E-02 
390	 5.81417679786682E-02 
391	 5.92145957052708E-02 
392	 6.05431608855724E-02 
393	 6.09643682837486E-02 
394	 6.04540519416332E-02 
395	 5.98076172173023E-02 
396	 0.061132937669754 
397	 6.21454045176506E-02 
398	 6.20038397610188E-02 
399	 6.16610608994961E-02 
400	 6.23614378273487E-02 
401	 6.29977285861969E-02 
402	 6.28727674484253E-02 
403	 6.33009821176529E-02 
404	 6.43002092838287E-02 
405	 6.49975091218948E-02 
406	 6.45797178149223E-02 
407	 0.064578615128994 
408	 6.53020143508911E-02 
409	 6.61034509539604E-02 
410	 6.56775161623955E-02 
411	 6.68538361787796E-02 
412	 6.79587125778198E-02 
413	 6.77784010767937E-02 
414	 6.79091066122055E-02 
415	 6.85581788420677E-02 
416	 6.90708160400391E-02 
417	 6.88247159123421E-02 
418	 0.069569855928421 
419	 7.05051943659782E-02 
420	 7.11505189538002E-02 
421	 7.15378969907761E-02 
422	 7.19594284892082E-02 
423	 7.24425688385963E-02 
424	 0.072973407804966 
425	 7.36119672656059E-02 
426	 7.40616396069527E-02 
427	 7.44567885994911E-02 
428	 0.075056828558445 
429	 7.56936371326447E-02 
430	 7.62247890233994E-02 
431	 7.66191482543945E-02 
432	 7.69535377621651E-02 
433	 7.74896070361137E-02 
434	 7.81047642230988E-02 
435	 7.86887109279633E-02 
436	 7.94272795319557E-02 
437	 7.99869447946548E-02 
438	 8.04726183414459E-02 
439	 8.11696127057076E-02 
440	 8.19215700030327E-02 
441	 0.082511879503727 
442	 8.30354765057564E-02 
443	 0.084015317261219 
444	 8.45903307199478E-02 
445	 8.47799330949783E-02 
446	 8.49525704979897E-02 
447	 8.58703330159187E-02 
448	 8.63309875130653E-02 
449	 8.63921567797661E-02 
450	 8.69425088167191E-02 
451	 8.74326229095459E-02 
452	 8.76270830631256E-02 
453	 8.76522809267044E-02 
454	 8.82434248924255E-02 
455	 8.86993259191513E-02 
456	 8.89102667570114E-02 
457	 8.90525281429291E-02 
458	 0.089647576212883 
459	 9.01799127459526E-02 
460	 0.090551570057869 
461	 9.10981968045235E-02 
462	 9.15649235248566E-02 
463	 9.20407474040985E-02 
464	 9.25811007618904E-02 
465	 9.29816737771034E-02 
466	 9.34336334466934E-02 
467	 9.38262566924095E-02 
468	 9.40267443656921E-02 
469	 0.094757616519928 
470	 9.55033674836159E-02 
471	 9.59677472710609E-02 
472	 9.62793678045273E-02 
473	 9.67836529016495E-02 
474	 9.73768830299377E-02 
475	 0.097868800163269 
476	 9.82088595628738E-02 
477	 9.87055152654648E-02 
478	 9.93333756923676E-02 
479	 9.98483374714851E-02 
480	 0.100302383303642 
481	 0.100827507674694 
482	 0.10142794251442 
483	 0.101834990084171 
484	 0.102279089391232 
485	 0.102866373956203 
486	 0.103562265634537 
487	 0.103797279298306 
488	 0.104128770530224 
489	 0.104713961482048 
490	 0.105248481035233 
491	 0.10587952286005 
492	 0.106512531638145 
493	 0.107079215347767 
494	 0.107730716466904 
495	 0.108297728002071 
496	 0.108766533434391 
497	 0.109203904867172 
498	 0.109615251421928 
499	 0.110162578523159 
500	 0.110865451395512 
501	 0.111522436141968 
502	 0.112024255096912 
503	 0.11250589042902 
504	 0.113120421767235 
505	 0.113772816956043 
506	 0.114236280322075 
507	 0.114614456892014 
508	 0.11525696516037 
509	 0.115744240581989 
510	 0.11615526676178 
511	 0.116653956472874 
512	 0.117425054311752 
513	 0.117929920554161 
514	 0.118264377117157 
515	 0.118780076503754 
516	 0.119390927255154 
517	 0.119973085820675 
518	 0.120463401079178 
519	 0.120876789093018 
520	 0.12131006270647 
521	 0.121839106082916 
522	 0.122440010309219 
523	 0.122782237827778 
524	 0.123165406286716 
525	 0.123677410185337 
526	 0.124232947826385 
527	 0.124892875552177 
528	 0.125435754656792 
529	 0.125764355063438 
530	 0.126101791858673 
531	 0.126716211438179 
532	 0.127387419342995 
533	 0.127778679132462 
534	 0.128316327929497 
535	 0.128976240754128 
536	 0.129635885357857 
537	 0.130092456936836 
538	 0.130569770932198 
539	 0.131103858351707 
540	 0.131665498018265 
541	 0.132179334759712 
542	 0.132709383964539 
543	 0.133273929357529 
544	 0.133846133947372 
545	 0.13435722887516 
546	 0.134910002350807 
547	 0.135547086596489 
548	 0.136107206344604 
549	 0.136687889695168 
550	 0.137294575572014 
551	 0.137891426682472 
552	 0.138424679636955 
553	 0.138991117477417 
554	 0.139577895402908 
555	 0.140017375349998 
556	 0.140529602766037 
557	 0.141115441918373 
558	 0.141718104481697 
559	 0.142293274402618 
560	 0.142887964844704 
561	 0.143527090549469 
562	 0.144214779138565 
563	 0.14489184319973 
564	 0.145515993237495 
565	 0.146069869399071 
566	 0.146556928753853 
567	 0.147133857011795 
568	 0.147714212536812 
569	 0.148151904344559 
570	 0.148707762360573 
571	 0.149260357022285 
572	 0.149763390421867 
573	 0.150320038199425 
574	 0.150968700647354 
575	 0.151613622903824 
576	 0.152155831456184 
577	 0.152646571397781 
578	 0.153107583522797 
579	 0.153568372130394 
580	 0.154051527380943 
581	 0.154481112957001 
582	 0.154878094792366 
583	 0.155293762683868 
584	 0.155823796987534 
585	 0.156351581215858 
586	 0.15688182413578 
587	 0.157470032572746 
588	 0.158103361725807 
589	 0.158644154667854 
590	 0.159047842025757 
591	 0.159412711858749 
592	 0.159817799925804 
593	 0.160298720002174 
594	 0.160834386944771 
595	 0.161247074604034 
596	 0.161647513508797 
597	 0.162098675966263 
598	 0.162607699632645 
599	 0.163095831871033 
600	 0.163461416959763 
601	 0.163712710142136 
602	 0.164062455296516 
603	 0.164641052484512 
604	 0.165394052863121 
605	 0.166168212890625 
606	 0.166890129446983 
607	 0.167514607310295 
608	 0.168035462498665 
609	 0.168499737977982 
610	 0.168971166014671 
611	 0.169449627399445 
612	 0.169918492436409 
613	 0.170382857322693 
614	 0.170928463339806 
615	 0.171517580747604 
616	 0.172019988298416 
617	 0.172305583953857 
618	 0.172541484236717 
619	 0.172833383083344 
620	 0.173040598630905 
621	 0.173300385475159 
622	 0.173577666282654 
623	 0.173814103007317 
624	 0.174210995435715 
625	 0.174575090408325 
626	 0.174869775772095 
627	 0.175271511077881 
628	 0.175675719976425 
629	 0.176100119948387 
630	 0.176545530557632 
631	 0.176860719919205 
632	 0.177204295992851 
633	 0.177589282393456 
634	 0.177929103374481 
635	 0.178218111395836 
636	 0.178527265787125 
637	 0.178870067000389 
638	 0.17911858856678 
639	 0.179382175207138 
640	 0.179662227630615 
641	 0.179917842149734 
642	 0.180086612701416 
643	 0.180306568741798 
644	 0.180594027042389 
645	 0.180829361081123 
646	 0.18109455704689 
647	 0.181409314274788 
648	 0.181768953800201 
649	 0.182149648666382 
650	 0.18251134455204 
651	 0.182915106415749 
652	 0.183430418372154 
653	 0.18374890089035 
654	 0.184075966477394 
655	 0.184520304203033 
656	 0.18497870862484 
657	 0.185398682951927 
658	 0.185846075415611 
659	 0.186375081539154 
660	 0.186845600605011 
661	 0.187248542904854 
662	 0.187623232603073 
663	 0.188043937087059 
664	 0.188568860292435 
665	 0.18908566236496 
666	 0.189530670642853 
667	 0.190011367201805 
668	 0.190560609102249 
669	 0.191173732280731 
670	 0.191824898123741 
671	 0.19249065220356 
672	 0.193168550729752 
673	 0.193881079554558 
674	 0.194678619503975 
675	 0.195576354861259 
676	 0.196578785777092 
677	 0.197679460048676 
678	 0.198841035366058 
679	 0.200038090348244 
680	 0.201271802186966 
681	 0.20256245136261 
682	 0.203991144895554 
683	 0.20542548596859 
684	 0.206846758723259 
685	 0.208425670862198 
686	 0.209983065724373 
687	 0.211551696062088 
688	 0.213176548480988 
689	 0.214790195226669 
690	 0.216334164142609 
691	 0.217877179384232 
692	 0.219532370567322 
693	 0.221009388566017 
694	 0.222543075680733 
695	 0.224211603403091 
696	 0.225731268525124 
697	 0.227298468351364 
698	 0.228878572583199 
699	 0.230405643582344 
700	 0.232013493776321 
701	 0.233644545078278 
702	 0.235262304544449 
703	 0.236851930618286 
704	 0.238494902849197 
705	 0.240148425102234 
706	 0.241783753037453 
707	 0.243431881070137 
708	 0.245171666145325 
709	 0.246910005807877 
710	 0.248539164662361 
711	 0.250240355730057 
712	 0.251997292041779 
713	 0.253755480051041 
714	 0.255438089370728 
715	 0.257145315408707 
716	 0.258895307779312 
717	 0.260666340589523 
718	 0.26240861415863 
719	 0.26410236954689 
720	 0.265824139118195 
721	 0.267654567956924 
722	 0.269500076770782 
723	 0.271317631006241 
724	 0.273103624582291 
725	 0.274888008832932 
726	 0.276681572198868 
727	 0.278447657823563 
728	 0.280185639858246 
729	 0.281984180212021 
730	 0.283779740333557 
731	 0.285567998886108 
732	 0.287360310554504 
733	 0.289116621017456 
734	 0.290904343128204 
735	 0.292728900909424 
736	 0.294543832540512 
737	 0.296362936496735 
738	 0.298185288906097 
739	 0.300005376338959 
740	 0.301815450191498 
741	 0.303547561168671 
742	 0.305273354053497 
743	 0.307095855474472 
744	 0.309007108211517 
745	 0.310773819684982 
746	 0.312484949827194 
747	 0.314433306455612 
748	 0.316217333078384 
749	 0.317897826433182 
750	 0.31960329413414 
751	 0.321454346179962 
752	 0.323171943426132 
753	 0.324833244085312 
754	 0.326585173606873 
755	 0.328406631946564 
756	 0.330219686031342 
757	 0.331993907690048 
758	 0.333742171525955 
759	 0.335460036993027 
760	 0.337173491716385 
761	 0.338895916938782 
762	 0.340616226196289 
763	 0.342342853546143 
764	 0.344031691551209 
765	 0.345683425664902 
766	 0.347448080778122 
767	 0.34915491938591 
768	 0.350821644067764 
769	 0.35251858830452 
770	 0.354147344827652 
771	 0.355771154165268 
772	 0.357422381639481 
773	 0.359074592590332 
774	 0.36061504483223 
775	 0.362168908119202 
776	 0.36381271481514 
777	 0.365453779697418 
778	 0.367018401622772 
779	 0.368562400341034 
780	 0.370156466960907 
781	 0.371760129928589 
782	 0.373224437236786 
783	 0.374616652727127 
784	 0.376120120286942 
785	 0.37767231464386 
786	 0.379230320453644 
787	 0.380766779184341 
788	 0.382262110710144 
789	 0.383663296699524 
790	 0.38505831360817 
791	 0.386493623256683 
792	 0.387867569923401 
793	 0.389209747314453 
794	 0.390577912330627 
795	 0.391987472772598 
796	 0.393228024244308 
797	 0.394527494907379 
798	 0.395909130573273 
799	 0.397250294685364 
800	 0.398633718490601 
801	 0.399957656860352 
802	 0.401202231645584 
803	 0.402457237243652 
804	 0.40368327498436 
805	 0.404866248369217 
806	 0.406034171581268 
807	 0.407293021678925 
808	 0.408493548631668 
809	 0.409657627344131 
810	 0.410824328660965 
811	 0.411835134029388 
812	 0.412950098514557 
813	 0.414155185222626 
814	 0.415277004241943 
815	 0.41639307141304 
816	 0.41746199131012 
817	 0.41851332783699 
818	 0.419637829065323 
819	 0.420677423477173 
820	 0.421658933162689 
821	 0.422640234231949 
822	 0.42370942234993 
823	 0.424727886915207 
824	 0.425706923007965 
825	 0.426679134368896 
826	 0.427613526582718 
827	 0.428517073392868 
828	 0.429396539926529 
829	 0.430278480052948 
830	 0.431254267692566 
831	 0.432251155376434 
832	 0.433203637599945 
833	 0.434069901704788 
834	 0.434957295656204 
835	 0.435902237892151 
836	 0.436850368976593 
837	 0.43769645690918 
838	 0.438558161258698 
839	 0.439432144165039 
840	 0.440272986888886 
841	 0.440988332033157 
842	 0.441833168268204 
843	 0.442617893218994 
844	 0.443222403526306 
845	 0.444033652544022 
846	 0.444879233837128 
847	 0.445732593536377 
848	 0.446580499410629 
849	 0.44736385345459 
850	 0.448090344667435 
851	 0.448803842067719 
852	 0.449553817510605 
853	 0.4503373503685 
854	 0.451036512851715 
855	 0.451655298471451 
856	 0.452302575111389 
857	 0.452920883893967 
858	 0.453567117452621 
859	 0.454295217990875 
860	 0.455114632844925 
861	 0.455800950527191 
862	 0.456446260213852 
863	 0.457128942012787 
864	 0.45784991979599 
865	 0.458467960357666 
866	 0.458964139223099 
867	 0.459422767162323 
868	 0.460034102201462 
869	 0.46070858836174 
870	 0.461371570825577 
871	 0.462013989686966 
872	 0.462721616029739 
873	 0.463268607854843 
874	 0.463736236095428 
875	 0.464294940233231 
876	 0.464871138334274 
877	 0.465503066778183 
878	 0.466147065162659 
879	 0.466735661029816 
880	 0.467308878898621 
881	 0.467807710170746 
882	 0.468288689851761 
883	 0.468872129917145 
884	 0.46929132938385 
885	 0.469705522060394 
886	 0.470195263624191 
887	 0.470717251300812 
888	 0.471320956945419 
889	 0.471877753734589 
890	 0.472356110811234 
891	 0.47283011674881 
892	 0.473262161016464 
893	 0.473759442567825 
894	 0.474273234605789 
895	 0.474627405405045 
896	 0.475026100873947 
897	 0.475458592176437 
898	 0.47590771317482 
899	 0.476393312215805 
900	 0.476747453212738 
901	 0.477153778076172 
902	 0.47768434882164 
903	 0.478137761354446 
904	 0.478566944599152 
905	 0.478969663381577 
906	 0.479338496923447 
907	 0.479751765727997 
908	 0.480207234621048 
909	 0.480647444725037 
910	 0.481064796447754 
911	 0.481562793254852 
912	 0.482030063867569 
913	 0.482306182384491 
914	 0.482446640729904 
915	 0.482951939105988 
916	 0.483447939157486 
917	 0.483735799789429 
918	 0.483902275562286 
919	 0.484481424093246 
920	 0.485052585601807 
921	 0.485412031412125 
922	 0.485637098550797 
923	 0.486213862895966 
924	 0.486643880605698 
925	 0.486943811178207 
926	 0.487254619598389 
927	 0.487659603357315 
928	 0.488066107034683 
929	 0.488477140665054 
930	 0.488884598016739 
931	 0.489185839891434 
932	 0.489547222852707 
933	 0.489977657794952 
934	 0.490416377782822 
935	 0.490813851356506 
936	 0.491124004125595 
937	 0.491323381662369 
938	 0.491596251726151 
939	 0.492382198572159 
940	 0.492421746253967 
941	 0.492508232593536 
942	 0.493078112602234 
943	 0.493258714675903 
944	 0.493539899587631 
945	 0.494021445512772 
946	 0.494541525840759 
947	 0.494717091321945 
948	 0.494901210069656 
949	 0.495192259550095 
950	 0.495517045259476 
951	 0.495718449354172 
952	 0.495913833379745 
953	 0.496250063180923 
954	 0.496689349412918 
955	 0.49696409702301 
956	 0.497138112783432 
957	 0.497461766004562 
958	 0.497833997011185 
959	 0.497891008853912 
960	 0.498102337121964 
961	 0.498289048671722 
962	 0.498455077409744 
963	 0.498709797859192 
964	 0.498674511909485 
965	 0.498877853155136 
966	 0.499186933040619 
967	 0.499218195676804 
968	 0.499462217092514 
969	 0.499735057353973 
970	 0.500015795230865 
971	 0.500325322151184 
972	 0.500534534454346 
973	 0.500708043575287 
974	 0.500820875167847 
975	 0.500893473625183 
976	 0.501056551933289 
977	 0.501361846923828 
978	 0.50141453742981 
979	 0.501214027404785 
980	 0.501627564430237 
981	 0.501901924610138 
982	 0.502115309238434 
983	 0.502469897270203 
984	 0.503024995326996 
985	 0.502950489521027 
986	 0.502872586250305 
987	 0.503079950809479 
988	 0.50335431098938 
989	 0.503564298152924 
990	 0.503551781177521 
991	 0.503610074520111 
992	 0.504035890102386 
993	 0.503996014595032 
994	 0.503963053226471 
995	 0.504145860671997 
996	 0.504494249820709 
997	 0.504658639431 
998	 0.50474339723587 
999	 0.504899382591248 
1000	 0.505113363265991 
1001	 0.504437744617462 
1002	 0.50457376241684 
1003	 0.504803955554962 
1004	 0.504981338977814 
1005	 0.50511234998703 
1006	 0.505201280117035 
1007	 0.505216896533966 
1008	 0.505243718624115 
1009	 0.505256354808807 
1010	 0.505292057991028 
1011	 0.50531417131424 
1012	 0.505330383777618 
1013	 0.505271017551422 
1014	 0.505345702171326 
1015	 0.505683839321136 
1016	 0.505837380886078 
1017	 0.506105720996857 
1018	 0.506381392478943 
1019	 0.506646692752838 
1020	 0.506898045539856 
1021	 0.507037699222565 
1022	 0.507168531417847 
1023	 0.507326245307922 
1024	 0.507312595844269 
1025	 0.507357001304626 
1026	 0.507442712783813 
1027	 0.507575929164886 
1028	 0.507620930671692 
1029	 0.507959187030792 
1030	 0.508175313472748 
1031	 0.508349418640137 
1032	 0.50844395160675 
1033	 0.508394062519073 
1034	 0.508490920066834 
1035	 0.508709311485291 
1036	 0.508843421936035 
1037	 0.508906066417694 
1038	 0.509097874164581 
1039	 0.509395956993103 
1040	 0.509546875953674 
1041	 0.509775817394257 
1042	 0.509907305240631 
1043	 0.509916067123413 
1044	 0.509828925132751 
1045	 0.509898364543915 
1046	 0.509785413742065 
1047	 0.509835302829742 
1048	 0.509920477867126 
1049	 0.510096192359924 
1050	 0.51044237613678 
1051	 0.510586142539978 
1052	 0.510666370391846 
1053	 0.51077789068222 
1054	 0.510703027248383 
1055	 0.510897517204285 
1056	 0.51142144203186 
1057	 0.511631727218628 
1058	 0.511792659759521 
1059	 0.511915385723114 
1060	 0.511969327926636 
1061	 0.511977255344391 
1062	 0.512044489383698 
1063	 0.512260437011719 
1064	 0.512315154075623 
1065	 0.512118995189667 
1066	 0.512315154075623 
1067	 0.512742459774017 
1068	 0.513006508350372 
1069	 0.513521790504456 
1070	 0.513697922229767 
1071	 0.513561189174652 
1072	 0.5135777592659 
1073	 0.513471662998199 
1074	 0.51349014043808 
1075	 0.513766825199127 
1076	 0.513780772686005 
1077	 0.513845562934875 
1078	 0.513882458209991 
1079	 0.514028131961823 
1080	 0.514216184616089 
1081	 0.514277875423431 
1082	 0.514310956001282 
1083	 0.514466047286987 
1084	 0.514498054981232 
1085	 0.514680325984955 
1086	 0.515258610248566 
1087	 0.515460193157196 
1088	 0.515353977680206 
1089	 0.515447616577148 
1090	 0.515326321125031 
1091	 0.51545524597168 
1092	 0.515661120414734 
1093	 0.516182720661163 
1094	 0.516329705715179 
1095	 0.516357958316803 
1096	 0.516495645046234 
1097	 0.516536474227905 
1098	 0.516629815101624 
1099	 0.51692533493042 
1100	 0.51702743768692 
1101	 0.516900956630707 
1102	 0.516971528530121 
1103	 0.517074942588806 
1104	 0.51722651720047 
1105	 0.517629444599152 
1106	 0.517828643321991 
1107	 0.517964541912079 
1108	 0.518029570579529 
1109	 0.518068969249725 
1110	 0.517977654933929 
1111	 0.517950713634491 
1112	 0.517852008342743 
1113	 0.517900884151459 
1114	 0.517958641052246 
1115	 0.518105626106262 
1116	 0.518550634384155 
1117	 0.518658757209778 
1118	 0.518555581569672 
1119	 0.518589377403259 
1120	 0.518483221530914 
1121	 0.518462121486664 
1122	 0.518600702285767 
1123	 0.518718183040619 
1124	 0.51868748664856 
1125	 0.518534004688263 
1126	 0.518534004688263 
1127	 0.518564522266388 
1128	 0.518522381782532 
1129	 0.51850414276123 
1130	 0.518490552902222 
1131	 0.518384635448456 
1132	 0.518348157405853 
1133	 0.518481552600861 
1134	 0.518472254276276 
1135	 0.518349766731262 
1136	 0.518286049365997 
1137	 0.518148839473724 
1138	 0.518102765083313 
1139	 0.518148183822632 
1140	 0.518208980560303 
1141	 0.518199026584625 
1142	 0.518212735652924 
1143	 0.518210887908936 
1144	 0.518119156360626 
1145	 0.518094420433044 
1146	 0.518160998821259 
1147	 0.518098175525665 
1148	 0.517949044704437 
1149	 0.51787143945694 
1150	 0.517815768718719 
1151	 0.51768547296524 
1152	 0.51746666431427 
1153	 0.517376363277435 
1154	 0.517281889915466 
1155	 0.517209589481354 
1156	 0.517226278781891 
1157	 0.517371237277985 
1158	 0.517280459403992 
1159	 0.517108500003815 
1160	 0.51704740524292 
1161	 0.516999125480652 
1162	 0.516902446746826 
1163	 0.516842365264893 
1164	 0.516752958297729 
1165	 0.516555964946747 
1166	 0.516405940055847 
1167	 0.516237556934357 
1168	 0.516160070896149 
1169	 0.516155302524567 
1170	 0.516100525856018 
1171	 0.51620078086853 
1172	 0.516124486923218 
1173	 0.515876591205597 
1174	 0.515602171421051 
1175	 0.515528380870819 
1176	 0.515415787696838 
1177	 0.515319585800171 
1178	 0.5153888463974 
1179	 0.515308797359467 
1180	 0.515070557594299 
1181	 0.514969766139984 
1182	 0.514964938163757 
1183	 0.514851629734039 
1184	 0.51469624042511 
1185	 0.51454097032547 
1186	 0.514298737049103 
1187	 0.51413494348526 
1188	 0.514115214347839 
1189	 0.513992846012115 
1190	 0.513769924640656 
1191	 0.513650178909302 
1192	 0.513780415058136 
1193	 0.513626754283905 
1194	 0.513499557971954 
1195	 0.513520956039429 
1196	 0.513413190841675 
1197	 0.513075530529022 
1198	 0.51302969455719 
1199	 0.513192176818848 
1200	 0.513173401355743 
1201	 0.51318097114563 
1202	 0.513136506080627 
1203	 0.512943804264069 
1204	 0.512875258922577 
1205	 0.512887299060822 
1206	 0.512879312038422 
1207	 0.512895941734314 
1208	 0.512906193733215 
1209	 0.51290088891983 
1210	 0.512940049171448 
1211	 0.512848019599915 
1212	 0.512883961200714 
1213	 0.513062477111816 
1214	 0.513120174407959 
1215	 0.513268649578094 
1216	 0.513538956642151 
1217	 0.513724982738495 
1218	 0.513821661472321 
1219	 0.51404881477356 
1220	 0.514334499835968 
1221	 0.514632880687714 
1222	 0.515048325061798 
1223	 0.515341341495514 
1224	 0.515548408031464 
1225	 0.515819132328033 
1226	 0.516086995601654 
1227	 0.516337752342224 
1228	 0.516637563705444 
1229	 0.516874372959137 
1230	 0.516913890838623 
1231	 0.517034530639648 
1232	 0.517261028289795 
1233	 0.517439842224121 
1234	 0.517657518386841 
1235	 0.517845988273621 
1236	 0.51792985200882 
1237	 0.518097400665283 
1238	 0.51823616027832 
1239	 0.518394351005554 
1240	 0.518546283245087 
1241	 0.518707513809204 
1242	 0.518819868564606 
1243	 0.518918454647064 
1244	 0.519064605236053 
1245	 0.519151389598846 
1246	 0.519305646419525 
1247	 0.519583761692047 
1248	 0.519787788391113 
1249	 0.519781291484833 
1250	 0.519693672657013 
1251	 0.519574999809265 
1252	 0.519591093063354 
1253	 0.519835829734802 
1254	 0.520025134086609 
1255	 0.520030915737152 
1256	 0.519972562789917 
1257	 0.519961297512054 
1258	 0.52010315656662 
1259	 0.520167410373688 
1260	 0.520359754562378 
1261	 0.520406723022461 
1262	 0.520263910293579 
1263	 0.520271837711334 
1264	 0.520379185676575 
1265	 0.520443141460419 
1266	 0.52056348323822 
1267	 0.520601570606232 
1268	 0.520598590373993 
1269	 0.520537853240967 
1270	 0.520526349544525 
1271	 0.520579159259796 
1272	 0.52063000202179 
1273	 0.520727813243866 
1274	 0.520795881748199 
1275	 0.520743191242218 
1276	 0.520693719387054 
1277	 0.520731210708618 
1278	 0.520872890949249 
1279	 0.52098137140274 
1280	 0.521076381206512 
1281	 0.521172165870667 
1282	 0.521193861961365 
1283	 0.521011352539063 
1284	 0.521013021469116 
1285	 0.521117269992828 
1286	 0.521154582500458 
1287	 0.521176338195801 
1288	 0.521224081516266 
1289	 0.521294295787811 
1290	 0.521235764026642 
1291	 0.521163284778595 
1292	 0.521271705627441 
1293	 0.5212442278862 
1294	 0.521100342273712 
1295	 0.521147131919861 
1296	 0.521268665790558 
1297	 0.521318674087524 
1298	 0.521238148212433 
1299	 0.521097183227539 
1300	 0.520964562892914 
1301	 0.520870864391327 
1302	 0.520964682102203 
1303	 0.521066784858704 
1304	 0.520937263965607 
1305	 0.520896077156067 
1306	 0.520846605300903 
1307	 0.520915329456329 
1308	 0.521078824996948 
1309	 0.521194934844971 
1310	 0.521363139152527 
1311	 0.521399676799774 
1312	 0.521351933479309 
1313	 0.521341025829315 
1314	 0.521261096000671 
1315	 0.521220624446869 
1316	 0.521263659000397 
1317	 0.521267533302307 
1318	 0.521229684352875 
1319	 0.521243751049042 
1320	 0.521287798881531 
1321	 0.521223068237305 
1322	 0.521176934242249 
1323	 0.521110475063324 
1324	 0.520893096923828 
1325	 0.520680904388428 
1326	 0.520530104637146 
1327	 0.520401358604431 
1328	 0.520185232162476 
1329	 0.519960105419159 
1330	 0.51979273557663 
1331	 0.519680321216583 
1332	 0.519399642944336 
1333	 0.519097805023193 
1334	 0.518875896930695 
1335	 0.518522262573242 
1336	 0.51825362443924 
1337	 0.518262505531311 
1338	 0.518005549907684 
1339	 0.51755952835083 
1340	 0.517116844654083 
1341	 0.516808807849884 
1342	 0.516521215438843 
1343	 0.516250371932983 
1344	 0.515985310077667 
1345	 0.515593647956848 
1346	 0.515123188495636 
1347	 0.514744162559509 
1348	 0.514464914798737 
1349	 0.514178216457367 
1350	 0.513915538787842 
1351	 0.513669669628143 
1352	 0.513369023799896 
1353	 0.512951195240021 
1354	 0.512440919876099 
1355	 0.512000322341919 
1356	 0.511609852313995 
1357	 0.511227786540985 
1358	 0.510855257511139 
1359	 0.510493099689484 
1360	 0.510068595409393 
1361	 0.509690582752228 
1362	 0.509372055530548 
1363	 0.509059846401215 
1364	 0.508741676807404 
1365	 0.508411526679993 
1366	 0.508081257343292 
1367	 0.50779527425766 
1368	 0.507423520088196 
1369	 0.507135331630707 
1370	 0.506936490535736 
1371	 0.506623327732086 
1372	 0.506353914737701 
1373	 0.506148993968964 
1374	 0.505823791027069 
1375	 0.505529880523682 
1376	 0.505298495292664 
1377	 0.505007565021515 
1378	 0.504696547985077 
1379	 0.504420340061188 
1380	 0.504117548465729 
1381	 0.503650307655334 
1382	 0.503141045570374 
1383	 0.502751588821411 
1384	 0.502348959445953 
1385	 0.501946985721588 
1386	 0.501583635807037 
1387	 0.501064479351044 
1388	 0.500546038150787 
1389	 0.499971061944962 
1390	 0.499436736106873 
1391	 0.49892058968544 
1392	 0.498320400714874 
1393	 0.497647404670715 
1394	 0.497001349925995 
1395	 0.496322810649872 
1396	 0.49565714597702 
1397	 0.494955211877823 
1398	 0.494184970855713 
1399	 0.493291705846787 
1400	 0.492340266704559 
1401	 0.491375595331192 
1402	 0.490372270345688 
1403	 0.489300847053528 
1404	 0.488171517848969 
1405	 0.487010806798935 
1406	 0.485767036676407 
1407	 0.48447847366333 
1408	 0.483173429965973 
1409	 0.481805682182312 
1410	 0.480427443981171 
1411	 0.479061901569366 
1412	 0.477646172046661 
1413	 0.476243257522583 
1414	 0.474973529577255 
1415	 0.473657548427582 
1416	 0.472276896238327 
1417	 0.470970034599304 
1418	 0.46966940164566 
1419	 0.468303740024567 
1420	 0.466998010873795 
1421	 0.465777277946472 
1422	 0.464474886655808 
1423	 0.46318519115448 
1424	 0.461926966905594 
1425	 0.460738271474838 
1426	 0.459500312805176 
1427	 0.458369851112366 
1428	 0.457376062870026 
1429	 0.456392645835876 
1430	 0.455432534217834 
1431	 0.454523146152496 
1432	 0.453674107789993 
1433	 0.452772527933121 
1434	 0.451947689056396 
1435	 0.45124962925911 
1436	 0.450551480054855 
1437	 0.449891060590744 
1438	 0.449272990226746 
1439	 0.448596566915512 
1440	 0.4480319917202 
1441	 0.447578430175781 
1442	 0.447018325328827 
1443	 0.446509450674057 
1444	 0.446112841367722 
1445	 0.445596575737 
1446	 0.445136249065399 
1447	 0.444744557142258 
1448	 0.444278448820114 
1449	 0.443886399269104 
1450	 0.443590670824051 
1451	 0.443349123001099 
1452	 0.443083047866821 
1453	 0.442720055580139 
1454	 0.44233301281929 
1455	 0.441963106393814 
1456	 0.44168159365654 
1457	 0.441466331481934 
1458	 0.441247254610062 
1459	 0.441055059432983 
1460	 0.440773725509644 
1461	 0.440466076135635 
1462	 0.440286934375763 
1463	 0.440051913261414 
1464	 0.439806550741196 
1465	 0.43959504365921 
1466	 0.439380466938019 
1467	 0.439098685979843 
1468	 0.438890337944031 
1469	 0.438697725534439 
1470	 0.438508242368698 
1471	 0.438331961631775 
1472	 0.438219517469406 
1473	 0.43816938996315 
1474	 0.43804469704628 
1475	 0.437964618206024 
1476	 0.437782347202301 
1477	 0.437574476003647 
1478	 0.437634885311127 
1479	 0.437722951173782 
1480	 0.437680125236511 
1481	 0.437644571065903 
1482	 0.437491029500961 
1483	 0.437278836965561 
1484	 0.437228888273239 
1485	 0.437267154455185 
1486	 0.437305897474289 
1487	 0.437320381402969 
1488	 0.437351614236832 
1489	 0.437400966882706 
1490	 0.437412619590759 
1491	 0.437472939491272 
1492	 0.437570661306381 
1493	 0.437681585550308 
1494	 0.437858164310455 
1495	 0.438060313463211 
1496	 0.438299000263214 
1497	 0.438390493392944 
1498	 0.438424706459045 
1499	 0.43866753578186 
1500	 0.438883930444717 
1501	 0.439101129770279 
1502	 0.439422518014908 
1503	 0.439609408378601 
1504	 0.439639329910278 
1505	 0.439792543649673 
1506	 0.440089166164398 
1507	 0.440260797739029 
1508	 0.440411150455475 
1509	 0.440560758113861 
1510	 0.440684169530869 
1511	 0.440835386514664 
1512	 0.441002905368805 
1513	 0.441155791282654 
1514	 0.441165894269943 
1515	 0.441245675086975 
1516	 0.441435843706131 
1517	 0.441582888364792 
1518	 0.44177570939064 
1519	 0.441965878009796 
1520	 0.442140460014343 
1521	 0.442294895648956 
1522	 0.442471563816071 
1523	 0.442587673664093 
1524	 0.442614376544952 
1525	 0.442732721567154 
1526	 0.442898631095886 
1527	 0.443009734153748 
1528	 0.443186104297638 
1529	 0.443263500928879 
1530	 0.4432253241539 
1531	 0.443271845579147 
1532	 0.443309515714645 
1533	 0.443286001682281 
1534	 0.443276852369308 
1535	 0.443273156881332 
1536	 0.443207710981369 
1537	 0.443224906921387 
1538	 0.443394154310226 
1539	 0.443539291620255 
1540	 0.443581491708755 
1541	 0.44357568025589 
1542	 0.443559378385544 
1543	 0.443561434745789 
1544	 0.44354259967804 
1545	 0.443665444850922 
1546	 0.443767875432968 
1547	 0.443652510643005 
1548	 0.443683981895447 
1549	 0.443865239620209 
1550	 0.443923860788345 
1551	 0.443913012742996 
1552	 0.443892061710358 
1553	 0.443816304206848 
1554	 0.443783611059189 
1555	 0.443887263536453 
1556	 0.443955451250076 
1557	 0.44395038485527 
1558	 0.444009840488434 
1559	 0.443996489048004 
1560	 0.44394114613533 
1561	 0.44404610991478 
1562	 0.444059669971466 
1563	 0.443967550992966 
1564	 0.44400343298912 
1565	 0.444020807743073 
1566	 0.444013714790344 
1567	 0.44398507475853 
1568	 0.443863213062286 
1569	 0.443860769271851 
1570	 0.443899124860764 
1571	 0.443949073553085 
1572	 0.444083720445633 
1573	 0.444088369607925 
1574	 0.444099754095078 
1575	 0.444165229797363 
1576	 0.444222062826157 
1577	 0.444266706705093 
1578	 0.444219946861267 
1579	 0.444271236658096 
1580	 0.444316446781158 
1581	 0.44429612159729 
1582	 0.444369226694107 
1583	 0.444331735372543 
1584	 0.444323062896729 
1585	 0.444536477327347 
1586	 0.444669663906097 
1587	 0.444716989994049 
1588	 0.444891482591629 
1589	 0.445028573274612 
1590	 0.445022791624069 
1591	 0.445121318101883 
1592	 0.445294737815857 
1593	 0.445329129695892 
1594	 0.445458203554153 
1595	 0.445767283439636 
1596	 0.445906728506088 
1597	 0.446036458015442 
1598	 0.446296006441116 
1599	 0.446330428123474 
1600	 0.44645169377327 
1601	 0.446817249059677 
1602	 0.446973145008087 
1603	 0.447142660617828 
1604	 0.44733327627182 
1605	 0.447346150875092 
1606	 0.447577297687531 
1607	 0.447891563177109 
1608	 0.448017150163651 
1609	 0.448175638914108 
1610	 0.448338538408279 
1611	 0.448390275239944 
1612	 0.448507964611053 
1613	 0.44866481423378 
1614	 0.448765248060226 
1615	 0.448891788721085 
1616	 0.449100017547607 
1617	 0.449337244033813 
1618	 0.449457138776779 
1619	 0.449545592069626 
1620	 0.449526071548462 
1621	 0.449404895305634 
1622	 0.449559837579727 
1623	 0.449761569499969 
1624	 0.449937701225281 
1625	 0.450216233730316 
1626	 0.450250864028931 
1627	 0.450192034244537 
1628	 0.450319409370422 
1629	 0.450364887714386 
1630	 0.450397521257401 
1631	 0.450545102357864 
1632	 0.450592964887619 
1633	 0.450642108917236 
1634	 0.450648456811905 
1635	 0.450516819953918 
1636	 0.450386017560959 
1637	 0.450289785861969 
1638	 0.450304746627808 
1639	 0.450396239757538 
1640	 0.450495660305023 
1641	 0.450518816709518 
1642	 0.450450509786606 
1643	 0.4503553211689 
1644	 0.450297117233276 
1645	 0.450307548046112 
1646	 0.450307995080948 
1647	 0.450302362442017 
1648	 0.450271099805832 
1649	 0.450162559747696 
1650	 0.450005739927292 
1651	 0.449864208698273 
1652	 0.44974821805954 
1653	 0.449592620134354 
1654	 0.449498921632767 
1655	 0.449373126029968 
1656	 0.449073404073715 
1657	 0.448802083730698 
1658	 0.448503315448761 
1659	 0.448230177164078 
1660	 0.448027610778809 
1661	 0.44773331284523 
1662	 0.447401314973831 
1663	 0.447123169898987 
1664	 0.446798324584961 
1665	 0.446436554193497 
1666	 0.446222573518753 
1667	 0.445884853601456 
1668	 0.445427566766739 
1669	 0.445158511400223 
1670	 0.444774091243744 
1671	 0.444249451160431 
1672	 0.443830579519272 
1673	 0.443371385335922 
1674	 0.442840397357941 
1675	 0.442398577928543 
1676	 0.4420385658741 
1677	 0.441682189702988 
1678	 0.441413521766663 
1679	 0.441034257411957 
1680	 0.440633922815323 
1681	 0.440145283937454 
1682	 0.439412266016006 
1683	 0.438885509967804 
1684	 0.438517242670059 
1685	 0.437943518161774 
1686	 0.437360048294067 
1687	 0.436788558959961 
1688	 0.436046749353409 
1689	 0.43539571762085 
1690	 0.434863090515137 
1691	 0.434256166219711 
1692	 0.433560162782669 
1693	 0.433018863201141 
1694	 0.432711988687515 
1695	 0.43211305141449 
1696	 0.431327849626541 
1697	 0.43069663643837 
1698	 0.429916828870773 
1699	 0.429304748773575 
1700	 0.428994864225388 
1701	 0.428462982177734 
1702	 0.427806049585342 
1703	 0.427213311195374 
1704	 0.426613867282867 
1705	 0.426021635532379 
1706	 0.425446033477783 
1707	 0.424859672784805 
1708	 0.424240171909332 
1709	 0.423653483390808 
1710	 0.423134446144104 
1711	 0.422496974468231 
1712	 0.421819388866425 
1713	 0.421140164136887 
1714	 0.420369923114777 
1715	 0.419692873954773 
1716	 0.419100791215897 
1717	 0.418413907289505 
1718	 0.417705446481705 
1719	 0.417034924030304 
1720	 0.416329592466354 
1721	 0.41564604640007 
1722	 0.415008693933487 
1723	 0.41437354683876 
1724	 0.413682818412781 
1725	 0.413141191005707 
1726	 0.412639111280441 
1727	 0.412332445383072 
1728	 0.412138402462006 
1729	 0.412078738212585 
1730	 0.412225008010864 
1731	 0.412247389554977 
1732	 0.412442624568939 
1733	 0.412783861160278 
1734	 0.413089007139206 
1735	 0.41382572054863 
1736	 0.414370119571686 
1737	 0.414833426475525 
1738	 0.415333986282349 
1739	 0.415770828723907 
1740	 0.416166871786118 
1741	 0.416695863008499 
1742	 0.417017817497253 
1743	 0.417131364345551 
1744	 0.417266339063644 
1745	 0.417324662208557 
1746	 0.417321652173996 
1747	 0.417230248451233 
1748	 0.417191863059998 
1749	 0.417098164558411 
1750	 0.417027235031128 
1751	 0.41707044839859 
1752	 0.417015880346298 
1753	 0.416889160871506 
1754	 0.416747331619263 
1755	 0.416545778512955 
1756	 0.416367769241333 
1757	 0.416180610656738 
1758	 0.415990680456162 
1759	 0.415792554616928 
1760	 0.415626168251038 
1761	 0.415419608354568 
1762	 0.415328949689865 
1763	 0.415285885334015 
1764	 0.415351063013077 
1765	 0.415524184703827 
1766	 0.415717154741287 
1767	 0.415979444980621 
1768	 0.416274070739746 
1769	 0.416664183139801 
1770	 0.416915416717529 
1771	 0.417139768600464 
1772	 0.417393267154694 
1773	 0.417591959238052 
1774	 0.417927592992783 
1775	 0.418139636516571 
1776	 0.418196350336075 
1777	 0.418179482221603 
1778	 0.418105363845825 
1779	 0.418107658624649 
1780	 0.418333053588867 
1781	 0.418477386236191 
1782	 0.418691903352737 
1783	 0.418850779533386 
1784	 0.418912619352341 
1785	 0.419001251459122 
1786	 0.419039815664291 
1787	 0.419133722782135 
1788	 0.419301807880402 
1789	 0.419427543878555 
1790	 0.419663846492767 
1791	 0.419694542884827 
1792	 0.419522494077683 
1793	 0.419444233179092 
1794	 0.419252008199692 
1795	 0.419202864170074 
1796	 0.419270396232605 
1797	 0.419272899627686 
1798	 0.419318705797195 
1799	 0.419281840324402 
1800	 0.419157147407532 
1801	 0.419199764728546 
1802	 0.419267266988754 
1803	 0.419307768344879 
1804	 0.41947990655899 
1805	 0.419403225183487 
1806	 0.419381618499756 
1807	 0.419423758983612 
1808	 0.41935658454895 
1809	 0.41932338476181 
1810	 0.419291883707047 
1811	 0.419300109148026 
1812	 0.41925710439682 
1813	 0.419081896543503 
1814	 0.419013917446136 
1815	 0.41896715760231 
1816	 0.418951362371445 
1817	 0.419317543506622 
1818	 0.41938254237175 
1819	 0.41917896270752 
1820	 0.419206738471985 
1821	 0.419152319431305 
1822	 0.419181853532791 
1823	 0.419520050287247 
1824	 0.419636785984039 
1825	 0.419686943292618 
1826	 0.419664949178696 
1827	 0.419425010681152 
1828	 0.41942086815834 
1829	 0.419522970914841 
1830	 0.419513523578644 
1831	 0.419184446334839 
1832	 0.419326812028885 
1833	 0.419605165719986 
1834	 0.419706463813782 
1835	 0.419724464416504 
1836	 0.419772297143936 
1837	 0.419732481241226 
1838	 0.419890761375427 
1839	 0.42017737030983 
1840	 0.420067638158798 
1841	 0.419938802719116 
1842	 0.42022517323494 
1843	 0.420321047306061 
1844	 0.420267194509506 
1845	 0.420350849628448 
1846	 0.420663207769394 
1847	 0.420674085617065 
1848	 0.420457541942596 
1849	 0.420510798692703 
1850	 0.420506983995438 
1851	 0.420436829328537 
1852	 0.420393228530884 
1853	 0.420373290777206 
1854	 0.420362591743469 
1855	 0.420392423868179 
1856	 0.420260697603226 
1857	 0.420109033584595 
1858	 0.419888108968735 
1859	 0.419560819864273 
1860	 0.419290512800217 
1861	 0.418979167938232 
1862	 0.41867795586586 
1863	 0.418402284383774 
1864	 0.4179767370224 
1865	 0.417731374502182 
1866	 0.417669087648392 
1867	 0.417578756809235 
1868	 0.417353749275208 
1869	 0.416682809591293 
1870	 0.415564715862274 
1871	 0.414669692516327 
1872	 0.413920283317566 
1873	 0.413077026605606 
1874	 0.412198901176453 
1875	 0.411483108997345 
1876	 0.410498917102814 
1877	 0.409318953752518 
1878	 0.408061265945435 
1879	 0.406835287809372 
1880	 0.40551769733429 
1881	 0.404199838638306 
1882	 0.402987867593765 
1883	 0.401441037654877 
1884	 0.399703592061996 
1885	 0.397929668426514 
1886	 0.395982086658478 
1887	 0.393835812807083 
1888	 0.391711533069611 
1889	 0.389463245868683 
1890	 0.387112408876419 
1891	 0.384654730558395 
1892	 0.382110357284546 
1893	 0.379743933677673 
1894	 0.376961946487427 
1895	 0.373880624771118 
1896	 0.371097177267075 
1897	 0.368429511785507 
1898	 0.365619450807571 
1899	 0.36285611987114 
1900	 0.360174268484116 
1901	 0.357195645570755 
1902	 0.354185253381729 
1903	 0.351455271244049 
1904	 0.348700702190399 
1905	 0.345847696065903 
1906	 0.34325498342514 
1907	 0.340669006109238 
1908	 0.338037431240082 
1909	 0.335439532995224 
1910	 0.333206295967102 
1911	 0.331001460552216 
1912	 0.328912883996964 
1913	 0.32720085978508 
1914	 0.325498312711716 
1915	 0.323745757341385 
1916	 0.322132498025894 
1917	 0.320698738098145 
1918	 0.31932407617569 
1919	 0.318188816308975 
1920	 0.316912293434143 
1921	 0.315544813871384 
1922	 0.31446048617363 
1923	 0.313386350870132 
1924	 0.312447607517242 
1925	 0.31181213259697 
1926	 0.310886412858963 
1927	 0.309866815805435 
1928	 0.309150993824005 
1929	 0.308463394641876 
1930	 0.307830423116684 
1931	 0.307233095169067 
1932	 0.306846290826797 
1933	 0.306558161973953 
1934	 0.306212723255157 
1935	 0.305938720703125 
1936	 0.305794358253479 
1937	 0.305698275566101 
1938	 0.305659502744675 
1939	 0.305773586034775 
1940	 0.305854052305222 
1941	 0.305964916944504 
1942	 0.30593079328537 
1943	 0.306085526943207 
1944	 0.306344389915466 
1945	 0.306600034236908 
1946	 0.307019531726837 
1947	 0.307386547327042 
1948	 0.307650715112686 
1949	 0.308092147111893 
1950	 0.308468490839005 
1951	 0.308795481920242 
1952	 0.309200316667557 
1953	 0.309656977653503 
1954	 0.310070127248764 
1955	 0.310681074857712 
1956	 0.311465293169022 
1957	 0.312090188264847 
1958	 0.312615573406219 
1959	 0.312985837459564 
1960	 0.313253164291382 
1961	 0.313746601343155 
1962	 0.314164578914642 
1963	 0.314693540334702 
1964	 0.315408498048782 
1965	 0.316015839576721 
1966	 0.316563695669174 
1967	 0.317334413528442 
1968	 0.317901879549026 
1969	 0.318146765232086 
1970	 0.318513989448547 
1971	 0.318915128707886 
1972	 0.31948447227478 
1973	 0.320214986801147 
1974	 0.320763260126114 
1975	 0.321206271648407 
1976	 0.321694254875183 
1977	 0.322079420089722 
1978	 0.322636723518372 
1979	 0.323292970657349 
1980	 0.323720514774323 
1981	 0.324274957180023 
1982	 0.324819207191467 
1983	 0.325223177671433 
1984	 0.326050937175751 
1985	 0.326728671789169 
1986	 0.32705295085907 
1987	 0.327751576900482 
1988	 0.328254222869873 
1989	 0.328658044338226 
1990	 0.328927665948868 
1991	 0.329581171274185 
1992	 0.330082535743713 
1993	 0.330541729927063 
1994	 0.331185966730118 
1995	 0.331659913063049 
1996	 0.331921637058258 
1997	 0.332228779792786 
1998	 0.33278214931488 
1999	 0.333307027816772 
2000	 0.333661049604416 
2001	 0.334020584821701 
2002	 0.334426254034042 
2003	 0.3348129093647 
2004	 0.33521369099617 
2005	 0.335434675216675 
2006	 0.335460424423218 
2007	 0.335400313138962 
2008	 0.335417628288269 
2009	 0.335687130689621 
2010	 0.336034715175629 
2011	 0.33616778254509 
2012	 0.336322247982025 
2013	 0.336464107036591 
2014	 0.336603164672852 
2015	 0.336781620979309 
2016	 0.337175995111465 
2017	 0.337173372507095 
2018	 0.336978584527969 
2019	 0.336704224348068 
2020	 0.336520195007324 
2021	 0.336443603038788 
2022	 0.336080104112625 
2023	 0.335877627134323 
2024	 0.33586910367012 
2025	 0.335529059171677 
2026	 0.335318118333817 
2027	 0.335198253393173 
2028	 0.334754645824432 
2029	 0.333692342042923 
2030	 0.333181381225586 
2031	 0.332809597253799 
2032	 0.332380950450897 
2033	 0.3320552110672 
2034	 0.331845819950104 
2035	 0.331405103206635 
2036	 0.330836951732636 
2037	 0.330385237932205 
2038	 0.329989701509476 
2039	 0.329615026712418 
2040	 0.32920378446579 
2041	 0.328626245260239 
2042	 0.32790619134903 
2043	 0.327261000871658 
2044	 0.326464235782623 
2045	 0.32583624124527 
2046	 0.325423955917358 
2047	 0.324818551540375 
2048	 0.324049681425095 
2049	 0.323320299386978 
2050	 0.322765439748764 
2051	 0.322407484054565 
2052	 0.32187083363533 
2053	 0.321318626403809 
2054	 0.320802360773087 
2055	 0.320221245288849 
2056	 0.319674342870712 
2057	 0.319122225046158 
2058	 0.318611800670624 
2059	 0.317910343408585 
2060	 0.317322731018066 
2061	 0.316792070865631 
2062	 0.316575735807419 
2063	 0.316079020500183 
2064	 0.315456539392471 
2065	 0.31522011756897 
2066	 0.31475630402565 
2067	 0.314196586608887 
2068	 0.313888072967529 
2069	 0.313444584608078 
2070	 0.313028335571289 
2071	 0.312617570161819 
2072	 0.312099367380142 
2073	 0.311664700508118 
2074	 0.311092168092728 
2075	 0.310805022716522 
2076	 0.310748279094696 
2077	 0.310595065355301 
2078	 0.310579270124435 
2079	 0.310408771038055 
2080	 0.309743762016296 
2081	 0.309385567903519 
2082	 0.309266775846481 
2083	 0.309011876583099 
2084	 0.30907616019249 
2085	 0.309059947729111 
2086	 0.30859512090683 
2087	 0.308148413896561 
2088	 0.307981461286545 
2089	 0.308013677597046 
2090	 0.307850688695908 
2091	 0.30780303478241 
2092	 0.307716727256775 
2093	 0.307512938976288 
2094	 0.307165652513504 
2095	 0.30696439743042 
2096	 0.306773841381073 
2097	 0.306481391191483 
2098	 0.30635666847229 
2099	 0.306437194347382 
2100	 0.306575268507004 
2101	 0.306688547134399 
2102	 0.306619614362717 
2103	 0.306606143712997 
2104	 0.306627124547958 
2105	 0.306527733802795 
2106	 0.306392282247543 
2107	 0.306284815073013 
2108	 0.306098222732544 
2109	 0.306003600358963 
2110	 0.305967628955841 
2111	 0.305878937244415 
2112	 0.305933386087418 
2113	 0.306018114089966 
2114	 0.306217700242996 
2115	 0.30662015080452 
2116	 0.30687415599823 
2117	 0.307026565074921 
2118	 0.307271510362625 
2119	 0.307163685560226 
2120	 0.307136863470078 
2121	 0.307417958974838 
2122	 0.307431757450104 
2123	 0.307473063468933 
2124	 0.307444512844086 
2125	 0.30719730257988 
2126	 0.307184487581253 
2127	 0.307216018438339 
2128	 0.307307034730911 
2129	 0.307585150003433 
2130	 0.307891309261322 
2131	 0.307857781648636 
2132	 0.308239012956619 
2133	 0.308784633874893 
2134	 0.308767527341843 
2135	 0.308810651302338 
2136	 0.308839976787567 
2137	 0.308661818504334 
2138	 0.308828979730606 
2139	 0.30917152762413 
2140	 0.309610635042191 
2141	 0.309957951307297 
2142	 0.310320794582367 
2143	 0.31054824590683 
2144	 0.310592979192734 
2145	 0.310872763395309 
2146	 0.311376243829727 
2147	 0.311646014451981 
2148	 0.311965882778168 
2149	 0.312087088823318 
2150	 0.31196203827858 
2151	 0.311865389347076 
2152	 0.312251210212708 
2153	 0.31252059340477 
2154	 0.312709271907806 
2155	 0.313255935907364 
2156	 0.313403457403183 
2157	 0.31334400177002 
2158	 0.313441544771194 
2159	 0.313327193260193 
2160	 0.313468545675278 
2161	 0.313886880874634 
2162	 0.314202636480331 
2163	 0.31461963057518 
2164	 0.315049231052399 
2165	 0.315551728010178 
2166	 0.315753042697906 
2167	 0.315821290016174 
2168	 0.316059470176697 
2169	 0.316101580858231 
2170	 0.3161940574646 
2171	 0.316618025302887 
2172	 0.317076623439789 
2173	 0.317592620849609 
2174	 0.317575067281723 
2175	 0.317602068185806 
2176	 0.317942947149277 
2177	 0.317934602499008 
2178	 0.318208992481232 
2179	 0.318424910306931 
2180	 0.318372577428818 
2181	 0.318595796823502 
2182	 0.318697035312653 
2183	 0.318860560655594 
2184	 0.319423228502274 
2185	 0.319651752710342 
2186	 0.319428592920303 
2187	 0.319743603467941 
2188	 0.320355951786041 
2189	 0.320544421672821 
2190	 0.320758193731308 
2191	 0.321164667606354 
2192	 0.321512341499329 
2193	 0.321702361106873 
2194	 0.32213819026947 
2195	 0.322350651025772 
2196	 0.321974098682404 
2197	 0.321745008230209 
2198	 0.32190003991127 
2199	 0.321882575750351 
2200	 0.322087556123734 
2201	 0.322431951761246 
2202	 0.322375953197479 
2203	 0.322459369897842 
2204	 0.322792828083038 
2205	 0.322895735502243 
2206	 0.323087275028229 
2207	 0.323398321866989 
2208	 0.323475778102875 
2209	 0.323702067136765 
2210	 0.323863416910172 
2211	 0.324104964733124 
2212	 0.324140071868896 
2213	 0.324037879705429 
2214	 0.32404488325119 
2215	 0.324029684066772 
2216	 0.324043810367584 
2217	 0.324271500110626 
2218	 0.324083209037781 
2219	 0.32360115647316 
2220	 0.323269218206406 
2221	 0.322769969701767 
2222	 0.322710156440735 
2223	 0.322910726070404 
2224	 0.322538286447525 
2225	 0.322237432003021 
2226	 0.321734130382538 
2227	 0.320686310529709 
2228	 0.320194095373154 
2229	 0.320153266191483 
2230	 0.319666147232056 
2231	 0.319097936153412 
2232	 0.318660527467728 
2233	 0.317960381507874 
2234	 0.317300796508789 
2235	 0.316525995731354 
2236	 0.315600991249084 
2237	 0.314731478691101 
2238	 0.313589692115784 
2239	 0.312557250261307 
2240	 0.311732798814774 
2241	 0.310806810855865 
2242	 0.309810012578964 
2243	 0.308788865804672 
2244	 0.3078573346138 
2245	 0.306615561246872 
2246	 0.305187851190567 
2247	 0.303640455007553 
2248	 0.302181422710419 
2249	 0.300911873579025 
2250	 0.300001472234726 
2251	 0.299095749855042 
2252	 0.297485858201981 
2253	 0.296094685792923 
2254	 0.294844925403595 
2255	 0.29321825504303 
2256	 0.291872382164001 
2257	 0.290481001138687 
2258	 0.288987666368485 
2259	 0.287665843963623 
2260	 0.286437600851059 
2261	 0.285181254148483 
2262	 0.28338348865509 
2263	 0.28174689412117 
2264	 0.281035453081131 
2265	 0.28019842505455 
2266	 0.279125511646271 
2267	 0.278187125921249 
2268	 0.276833146810532 
2269	 0.275433987379074 
2270	 0.274621993303299 
2271	 0.273922920227051 
2272	 0.273225754499435 
2273	 0.272690296173096 
2274	 0.271957695484161 
2275	 0.270999997854233 
2276	 0.2703697681427 
2277	 0.269780874252319 
2278	 0.269215941429138 
2279	 0.268991053104401 
2280	 0.268632858991623 
2281	 0.268245458602905 
2282	 0.267537772655487 
2283	 0.266758769750595 
2284	 0.266006231307983 
2285	 0.265045970678329 
2286	 0.264258444309235 
2287	 0.263841807842255 
2288	 0.263484388589859 
2289	 0.262957811355591 
2290	 0.262013703584671 
2291	 0.260747939348221 
2292	 0.259560585021973 
2293	 0.258259207010269 
2294	 0.257081061601639 
2295	 0.256682157516479 
2296	 0.256038635969162 
2297	 0.254766166210175 
2298	 0.253460913896561 
2299	 0.251658648252487 
2300	 0.249577030539513 
2301	 0.248341426253319 
2302	 0.247567549347878 
2303	 0.246341153979301 
2304	 0.245198011398315 
2305	 0.244089543819427 
2306	 0.242832824587822 
2307	 0.241824522614479 
2308	 0.24096317589283 
2309	 0.240203306078911 
2310	 0.239622294902802 
2311	 0.239560887217522 
2312	 0.239865526556969 
2313	 0.240434303879738 
2314	 0.241545766592026 
2315	 0.242565423250198 
2316	 0.243064790964127 
2317	 0.244172289967537 
2318	 0.245648816227913 
2319	 0.246673732995987 
2320	 0.248584523797035 
2321	 0.250141173601151 
2322	 0.250358879566193 
2323	 0.251037061214447 
2324	 0.251789510250092 
2325	 0.252382636070251 
2326	 0.253353208303452 
2327	 0.253695607185364 
2328	 0.253618210554123 
2329	 0.253571361303329 
2330	 0.253174513578415 
2331	 0.252360790967941 
2332	 0.252390891313553 
2333	 0.25210577249527 
2334	 0.250797599554062 
2335	 0.250187158584595 
2336	 0.250251173973084 
2337	 0.249494642019272 
2338	 0.249179601669312 
2339	 0.249125212430954 
2340	 0.247574403882027 
2341	 0.246476411819458 
2342	 0.246187582612038 
2343	 0.245407804846764 
2344	 0.245025962591171 
2345	 0.244435951113701 
2346	 0.243191823363304 
2347	 0.242415636777878 
2348	 0.24179695546627 
2349	 0.241130501031876 
2350	 0.240979388356209 
2351	 0.241042330861092 
2352	 0.240942656993866 
2353	 0.240786820650101 
2354	 0.241138532757759 
2355	 0.242037534713745 
2356	 0.242833003401756 
2357	 0.243771106004715 
2358	 0.244413316249847 
2359	 0.244660750031471 
2360	 0.244444996118546 
2361	 0.243760123848915 
2362	 0.243733495473862 
2363	 0.244109600782394 
2364	 0.24489514529705 
2365	 0.245836928486824 
2366	 0.24614329636097 
2367	 0.245680898427963 
2368	 0.244895979762077 
2369	 0.244186699390411 
2370	 0.243894651532173 
2371	 0.243658289313316 
2372	 0.243288099765778 
2373	 0.243944078683853 
2374	 0.244899526238441 
2375	 0.24531078338623 
2376	 0.245434314012527 
2377	 0.244493365287781 
2378	 0.24274243414402 
2379	 0.242144361138344 
2380	 0.242060542106628 
2381	 0.241323441267014 
2382	 0.241459727287292 
2383	 0.241454362869263 
2384	 0.240091025829315 
2385	 0.240146964788437 
2386	 0.240687906742096 
2387	 0.239562377333641 
2388	 0.239274367690086 
2389	 0.239290311932564 
2390	 0.238465338945389 
2391	 0.238234862685204 
2392	 0.238372847437859 
2393	 0.23809614777565 
2394	 0.237738266587257 
2395	 0.23722343146801 
2396	 0.236467808485031 
2397	 0.236795634031296 
2398	 0.23757566511631 
2399	 0.238351404666901 
2400	 0.238456934690475 
2401	 0.236870408058167 
2402	 0.235964119434357 
2403	 0.236086800694466 
2404	 0.235968172550201 
2405	 0.235515683889389 
2406	 0.235276877880096 
2407	 0.234956413507462 
2408	 0.234481438994408 
2409	 0.235065266489983 
2410	 0.235614612698555 
2411	 0.234969526529312 
2412	 0.233796983957291 
2413	 0.233561590313911 
2414	 0.232882753014565 
2415	 0.231442227959633 
2416	 0.230924755334854 
2417	 0.229889556765556 
2418	 0.229155659675598 
2419	 0.229358732700348 
2420	 0.228549778461456 
2421	 0.227588042616844 
2422	 0.227580323815346 
2423	 0.226603299379349 
2424	 0.225921049714088 
2425	 0.225866794586182 
2426	 0.224426656961441 
2427	 0.224016308784485 
2428	 0.223201602697372 
2429	 0.222356736660004 
2430	 0.223575845360756 
2431	 0.222299113869667 
2432	 0.221078902482986 
2433	 0.222220569849014 
2434	 0.22103887796402 
2435	 0.220164269208908 
2436	 0.220639258623123 
2437	 0.2192043364048 
2438	 0.217666894197464 
2439	 0.217464923858643 
2440	 0.217379689216614 
2441	 0.217365801334381 
2442	 0.217388078570366 
2443	 0.215928167104721 
2444	 0.213586673140526 
2445	 0.211061745882034 
2446	 0.209759846329689 
2447	 0.210214197635651 
2448	 0.211630910634995 
2449	 0.213222235441208 
2450	 0.212589204311371 
2451	 0.212136670947075 
2452	 0.210953801870346 
2453	 0.209422379732132 
2454	 0.211047247052193 
2455	 0.211132064461708 
2456	 0.210308387875557 
2457	 0.210308209061623 
2458	 0.207650542259216 
2459	 0.205464437603951 
2460	 0.204443842172623 
2461	 0.203841492533684 
2462	 0.203436180949211 
2463	 0.204327791929245 
2464	 0.203915625810623 
2465	 0.202057898044586 
2466	 0.201826959848404 
2467	 0.201344728469849 
2468	 0.20051571726799 
2469	 0.20096480846405 
2470	 0.201724499464035 
2471	 0.203570753335953 
2472	 0.204363957047462 
2473	 0.204940974712372 
2474	 0.204202651977539 
2475	 0.199984848499298 
2476	 0.198055535554886 
2477	 0.197468101978302 
2478	 0.196303606033325 
2479	 0.199700906872749 
2480	 0.201375931501389 
2481	 0.200133189558983 
2482	 0.200566738843918 
2483	 0.199437484145164 
2484	 0.19748067855835 
2485	 0.197740003466606 
2486	 0.199284672737122 
2487	 0.196518748998642 
2488	 0.194464445114136 
2489	 0.195964872837067 
2490	 0.194632217288017 
2491	 0.195290148258209 
2492	 0.199575945734978 
2493	 0.202541023492813 
2494	 0.202558293938637 
2495	 0.201102659106255 
2496	 0.19881808757782 
2497	 0.193540379405022 
2498	 0.195468872785568 
2499	 0.20049937069416 
2500	 0.197197496891022 
