350	 0.041407223790884 
351	 3.99711839854717E-02 
352	 4.34373430907726E-02 
353	 4.37178164720535E-02 
354	 3.75142842531204E-02 
355	 4.02608178555965E-02 
356	 3.99009957909584E-02 
357	 3.56995835900307E-02 
358	 3.21419239044189E-02 
359	 3.65093760192394E-02 
360	 3.96534875035286E-02 
361	 3.92664335668087E-02 
362	 3.90958711504936E-02 
363	 3.70038226246834E-02 
364	 3.60380299389362E-02 
365	 3.68226356804371E-02 
366	 3.43005768954754E-02 
367	 3.56546305119991E-02 
368	 3.82264368236065E-02 
369	 3.79608348011971E-02 
370	 3.68963517248631E-02 
371	 3.60622331500053E-02 
372	 3.54114845395088E-02 
373	 3.44114303588867E-02 
374	 3.48882861435413E-02 
375	 3.60128320753574E-02 
376	 3.63149419426918E-02 
377	 3.39224115014076E-02 
378	 3.36767919361591E-02 
379	 3.52365933358669E-02 
380	 3.65953631699085E-02 
381	 3.50185185670853E-02 
382	 3.47689464688301E-02 
383	 3.54828834533691E-02 
384	 3.47053483128548E-02 
385	 0.033354576677084 
386	 0.033185787498951 
387	 3.41778993606567E-02 
388	 3.42884138226509E-02 
389	 3.39950211346149E-02 
390	 3.39481681585312E-02 
391	 0.03433558344841 
392	 0.033967912197113 
393	 0.034068126231432 
394	 0.033975288271904 
395	 3.27967628836632E-02 
396	 3.32385860383511E-02 
397	 3.40741239488125E-02 
398	 3.43138016760349E-02 
399	 3.35907302796841E-02 
400	 3.34154441952705E-02 
401	 3.34444902837276E-02 
402	 3.32715921103954E-02 
403	 0.033269576728344 
404	 0.033041700720787 
405	 3.28594706952572E-02 
406	 3.30608710646629E-02 
407	 3.27963531017303E-02 
408	 0.032887626439333 
409	 3.31564135849476E-02 
410	 3.24782133102417E-02 
411	 3.23817692697048E-02 
412	 0.033063430339098 
413	 3.39171513915062E-02 
414	 3.30445468425751E-02 
415	 3.26284095644951E-02 
416	 3.27276401221752E-02 
417	 3.26452292501926E-02 
418	 3.25201600790024E-02 
419	 3.24323251843452E-02 
420	 3.23688425123692E-02 
421	 3.22333984076977E-02 
422	 3.21215875446796E-02 
423	 3.20277959108353E-02 
424	 3.20176407694817E-02 
425	 0.032462302595377 
426	 3.24304699897766E-02 
427	 3.20373177528381E-02 
428	 3.18408459424973E-02 
429	 3.21222878992558E-02 
430	 3.21531891822815E-02 
431	 3.17414365708828E-02 
432	 3.13520170748234E-02 
433	 3.14205177128315E-02 
434	 3.14857997000217E-02 
435	 3.12079451978207E-02 
436	 3.11469808220863E-02 
437	 0.030929597094655 
438	 3.07291653007269E-02 
439	 3.08931767940521E-02 
440	 0.030921958386898 
441	 3.07044051587582E-02 
442	 3.04421186447144E-02 
443	 3.06971557438374E-02 
444	 3.06932665407658E-02 
445	 3.04711293429136E-02 
446	 3.03668882697821E-02 
447	 3.10283284634352E-02 
448	 3.12123186886311E-02 
449	 3.08933462947607E-02 
450	 3.08915935456753E-02 
451	 3.10449749231339E-02 
452	 3.10761108994484E-02 
453	 3.09700425714254E-02 
454	 3.12679298222065E-02 
455	 3.14051657915115E-02 
456	 3.13224792480469E-02 
457	 3.11956088989973E-02 
458	 3.14406082034111E-02 
459	 0.031476229429245 
460	 3.13122645020485E-02 
461	 3.15327942371368E-02 
462	 3.17539051175117E-02 
463	 3.18176969885826E-02 
464	 3.17269414663315E-02 
465	 3.17786447703838E-02 
466	 3.17546501755714E-02 
467	 0.031585905700922 
468	 3.13653610646725E-02 
469	 3.18214930593967E-02 
470	 3.20277027785778E-02 
471	 3.16794812679291E-02 
472	 3.14490050077438E-02 
473	 3.15139032900333E-02 
474	 3.17034423351288E-02 
475	 3.17624323070049E-02 
476	 3.15261073410511E-02 
477	 3.14896740019321E-02 
478	 3.16361524164677E-02 
479	 3.16116586327553E-02 
480	 3.14985997974873E-02 
481	 3.15437018871307E-02 
482	 3.17429639399052E-02 
483	 3.15691269934177E-02 
484	 3.14479134976864E-02 
485	 3.14644649624825E-02 
486	 3.15645411610603E-02 
487	 3.16237397491932E-02 
488	 3.15327011048794E-02 
489	 3.13500501215458E-02 
490	 3.12965214252472E-02 
491	 0.031513586640358 
492	 3.17079909145832E-02 
493	 3.16860117018223E-02 
494	 3.17970439791679E-02 
495	 3.18346135318279E-02 
496	 3.17947342991829E-02 
497	 3.17720547318459E-02 
498	 3.17366048693657E-02 
499	 3.18049415946007E-02 
500	 0.032043531537056 
501	 3.24502773582935E-02 
502	 3.23863551020622E-02 
503	 3.23377661406994E-02 
504	 3.28243263065815E-02 
505	 3.29892784357071E-02 
506	 3.30765061080456E-02 
507	 3.31886559724808E-02 
508	 3.32869850099087E-02 
509	 3.35248112678528E-02 
510	 3.38121801614761E-02 
511	 3.41117233037949E-02 
512	 3.46700809895992E-02 
513	 3.48708480596542E-02 
514	 3.49349491298199E-02 
515	 3.53807844221592E-02 
516	 3.58967483043671E-02 
517	 3.62146869301796E-02 
518	 3.64065617322922E-02 
519	 3.69876362383366E-02 
520	 3.74130718410015E-02 
521	 3.78502644598484E-02 
522	 3.84743101894856E-02 
523	 3.87288182973862E-02 
524	 3.91867011785507E-02 
525	 3.98938059806824E-02 
526	 4.04815562069416E-02 
527	 4.09838706254959E-02 
528	 4.15166392922401E-02 
529	 4.21084277331829E-02 
530	 4.25382666289806E-02 
531	 4.30679060518742E-02 
532	 4.36033718287945E-02 
533	 4.39711287617683E-02 
534	 4.45139221847057E-02 
535	 4.50760871171951E-02 
536	 4.55461330711842E-02 
537	 4.59175519645214E-02 
538	 4.63902316987515E-02 
539	 4.68602739274502E-02 
540	 4.72137369215488E-02 
541	 0.04762002825737 
542	 4.80071902275085E-02 
543	 4.83349338173866E-02 
544	 4.86034043133259E-02 
545	 4.90063577890396E-02 
546	 4.94553856551647E-02 
547	 0.049823809415102 
548	 4.99785803258419E-02 
549	 5.02200685441494E-02 
550	 5.05377985537052E-02 
551	 5.07878996431828E-02 
552	 5.09134195744991E-02 
553	 5.10316453874111E-02 
554	 5.11500723659992E-02 
555	 5.11164963245392E-02 
556	 5.10760061442852E-02 
557	 5.10183684527874E-02 
558	 5.09121939539909E-02 
559	 5.08113838732243E-02 
560	 5.06165027618408E-02 
561	 5.03663122653961E-02 
562	 5.01901209354401E-02 
563	 4.98837381601334E-02 
564	 4.95406724512577E-02 
565	 4.92070019245148E-02 
566	 4.86970320343971E-02 
567	 4.82141003012657E-02 
568	 4.77768890559673E-02 
569	 4.73285987973213E-02 
570	 4.68891002237797E-02 
571	 4.63974215090275E-02 
572	 4.58781532943249E-02 
573	 4.54756133258343E-02 
574	 4.51159849762917E-02 
575	 4.47764657437801E-02 
576	 0.044455498456955 
577	 4.41946499049664E-02 
578	 4.38746884465218E-02 
579	 4.35153655707836E-02 
580	 0.043241810053587 
581	 4.29930165410042E-02 
582	 4.27539236843586E-02 
583	 4.25229892134666E-02 
584	 4.23188470304012E-02 
585	 4.20975163578987E-02 
586	 4.19168286025524E-02 
587	 0.041848361492157 
588	 4.17027026414871E-02 
589	 4.15693446993828E-02 
590	 4.14645932614803E-02 
591	 4.12710644304752E-02 
592	 0.041122455149889 
593	 4.10009697079659E-02 
594	 4.08645682036877E-02 
595	 4.07470539212227E-02 
596	 0.040650375187397 
597	 4.06093671917915E-02 
598	 4.06666435301304E-02 
599	 4.05907593667507E-02 
600	 4.05035130679607E-02 
601	 4.04906570911407E-02 
602	 4.03986983001232E-02 
603	 4.03602756559849E-02 
604	 4.03349325060844E-02 
605	 4.02181632816792E-02 
606	 4.00101244449615E-02 
607	 3.98261435329914E-02 
608	 3.96983362734318E-02 
609	 0.039538886398077 
610	 3.93507070839405E-02 
611	 3.91801111400127E-02 
612	 3.90607416629791E-02 
613	 3.89331839978695E-02 
614	 3.87791506946087E-02 
615	 0.038627915084362 
616	 3.85370440781116E-02 
617	 0.03842568770051 
618	 3.83134819567204E-02 
619	 0.038216233253479 
620	 3.81072759628296E-02 
621	 0.037996519356966 
622	 3.79191040992737E-02 
623	 3.79022881388664E-02 
624	 3.78440544009209E-02 
625	 3.78113612532616E-02 
626	 3.78170944750309E-02 
627	 3.77931036055088E-02 
628	 3.77822741866112E-02 
629	 3.78174036741257E-02 
630	 3.78830656409264E-02 
631	 0.03780622407794 
632	 3.77770103514194E-02 
633	 3.77844460308552E-02 
634	 3.76945659518242E-02 
635	 3.76576967537403E-02 
636	 3.75471226871014E-02 
637	 3.73407416045666E-02 
638	 3.72924469411373E-02 
639	 0.037217304110527 
640	 0.037070881575346 
641	 3.68694737553597E-02 
642	 3.66618968546391E-02 
643	 3.65268662571907E-02 
644	 3.64658609032631E-02 
645	 3.63971441984177E-02 
646	 3.62263694405556E-02 
647	 3.61026227474213E-02 
648	 3.61347682774067E-02 
649	 3.61663773655891E-02 
650	 3.62247750163078E-02 
651	 3.63375470042229E-02 
652	 3.65117862820625E-02 
653	 3.65756154060364E-02 
654	 3.66400443017483E-02 
655	 3.67690846323967E-02 
656	 0.036915734410286 
657	 3.69334146380425E-02 
658	 3.69749739766121E-02 
659	 3.71845550835133E-02 
660	 3.72865758836269E-02 
661	 3.73757630586624E-02 
662	 3.74888554215431E-02 
663	 3.76177839934826E-02 
664	 3.78929898142815E-02 
665	 3.81956957280636E-02 
666	 3.84444184601307E-02 
667	 3.87215130031109E-02 
668	 3.90643887221813E-02 
669	 3.94619219005108E-02 
670	 3.98764386773109E-02 
671	 0.040262509137392 
672	 4.06924672424793E-02 
673	 4.12000082433224E-02 
674	 4.17665876448154E-02 
675	 4.22866903245449E-02 
676	 4.28675971925259E-02 
677	 4.35823574662209E-02 
678	 0.044275376945734 
679	 4.49617691338062E-02 
680	 4.56888638436794E-02 
681	 4.65184114873409E-02 
682	 4.74696531891823E-02 
683	 4.83935140073299E-02 
684	 4.93004508316517E-02 
685	 0.05043850466609 
686	 5.16920536756516E-02 
687	 5.30901029706001E-02 
688	 5.46631440520287E-02 
689	 5.63313066959381E-02 
690	 5.81477172672749E-02 
691	 6.02075383067131E-02 
692	 6.26069530844688E-02 
693	 6.51999786496162E-02 
694	 6.80529102683067E-02 
695	 7.11796209216118E-02 
696	 7.44652524590492E-02 
697	 0.078139990568161 
698	 8.20861607789993E-02 
699	 8.61402377486229E-02 
700	 0.090435579419136 
701	 9.49778109788895E-02 
702	 9.96719673275948E-02 
703	 0.104373469948769 
704	 0.109263077378273 
705	 0.114306472241879 
706	 0.119464211165905 
707	 0.124742709100246 
708	 0.130145788192749 
709	 0.135656401515007 
710	 0.141248255968094 
711	 0.146889761090279 
712	 0.152614966034889 
713	 0.158427968621254 
714	 0.164304047822952 
715	 0.170289427042007 
716	 0.176344379782677 
717	 0.182402953505516 
718	 0.188408091664314 
719	 0.194415301084518 
720	 0.200448453426361 
721	 0.206496343016624 
722	 0.212423726916313 
723	 0.218272224068642 
724	 0.224065199494362 
725	 0.229790985584259 
726	 0.235341548919678 
727	 0.240728452801704 
728	 0.245978057384491 
729	 0.251109451055527 
730	 0.256051868200302 
731	 0.260812610387802 
732	 0.265438377857208 
733	 0.269992589950562 
734	 0.274360418319702 
735	 0.278493613004684 
736	 0.282420694828033 
737	 0.28621643781662 
738	 0.289931923151016 
739	 0.293560177087784 
740	 0.296995401382446 
741	 0.300234705209732 
742	 0.303360879421234 
743	 0.306465595960617 
744	 0.309514552354813 
745	 0.312254011631012 
746	 0.31477615237236 
747	 0.317408293485641 
748	 0.319924563169479 
749	 0.322317332029343 
750	 0.324603289365768 
751	 0.326778054237366 
752	 0.328884899616241 
753	 0.33095309138298 
754	 0.332987397909164 
755	 0.334908902645111 
756	 0.336793303489685 
757	 0.33865875005722 
758	 0.340493261814117 
759	 0.342281699180603 
760	 0.344013571739197 
761	 0.345683246850967 
762	 0.347287178039551 
763	 0.348930507898331 
764	 0.350517958402634 
765	 0.352007061243057 
766	 0.353627920150757 
767	 0.355201631784439 
768	 0.356676608324051 
769	 0.358058989048004 
770	 0.359368473291397 
771	 0.360738545656204 
772	 0.362184345722198 
773	 0.363589435815811 
774	 0.364914089441299 
775	 0.366181522607803 
776	 0.36743551492691 
777	 0.368724495172501 
778	 0.370014101266861 
779	 0.371273726224899 
780	 0.372492760419846 
781	 0.373729467391968 
782	 0.374902755022049 
783	 0.376041233539581 
784	 0.377230226993561 
785	 0.378425419330597 
786	 0.379516839981079 
787	 0.380547523498535 
788	 0.381722152233124 
789	 0.382846117019653 
790	 0.383914858102798 
791	 0.384964644908905 
792	 0.386044651269913 
793	 0.387115150690079 
794	 0.388155668973923 
795	 0.389155358076096 
796	 0.390116780996323 
797	 0.391096532344818 
798	 0.392123878002167 
799	 0.393184661865234 
800	 0.394205540418625 
801	 0.395183145999908 
802	 0.396129429340363 
803	 0.397055923938751 
804	 0.398020058870316 
805	 0.39893114566803 
806	 0.399757742881775 
807	 0.400658249855042 
808	 0.40154430270195 
809	 0.402384161949158 
810	 0.403178244829178 
811	 0.403968065977097 
812	 0.404752522706985 
813	 0.405549228191376 
814	 0.406371921300888 
815	 0.407209068536758 
816	 0.407953262329102 
817	 0.408651620149612 
818	 0.409492462873459 
819	 0.410301595926285 
820	 0.411031454801559 
821	 0.411690592765808 
822	 0.412378072738647 
823	 0.413096606731415 
824	 0.41379851102829 
825	 0.414446473121643 
826	 0.415088772773743 
827	 0.415651917457581 
828	 0.4162218272686 
829	 0.416900187730789 
830	 0.417502343654633 
831	 0.418180197477341 
832	 0.418888926506042 
833	 0.419469267129898 
834	 0.420147210359573 
835	 0.420805752277374 
836	 0.4213947057724 
837	 0.421995341777802 
838	 0.422565907239914 
839	 0.42309358716011 
840	 0.423640936613083 
841	 0.424365639686584 
842	 0.424980014562607 
843	 0.425476223230362 
844	 0.425919979810715 
845	 0.426358103752136 
846	 0.426888942718506 
847	 0.427507251501083 
848	 0.428111135959625 
849	 0.428485631942749 
850	 0.428907126188278 
851	 0.429436951875687 
852	 0.429998964071274 
853	 0.430563718080521 
854	 0.431047737598419 
855	 0.431473284959793 
856	 0.431944042444229 
857	 0.432364851236343 
858	 0.432799249887466 
859	 0.433265656232834 
860	 0.433706641197205 
861	 0.434162318706512 
862	 0.434576213359833 
863	 0.434935510158539 
864	 0.435353100299835 
865	 0.435758322477341 
866	 0.436186850070953 
867	 0.436650663614273 
868	 0.437035918235779 
869	 0.437423914670944 
870	 0.4377581179142 
871	 0.438030660152435 
872	 0.438389718532562 
873	 0.438739508390427 
874	 0.439123183488846 
875	 0.439581751823425 
876	 0.439873039722443 
877	 0.440210670232773 
878	 0.44056037068367 
879	 0.440810471773148 
880	 0.441145122051239 
881	 0.441434174776077 
882	 0.441666096448898 
883	 0.441945463418961 
884	 0.442241191864014 
885	 0.442611008882523 
886	 0.443010360002518 
887	 0.443300783634186 
888	 0.443586409091949 
889	 0.443823337554932 
890	 0.444021046161652 
891	 0.44425031542778 
892	 0.444543898105621 
893	 0.44483357667923 
894	 0.445055335760117 
895	 0.445220559835434 
896	 0.445469230413437 
897	 0.445715039968491 
898	 0.445938050746918 
899	 0.44625136256218 
900	 0.446505308151245 
901	 0.446753650903702 
902	 0.44700875878334 
903	 0.447161257266998 
904	 0.447330802679062 
905	 0.447533905506134 
906	 0.447755455970764 
907	 0.448042035102844 
908	 0.448234617710114 
909	 0.448367148637772 
910	 0.448536336421967 
911	 0.448852241039276 
912	 0.449146628379822 
913	 0.449326068162918 
914	 0.449408501386642 
915	 0.4496049284935 
916	 0.449999749660492 
917	 0.450242280960083 
918	 0.450191408395767 
919	 0.450349360704422 
920	 0.450568556785584 
921	 0.450796723365784 
922	 0.450993627309799 
923	 0.451095879077911 
924	 0.450998544692993 
925	 0.45105317234993 
926	 0.45141789317131 
927	 0.451601415872574 
928	 0.45161047577858 
929	 0.451656490564346 
930	 0.451802462339401 
931	 0.451665937900543 
932	 0.451765120029449 
933	 0.451844274997711 
934	 0.451695680618286 
935	 0.451646685600281 
936	 0.451664209365845 
937	 0.451628297567368 
938	 0.451518267393112 
939	 0.451492041349411 
940	 0.451325297355652 
941	 0.45121505856514 
942	 0.451178550720215 
943	 0.450854510068893 
944	 0.450663179159164 
945	 0.450548470020294 
946	 0.450372904539108 
947	 0.450045794248581 
948	 0.449654281139374 
949	 0.449284285306931 
950	 0.44894152879715 
951	 0.448574513196945 
952	 0.448121577501297 
953	 0.447747766971588 
954	 0.447502315044403 
955	 0.447208255529404 
956	 0.4466532766819 
957	 0.446303576231003 
958	 0.446135342121124 
959	 0.44570779800415 
960	 0.445756286382675 
961	 0.445743322372437 
962	 0.445490837097168 
963	 0.445198744535446 
964	 0.444922268390656 
965	 0.445055097341537 
966	 0.445232003927231 
967	 0.444916635751724 
968	 0.444913178682327 
969	 0.444833248853683 
970	 0.444900453090668 
971	 0.445282399654388 
972	 0.44491896033287 
973	 0.444951981306076 
974	 0.445154368877411 
975	 0.445063084363937 
976	 0.444860309362412 
977	 0.445036590099335 
978	 0.445114433765411 
979	 0.444889426231384 
980	 0.445121735334396 
981	 0.445221215486526 
982	 0.445368140935898 
983	 0.445734530687332 
984	 0.446204125881195 
985	 0.445763409137726 
986	 0.445724338293076 
987	 0.446345657110214 
988	 0.446714967489243 
989	 0.446775734424591 
990	 0.446875125169754 
991	 0.447110533714294 
992	 0.447380751371384 
993	 0.447600543498993 
994	 0.448015630245209 
995	 0.448495864868164 
996	 0.448815673589706 
997	 0.448973774909973 
998	 0.448968976736069 
999	 0.449137985706329 
1000	 0.449553459882736 
1001	 0.448565483093262 
1002	 0.448785006999969 
1003	 0.449180066585541 
1004	 0.449392288923264 
1005	 0.449526995420456 
1006	 0.449934899806976 
1007	 0.450581550598145 
1008	 0.450943380594254 
1009	 0.45140939950943 
1010	 0.451800495386124 
1011	 0.451973438262939 
1012	 0.452253311872482 
1013	 0.452549815177917 
1014	 0.452991843223572 
1015	 0.453305393457413 
1016	 0.453451544046402 
1017	 0.453886598348618 
1018	 0.453914344310761 
1019	 0.454209625720978 
1020	 0.454646766185761 
1021	 0.455033868551254 
1022	 0.455527544021606 
1023	 0.455889344215393 
1024	 0.456180810928345 
1025	 0.456418126821518 
1026	 0.456466317176819 
1027	 0.456670850515366 
1028	 0.456963866949081 
1029	 0.457157760858536 
1030	 0.457457661628723 
1031	 0.457943260669708 
1032	 0.458185285329819 
1033	 0.458360344171524 
1034	 0.458533108234406 
1035	 0.458604633808136 
1036	 0.458733826875687 
1037	 0.458756476640701 
1038	 0.459027200937271 
1039	 0.459480255842209 
1040	 0.459810942411423 
1041	 0.460359811782837 
1042	 0.460678994655609 
1043	 0.460800319910049 
1044	 0.460904449224472 
1045	 0.461011320352554 
1046	 0.461092710494995 
1047	 0.461294174194336 
1048	 0.461628675460815 
1049	 0.461821049451828 
1050	 0.462056785821915 
1051	 0.462207794189453 
1052	 0.462175220251083 
1053	 0.462256044149399 
1054	 0.46233731508255 
1055	 0.462509602308273 
1056	 0.462750434875488 
1057	 0.463033109903336 
1058	 0.463528573513031 
1059	 0.463711738586426 
1060	 0.464154660701752 
1061	 0.464373886585236 
1062	 0.464413404464722 
1063	 0.464200109243393 
1064	 0.4643315076828 
1065	 0.464378356933594 
1066	 0.464545279741287 
1067	 0.465136408805847 
1068	 0.465277463197708 
1069	 0.465115398168564 
1070	 0.465088099241257 
1071	 0.464817494153976 
1072	 0.464884281158447 
1073	 0.465335875749588 
1074	 0.465525269508362 
1075	 0.465842872858047 
1076	 0.465975433588028 
1077	 0.466024667024612 
1078	 0.465799331665039 
1079	 0.465745240449905 
1080	 0.465686291456223 
1081	 0.465705096721649 
1082	 0.465692132711411 
1083	 0.465829849243164 
1084	 0.46623706817627 
1085	 0.466346681118011 
1086	 0.466410279273987 
1087	 0.46642991900444 
1088	 0.466117680072784 
1089	 0.466051667928696 
1090	 0.466087758541107 
1091	 0.466198593378067 
1092	 0.466210514307022 
1093	 0.466291397809982 
1094	 0.466273427009583 
1095	 0.466125786304474 
1096	 0.466117382049561 
1097	 0.466147243976593 
1098	 0.466194927692413 
1099	 0.466319561004639 
1100	 0.466404587030411 
1101	 0.466682374477386 
1102	 0.466631561517715 
1103	 0.466236412525177 
1104	 0.466123074293137 
1105	 0.465934067964554 
1106	 0.465812891721725 
1107	 0.465806216001511 
1108	 0.466114699840546 
1109	 0.46609029173851 
1110	 0.465944647789001 
1111	 0.465779721736908 
1112	 0.465459287166595 
1113	 0.465294629335403 
1114	 0.465125888586044 
1115	 0.464996755123138 
1116	 0.465101540088654 
1117	 0.464904457330704 
1118	 0.464542835950851 
1119	 0.464199960231781 
1120	 0.463619887828827 
1121	 0.463200658559799 
1122	 0.462994337081909 
1123	 0.462584346532822 
1124	 0.462100833654404 
1125	 0.461590170860291 
1126	 0.461095631122589 
1127	 0.460537046194077 
1128	 0.459898293018341 
1129	 0.459291577339172 
1130	 0.458577036857605 
1131	 0.457697957754135 
1132	 0.456854999065399 
1133	 0.456098884344101 
1134	 0.455188870429993 
1135	 0.454137414693832 
1136	 0.453104197978973 
1137	 0.452047139406204 
1138	 0.450927972793579 
1139	 0.449693828821182 
1140	 0.448564320802689 
1141	 0.447484403848648 
1142	 0.446423798799515 
1143	 0.445297539234161 
1144	 0.44425556063652 
1145	 0.44309863448143 
1146	 0.441696226596832 
1147	 0.440590023994446 
1148	 0.439650505781174 
1149	 0.438614964485168 
1150	 0.437631577253342 
1151	 0.4366854429245 
1152	 0.435561954975128 
1153	 0.434722542762756 
1154	 0.43417501449585 
1155	 0.433504641056061 
1156	 0.432809203863144 
1157	 0.432303369045258 
1158	 0.431819319725037 
1159	 0.431293934583664 
1160	 0.430858016014099 
1161	 0.430586874485016 
1162	 0.430220574140549 
1163	 0.429811805486679 
1164	 0.429431408643723 
1165	 0.429045170545578 
1166	 0.428680002689362 
1167	 0.428294152021408 
1168	 0.427959859371185 
1169	 0.427642285823822 
1170	 0.427372217178345 
1171	 0.427181214094162 
1172	 0.426939636468887 
1173	 0.426621466875076 
1174	 0.426535755395889 
1175	 0.426357179880142 
1176	 0.425962448120117 
1177	 0.42571496963501 
1178	 0.425530672073364 
1179	 0.425242006778717 
1180	 0.424964100122452 
1181	 0.424634277820587 
1182	 0.424134761095047 
1183	 0.42381489276886 
1184	 0.423543930053711 
1185	 0.423282772302628 
1186	 0.423168241977692 
1187	 0.422930002212524 
1188	 0.422600090503693 
1189	 0.4223872423172 
1190	 0.422193557024002 
1191	 0.421999573707581 
1192	 0.42192342877388 
1193	 0.421804964542389 
1194	 0.421646595001221 
1195	 0.421478480100632 
1196	 0.421308368444443 
1197	 0.421103000640869 
1198	 0.421007245779037 
1199	 0.420933812856674 
1200	 0.420924961566925 
1201	 0.42104509472847 
1202	 0.421098828315735 
1203	 0.421130180358887 
1204	 0.421187967061996 
1205	 0.421279817819595 
1206	 0.42136088013649 
1207	 0.421381026506424 
1208	 0.42154335975647 
1209	 0.421832263469696 
1210	 0.421997249126434 
1211	 0.422190189361572 
1212	 0.422536849975586 
1213	 0.422810733318329 
1214	 0.423006922006607 
1215	 0.42330014705658 
1216	 0.423712581396103 
1217	 0.424056738615036 
1218	 0.424392223358154 
1219	 0.42473515868187 
1220	 0.425076276063919 
1221	 0.425407826900482 
1222	 0.425731956958771 
1223	 0.426104009151459 
1224	 0.42649057507515 
1225	 0.426854878664017 
1226	 0.427218288183212 
1227	 0.427627325057983 
1228	 0.428064435720444 
1229	 0.428445905447006 
1230	 0.428845524787903 
1231	 0.429232180118561 
1232	 0.429431140422821 
1233	 0.429633408784866 
1234	 0.429915249347687 
1235	 0.430133044719696 
1236	 0.430466949939728 
1237	 0.430897563695908 
1238	 0.431229084730148 
1239	 0.431595295667648 
1240	 0.43183645606041 
1241	 0.431904256343842 
1242	 0.432136595249176 
1243	 0.432424366474152 
1244	 0.432635247707367 
1245	 0.432889670133591 
1246	 0.433133125305176 
1247	 0.433330625295639 
1248	 0.433444947004318 
1249	 0.433665305376053 
1250	 0.433868050575256 
1251	 0.434039115905762 
1252	 0.434325724840164 
1253	 0.434623509645462 
1254	 0.434864491224289 
1255	 0.434971868991852 
1256	 0.434911370277405 
1257	 0.434951543807983 
1258	 0.43515881896019 
1259	 0.435287445783615 
1260	 0.435541152954102 
1261	 0.435649245977402 
1262	 0.435568362474442 
1263	 0.435654133558273 
1264	 0.435869365930557 
1265	 0.435950756072998 
1266	 0.436005175113678 
1267	 0.436091363430023 
1268	 0.436116755008698 
1269	 0.436111629009247 
1270	 0.436283618211746 
1271	 0.436461627483368 
1272	 0.436502456665039 
1273	 0.436556726694107 
1274	 0.436498403549194 
1275	 0.43632635474205 
1276	 0.436265766620636 
1277	 0.436253190040588 
1278	 0.436281055212021 
1279	 0.436355262994766 
1280	 0.43636554479599 
1281	 0.436306029558182 
1282	 0.436206459999084 
1283	 0.436001747846603 
1284	 0.435895591974258 
1285	 0.435803890228271 
1286	 0.435622841119766 
1287	 0.435445010662079 
1288	 0.435253620147705 
1289	 0.434980928897858 
1290	 0.43470174074173 
1291	 0.434409618377686 
1292	 0.434105455875397 
1293	 0.433777809143066 
1294	 0.433448493480682 
1295	 0.433327496051788 
1296	 0.433171629905701 
1297	 0.4328333735466 
1298	 0.432458311319351 
1299	 0.431912034749985 
1300	 0.431312918663025 
1301	 0.430902183055878 
1302	 0.430578052997589 
1303	 0.430223673582077 
1304	 0.429769247770309 
1305	 0.429211527109146 
1306	 0.428463727235794 
1307	 0.427847534418106 
1308	 0.427223145961761 
1309	 0.426604926586151 
1310	 0.426071107387543 
1311	 0.425417900085449 
1312	 0.424669682979584 
1313	 0.423933982849121 
1314	 0.42316609621048 
1315	 0.422380059957504 
1316	 0.421534925699234 
1317	 0.420672684907913 
1318	 0.419882506132126 
1319	 0.419087916612625 
1320	 0.418199956417084 
1321	 0.41729274392128 
1322	 0.416367411613464 
1323	 0.415394932031631 
1324	 0.414353787899017 
1325	 0.413373589515686 
1326	 0.412392765283585 
1327	 0.411268293857574 
1328	 0.410183817148209 
1329	 0.409184157848358 
1330	 0.408136516809464 
1331	 0.407060146331787 
1332	 0.405956298112869 
1333	 0.404909998178482 
1334	 0.403780519962311 
1335	 0.402523010969162 
1336	 0.401367485523224 
1337	 0.400254487991333 
1338	 0.399131387472153 
1339	 0.397997438907623 
1340	 0.396962463855743 
1341	 0.395873546600342 
1342	 0.394726008176804 
1343	 0.393739461898804 
1344	 0.392757296562195 
1345	 0.391644954681396 
1346	 0.390598654747009 
1347	 0.389523178339005 
1348	 0.388405114412308 
1349	 0.387457996606827 
1350	 0.386555522680283 
1351	 0.385574102401733 
1352	 0.384605139493942 
1353	 0.383683890104294 
1354	 0.382669717073441 
1355	 0.381606817245483 
1356	 0.380654186010361 
1357	 0.379595756530762 
1358	 0.378485411405563 
1359	 0.377489984035492 
1360	 0.376655101776123 
1361	 0.375550776720047 
1362	 0.3743916451931 
1363	 0.373253643512726 
1364	 0.371964514255524 
1365	 0.370715290307999 
1366	 0.369558781385422 
1367	 0.368260055780411 
1368	 0.366764813661575 
1369	 0.365274995565414 
1370	 0.363775849342346 
1371	 0.36214005947113 
1372	 0.360489666461945 
1373	 0.35874941945076 
1374	 0.356712758541107 
1375	 0.354637414216995 
1376	 0.352517873048782 
1377	 0.350131928920746 
1378	 0.347658902406693 
1379	 0.345064669847488 
1380	 0.342214405536652 
1381	 0.339275032281876 
1382	 0.336251616477966 
1383	 0.333093822002411 
1384	 0.329903900623322 
1385	 0.32661160826683 
1386	 0.32318189740181 
1387	 0.319717884063721 
1388	 0.316251575946808 
1389	 0.312742859125137 
1390	 0.309210687875748 
1391	 0.305613189935684 
1392	 0.302078872919083 
1393	 0.298503369092941 
1394	 0.295034945011139 
1395	 0.291622579097748 
1396	 0.288295239210129 
1397	 0.285095125436783 
1398	 0.2819564640522 
1399	 0.278900116682053 
1400	 0.276044219732285 
1401	 0.273260921239853 
1402	 0.270489394664764 
1403	 0.267838090658188 
1404	 0.265342354774475 
1405	 0.262958019971848 
1406	 0.260660111904144 
1407	 0.258453488349915 
1408	 0.256376504898071 
1409	 0.25436607003212 
1410	 0.252373039722443 
1411	 0.250548213720322 
1412	 0.248876973986626 
1413	 0.247184321284294 
1414	 0.245570182800293 
1415	 0.244087353348732 
1416	 0.242687210440636 
1417	 0.241360694169998 
1418	 0.2400943338871 
1419	 0.238908991217613 
1420	 0.237695023417473 
1421	 0.236516088247299 
1422	 0.235522076487541 
1423	 0.234486922621727 
1424	 0.233425468206406 
1425	 0.232474952936172 
1426	 0.231560871005058 
1427	 0.230744540691376 
1428	 0.230085983872414 
1429	 0.229366928339005 
1430	 0.228672713041306 
1431	 0.227986469864845 
1432	 0.227295830845833 
1433	 0.22676582634449 
1434	 0.2263552993536 
1435	 0.225856781005859 
1436	 0.225374236702919 
1437	 0.224913120269775 
1438	 0.224490255117416 
1439	 0.22419498860836 
1440	 0.223898857831955 
1441	 0.223631381988525 
1442	 0.223435923457146 
1443	 0.223144873976707 
1444	 0.222895994782448 
1445	 0.2227573543787 
1446	 0.222537934780121 
1447	 0.222321331501007 
1448	 0.222110107541084 
1449	 0.221886143088341 
1450	 0.221790850162506 
1451	 0.221717864274979 
1452	 0.221649497747421 
1453	 0.22155424952507 
1454	 0.221380650997162 
1455	 0.221277549862862 
1456	 0.221228212118149 
1457	 0.221209302544594 
1458	 0.221240267157555 
1459	 0.221265137195587 
1460	 0.221273630857468 
1461	 0.221287965774536 
1462	 0.221365183591843 
1463	 0.221450135111809 
1464	 0.221538096666336 
1465	 0.221677646040916 
1466	 0.221829235553741 
1467	 0.221947625279427 
1468	 0.22213214635849 
1469	 0.222368001937866 
1470	 0.222556561231613 
1471	 0.222718417644501 
1472	 0.222983866930008 
1473	 0.223262161016464 
1474	 0.223625212907791 
1475	 0.224023386836052 
1476	 0.224329367280006 
1477	 0.224653601646423 
1478	 0.225023299455643 
1479	 0.225471004843712 
1480	 0.225967809557915 
1481	 0.226323664188385 
1482	 0.22668619453907 
1483	 0.227196931838989 
1484	 0.227667644619942 
1485	 0.228200167417526 
1486	 0.228797629475594 
1487	 0.229296386241913 
1488	 0.229867056012154 
1489	 0.230460479855537 
1490	 0.231054410338402 
1491	 0.231669023633003 
1492	 0.232267409563065 
1493	 0.233030706644058 
1494	 0.233780667185783 
1495	 0.234387323260307 
1496	 0.235017895698547 
1497	 0.235567197203636 
1498	 0.236184015870094 
1499	 0.237014040350914 
1500	 0.237742200493813 
1501	 0.238345041871071 
1502	 0.238960847258568 
1503	 0.239532455801964 
1504	 0.240144282579422 
1505	 0.240891814231873 
1506	 0.241701275110245 
1507	 0.242426574230194 
1508	 0.243093013763428 
1509	 0.243798553943634 
1510	 0.24439500272274 
1511	 0.2449741512537 
1512	 0.245756402611732 
1513	 0.246511295437813 
1514	 0.247228249907494 
1515	 0.248007610440254 
1516	 0.24863937497139 
1517	 0.249309748411179 
1518	 0.249959602952003 
1519	 0.250642478466034 
1520	 0.251365333795547 
1521	 0.252060413360596 
1522	 0.252756536006927 
1523	 0.253399133682251 
1524	 0.253966689109802 
1525	 0.254601687192917 
1526	 0.255276709794998 
1527	 0.255863606929779 
1528	 0.256447494029999 
1529	 0.257029950618744 
1530	 0.257542014122009 
1531	 0.258100301027298 
1532	 0.258670002222061 
1533	 0.259251892566681 
1534	 0.259843170642853 
1535	 0.260412633419037 
1536	 0.26095712184906 
1537	 0.261646181344986 
1538	 0.2623231112957 
1539	 0.262944877147675 
1540	 0.26355654001236 
1541	 0.264177054166794 
1542	 0.264803856611252 
1543	 0.265379548072815 
1544	 0.266050696372986 
1545	 0.266799092292786 
1546	 0.267404109239578 
1547	 0.268040955066681 
1548	 0.268684327602386 
1549	 0.269198149442673 
1550	 0.269784182310104 
1551	 0.270383834838867 
1552	 0.27084344625473 
1553	 0.271412968635559 
1554	 0.272052198648453 
1555	 0.272557646036148 
1556	 0.273182153701782 
1557	 0.273811727762222 
1558	 0.27428412437439 
1559	 0.274831354618073 
1560	 0.275395393371582 
1561	 0.275914788246155 
1562	 0.276457220315933 
1563	 0.277025550603867 
1564	 0.277552574872971 
1565	 0.278065592050552 
1566	 0.278638333082199 
1567	 0.279125154018402 
1568	 0.279610931873322 
1569	 0.28022363781929 
1570	 0.28080940246582 
1571	 0.281330704689026 
1572	 0.281830877065659 
1573	 0.282333463430405 
1574	 0.282813102006912 
1575	 0.283340781927109 
1576	 0.283934533596039 
1577	 0.28440135717392 
1578	 0.284874677658081 
1579	 0.285435438156128 
1580	 0.285971492528915 
1581	 0.286621332168579 
1582	 0.287189394235611 
1583	 0.287584513425827 
1584	 0.288108825683594 
1585	 0.288679152727127 
1586	 0.289289683103561 
1587	 0.289983481168747 
1588	 0.290623486042023 
1589	 0.291192889213562 
1590	 0.291666477918625 
1591	 0.292156100273132 
1592	 0.29270800948143 
1593	 0.293223023414612 
1594	 0.293797463178635 
1595	 0.294421225786209 
1596	 0.294961303472519 
1597	 0.295545250177383 
1598	 0.296229094266891 
1599	 0.296845138072968 
1600	 0.297462612390518 
1601	 0.298116326332092 
1602	 0.298648774623871 
1603	 0.299149483442307 
1604	 0.299651116132736 
1605	 0.300174623727798 
1606	 0.300845086574554 
1607	 0.301511317491531 
1608	 0.30205774307251 
1609	 0.302576094865799 
1610	 0.303122311830521 
1611	 0.303649961948395 
1612	 0.304177641868591 
1613	 0.304808020591736 
1614	 0.305332243442535 
1615	 0.30565881729126 
1616	 0.306145161390305 
1617	 0.306666404008865 
1618	 0.307144284248352 
1619	 0.307798326015472 
1620	 0.308411985635757 
1621	 0.308913081884384 
1622	 0.309412181377411 
1623	 0.309786975383759 
1624	 0.310054838657379 
1625	 0.310506373643875 
1626	 0.311017066240311 
1627	 0.311420023441315 
1628	 0.311850875616074 
1629	 0.312153100967407 
1630	 0.312410801649094 
1631	 0.31278532743454 
1632	 0.313227027654648 
1633	 0.313703387975693 
1634	 0.314095050096512 
1635	 0.314423441886902 
1636	 0.314691156148911 
1637	 0.314900785684586 
1638	 0.315132945775986 
1639	 0.315355092287064 
1640	 0.315617173910141 
1641	 0.315889835357666 
1642	 0.316123634576797 
1643	 0.316441506147385 
1644	 0.316760927438736 
1645	 0.316984742879868 
1646	 0.317130923271179 
1647	 0.317245066165924 
1648	 0.31743523478508 
1649	 0.317603766918182 
1650	 0.317817628383636 
1651	 0.318032652139664 
1652	 0.31818038225174 
1653	 0.318382948637009 
1654	 0.318533211946487 
1655	 0.318660527467728 
1656	 0.318736255168915 
1657	 0.318777173757553 
1658	 0.318863481283188 
1659	 0.319015651941299 
1660	 0.319185137748718 
1661	 0.319259524345398 
1662	 0.319293737411499 
1663	 0.31925505399704 
1664	 0.319071650505066 
1665	 0.318963766098022 
1666	 0.318980664014816 
1667	 0.319026231765747 
1668	 0.31915682554245 
1669	 0.319194197654724 
1670	 0.31900355219841 
1671	 0.31882032752037 
1672	 0.318822205066681 
1673	 0.318758070468903 
1674	 0.318646013736725 
1675	 0.318731248378754 
1676	 0.318641096353531 
1677	 0.3185715675354 
1678	 0.318640887737274 
1679	 0.318620026111603 
1680	 0.318500310182571 
1681	 0.318387806415558 
1682	 0.318228393793106 
1683	 0.31812059879303 
1684	 0.318111896514893 
1685	 0.317892819643021 
1686	 0.317542850971222 
1687	 0.317279011011124 
1688	 0.316927194595337 
1689	 0.31656539440155 
1690	 0.316332906484604 
1691	 0.315997153520584 
1692	 0.315484523773193 
1693	 0.315063565969467 
1694	 0.314749985933304 
1695	 0.314301192760468 
1696	 0.313745945692062 
1697	 0.313273787498474 
1698	 0.312775939702988 
1699	 0.312302857637405 
1700	 0.311824947595596 
1701	 0.311470955610275 
1702	 0.311186403036118 
1703	 0.310885339975357 
1704	 0.310738056898117 
1705	 0.310461640357971 
1706	 0.310067802667618 
1707	 0.309726119041443 
1708	 0.309385269880295 
1709	 0.309046685695648 
1710	 0.308710366487503 
1711	 0.308364272117615 
1712	 0.308023661375046 
1713	 0.307675957679749 
1714	 0.307354480028152 
1715	 0.30695253610611 
1716	 0.306464374065399 
1717	 0.30611327290535 
1718	 0.305789202451706 
1719	 0.305448234081268 
1720	 0.30519500374794 
1721	 0.304886430501938 
1722	 0.30449977517128 
1723	 0.304209560155869 
1724	 0.304005831480026 
1725	 0.303699731826782 
1726	 0.303358644247055 
1727	 0.303064048290253 
1728	 0.302711844444275 
1729	 0.302512168884277 
1730	 0.302423357963562 
1731	 0.302191078662872 
1732	 0.302152037620544 
1733	 0.302028775215149 
1734	 0.301742404699326 
1735	 0.30128288269043 
1736	 0.300961017608643 
1737	 0.300585716962814 
1738	 0.300289005041122 
1739	 0.300285875797272 
1740	 0.300049990415573 
1741	 0.299691557884216 
1742	 0.299305140972137 
1743	 0.298750430345535 
1744	 0.298254817724228 
1745	 0.297757387161255 
1746	 0.297283351421356 
1747	 0.296794295310974 
1748	 0.296353578567505 
1749	 0.295969575643539 
1750	 0.295569002628326 
1751	 0.29527422785759 
1752	 0.294823586940765 
1753	 0.294186264276505 
1754	 0.293734192848206 
1755	 0.293229192495346 
1756	 0.292877227067947 
1757	 0.292833685874939 
1758	 0.292522758245468 
1759	 0.292145729064941 
1760	 0.291718691587448 
1761	 0.291060268878937 
1762	 0.290683299303055 
1763	 0.290404617786407 
1764	 0.29017972946167 
1765	 0.290168970823288 
1766	 0.289944112300873 
1767	 0.289648860692978 
1768	 0.289351940155029 
1769	 0.288947194814682 
1770	 0.288679599761963 
1771	 0.288452476263046 
1772	 0.288302451372147 
1773	 0.288257747888565 
1774	 0.288153946399689 
1775	 0.288023591041565 
1776	 0.287690609693527 
1777	 0.287334829568863 
1778	 0.287182569503784 
1779	 0.286977887153625 
1780	 0.287049919366837 
1781	 0.287035465240479 
1782	 0.286934107542038 
1783	 0.286890685558319 
1784	 0.286846876144409 
1785	 0.286836475133896 
1786	 0.286882281303406 
1787	 0.286906570196152 
1788	 0.286920666694641 
1789	 0.286994159221649 
1790	 0.287150919437408 
1791	 0.287200182676315 
1792	 0.287243157625198 
1793	 0.287214338779449 
1794	 0.286979228258133 
1795	 0.287009537220001 
1796	 0.287218362092972 
1797	 0.287251234054565 
1798	 0.287315130233765 
1799	 0.287374049425125 
1800	 0.287274569272995 
1801	 0.287307649850845 
1802	 0.28746309876442 
1803	 0.287575095891953 
1804	 0.287693619728088 
1805	 0.287740379571915 
1806	 0.287841349840164 
1807	 0.287807166576386 
1808	 0.287803173065186 
1809	 0.287981659173965 
1810	 0.288178384304047 
1811	 0.288497000932693 
1812	 0.288633465766907 
1813	 0.288528591394424 
1814	 0.288465976715088 
1815	 0.28827491402626 
1816	 0.288146287202835 
1817	 0.288234740495682 
1818	 0.28825244307518 
1819	 0.288307040929794 
1820	 0.288384199142456 
1821	 0.288430005311966 
1822	 0.288476258516312 
1823	 0.288636714220047 
1824	 0.288597047328949 
1825	 0.288378447294235 
1826	 0.288379937410355 
1827	 0.288398295640945 
1828	 0.288331747055054 
1829	 0.28833332657814 
1830	 0.288378417491913 
1831	 0.288632541894913 
1832	 0.288466364145279 
1833	 0.288435488939285 
1834	 0.288248836994171 
1835	 0.288038492202759 
1836	 0.287822365760803 
1837	 0.287518322467804 
1838	 0.287247776985168 
1839	 0.286958009004593 
1840	 0.286811500787735 
1841	 0.286357581615448 
1842	 0.285518229007721 
1843	 0.284965723752975 
1844	 0.284453719854355 
1845	 0.283912926912308 
1846	 0.28353425860405 
1847	 0.283065378665924 
1848	 0.282109081745148 
1849	 0.281119525432587 
1850	 0.280148893594742 
1851	 0.279129207134247 
1852	 0.278057336807251 
1853	 0.277047514915466 
1854	 0.275834321975708 
1855	 0.274362504482269 
1856	 0.272767186164856 
1857	 0.271091729402542 
1858	 0.269428879022598 
1859	 0.267278373241425 
1860	 0.265320032835007 
1861	 0.263573467731476 
1862	 0.261555999517441 
1863	 0.259377062320709 
1864	 0.257035404443741 
1865	 0.254759222269058 
1866	 0.252476155757904 
1867	 0.249765068292618 
1868	 0.247202455997467 
1869	 0.244860470294952 
1870	 0.242102399468422 
1871	 0.239064231514931 
1872	 0.236109048128128 
1873	 0.233025282621384 
1874	 0.229960769414902 
1875	 0.22689463198185 
1876	 0.223929524421692 
1877	 0.221117570996284 
1878	 0.217923894524574 
1879	 0.214756593108177 
1880	 0.211628243327141 
1881	 0.208422169089317 
1882	 0.205505594611168 
1883	 0.202631503343582 
1884	 0.199673518538475 
1885	 0.196896687150002 
1886	 0.194245710968971 
1887	 0.191433057188988 
1888	 0.188795834779739 
1889	 0.186429634690285 
1890	 0.183905124664307 
1891	 0.181742042303085 
1892	 0.179712072014809 
1893	 0.177670627832413 
1894	 0.175831913948059 
1895	 0.17385296523571 
1896	 0.172061860561371 
1897	 0.170368611812592 
1898	 0.168868750333786 
1899	 0.167242646217346 
1900	 0.165580406785011 
1901	 0.164001598954201 
1902	 0.162596061825752 
1903	 0.16142101585865 
1904	 0.160372644662857 
1905	 0.15935043990612 
1906	 0.158246695995331 
1907	 0.157186180353165 
1908	 0.156012371182442 
1909	 0.155136898159981 
1910	 0.154423043131828 
1911	 0.153627544641495 
1912	 0.152935296297073 
1913	 0.152431517839432 
1914	 0.151819720864296 
1915	 0.151181176304817 
1916	 0.1506667137146 
1917	 0.149838089942932 
1918	 0.149352103471756 
1919	 0.148970648646355 
1920	 0.149006441235542 
1921	 0.148747101426125 
1922	 0.148738145828247 
1923	 0.148534074425697 
1924	 0.14799764752388 
1925	 0.148189902305603 
1926	 0.148370340466499 
1927	 0.148196756839752 
1928	 0.148385897278786 
1929	 0.148445561528206 
1930	 0.148297220468521 
1931	 0.147970050573349 
1932	 0.148070722818375 
1933	 0.148074209690094 
1934	 0.14787469804287 
1935	 0.147875741124153 
1936	 0.148123398423195 
1937	 0.148413047194481 
1938	 0.14864893257618 
1939	 0.149049445986748 
1940	 0.149356976151466 
1941	 0.1496721804142 
1942	 0.149700313806534 
1943	 0.149828612804413 
1944	 0.150009229779243 
1945	 0.150096192955971 
1946	 0.150410324335098 
1947	 0.150933012366295 
1948	 0.151464015245438 
1949	 0.151987701654434 
1950	 0.152432844042778 
1951	 0.152636379003525 
1952	 0.152901023626328 
1953	 0.153068780899048 
1954	 0.153246745467186 
1955	 0.153578624129295 
1956	 0.15408656001091 
1957	 0.154114380478859 
1958	 0.154345661401749 
1959	 0.154811769723892 
1960	 0.154942452907562 
1961	 0.155411928892136 
1962	 0.155962571501732 
1963	 0.156359151005745 
1964	 0.157037273049355 
1965	 0.157430186867714 
1966	 0.157797411084175 
1967	 0.157920688390732 
1968	 0.158087313175201 
1969	 0.158014804124832 
1970	 0.158221855759621 
1971	 0.158813446760178 
1972	 0.159085765480995 
1973	 0.159395694732666 
1974	 0.15984445810318 
1975	 0.160163059830666 
1976	 0.160505592823029 
1977	 0.160959288477898 
1978	 0.161253541707993 
1979	 0.161413252353668 
1980	 0.161776274442673 
1981	 0.162030294537544 
1982	 0.162294030189514 
1983	 0.16265957057476 
1984	 0.162860065698624 
1985	 0.163047820329666 
1986	 0.1634840965271 
1987	 0.163917005062103 
1988	 0.164045348763466 
1989	 0.164317071437836 
1990	 0.16454790532589 
1991	 0.164987176656723 
1992	 0.165433391928673 
1993	 0.165928319096565 
1994	 0.166583359241486 
1995	 0.16691817343235 
1996	 0.166843920946121 
1997	 0.167064756155014 
1998	 0.167393311858177 
1999	 0.167460530996323 
2000	 0.167757868766785 
2001	 0.168143942952156 
2002	 0.168460458517075 
2003	 0.168663650751114 
2004	 0.169029846787453 
2005	 0.169238194823265 
2006	 0.169271320104599 
2007	 0.169262140989304 
2008	 0.169179245829582 
2009	 0.169506743550301 
2010	 0.169933646917343 
2011	 0.169909551739693 
2012	 0.16997005045414 
2013	 0.169894352555275 
2014	 0.169424951076508 
2015	 0.169377401471138 
2016	 0.169875949621201 
2017	 0.169917300343513 
2018	 0.169772982597351 
2019	 0.169922336935997 
2020	 0.169817462563515 
2021	 0.169450238347054 
2022	 0.169464647769928 
2023	 0.169386461377144 
2024	 0.169297307729721 
2025	 0.169143676757813 
2026	 0.168867632746696 
2027	 0.168728813529015 
2028	 0.16862653195858 
2029	 0.168656602501869 
2030	 0.168556421995163 
2031	 0.168482348322868 
2032	 0.168249309062958 
2033	 0.167891696095467 
2034	 0.167580097913742 
2035	 0.167269885540009 
2036	 0.167119860649109 
2037	 0.167104840278625 
2038	 0.166768819093704 
2039	 0.166353195905685 
2040	 0.166003793478012 
2041	 0.165673196315765 
2042	 0.165478020906448 
2043	 0.165248855948448 
2044	 0.165172055363655 
2045	 0.164962872862816 
2046	 0.164673864841461 
2047	 0.164301335811615 
2048	 0.16396164894104 
2049	 0.163928687572479 
2050	 0.163853004574776 
2051	 0.163491353392601 
2052	 0.163051351904869 
2053	 0.162572488188744 
2054	 0.162187784910202 
2055	 0.161821231245995 
2056	 0.161737114191055 
2057	 0.161809802055359 
2058	 0.161626443266869 
2059	 0.16113692522049 
2060	 0.160979554057121 
2061	 0.16098490357399 
2062	 0.160704597830772 
2063	 0.160522803664207 
2064	 0.160587459802628 
2065	 0.160369992256165 
2066	 0.15987454354763 
2067	 0.159658998250961 
2068	 0.159589260816574 
2069	 0.159399852156639 
2070	 0.159280091524124 
2071	 0.1592106372118 
2072	 0.158962368965149 
2073	 0.158745944499969 
2074	 0.158557757735252 
2075	 0.158481046557426 
2076	 0.158397153019905 
2077	 0.158321797847748 
2078	 0.1585653424263 
2079	 0.158690616488457 
2080	 0.158623024821281 
2081	 0.158667400479317 
2082	 0.158593565225601 
2083	 0.158329695463181 
2084	 0.158264204859734 
2085	 0.158260300755501 
2086	 0.158254131674767 
2087	 0.158348262310028 
2088	 0.158410504460335 
2089	 0.158532440662384 
2090	 0.15860153734684 
2091	 0.158651754260063 
2092	 0.158587023615837 
2093	 0.158414602279663 
2094	 0.158360108733177 
2095	 0.158474519848824 
2096	 0.15876504778862 
2097	 0.15889148414135 
2098	 0.158933639526367 
2099	 0.158813834190369 
2100	 0.158595979213715 
2101	 0.158782735466957 
2102	 0.159120127558708 
2103	 0.159471809864044 
2104	 0.159862175583839 
2105	 0.160107895731926 
2106	 0.160430014133453 
2107	 0.160496830940247 
2108	 0.160092189908028 
2109	 0.1601622402668 
2110	 0.160273998975754 
2111	 0.160688728094101 
2112	 0.161245957016945 
2113	 0.161679863929749 
2114	 0.16189631819725 
2115	 0.162204101681709 
2116	 0.162627279758453 
2117	 0.163244485855103 
2118	 0.163619503378868 
2119	 0.163485050201416 
2120	 0.163513690233231 
2121	 0.163635656237602 
2122	 0.164037242531776 
2123	 0.164717376232147 
2124	 0.165147215127945 
2125	 0.165435895323753 
2126	 0.165707990527153 
2127	 0.165878534317017 
2128	 0.16615754365921 
2129	 0.166497722268105 
2130	 0.166702106595039 
2131	 0.166948944330215 
2132	 0.16724394261837 
2133	 0.167567327618599 
2134	 0.167782559990883 
2135	 0.16803403198719 
2136	 0.168424233794212 
2137	 0.168929234147072 
2138	 0.169640079140663 
2139	 0.170139774680138 
2140	 0.170315638184547 
2141	 0.170650064945221 
2142	 0.170710638165474 
2143	 0.170970067381859 
2144	 0.171550616621971 
2145	 0.172118917107582 
2146	 0.172559604048729 
2147	 0.173037126660347 
2148	 0.173757269978523 
2149	 0.174196138978004 
2150	 0.174302026629448 
2151	 0.174714118242264 
2152	 0.175119072198868 
2153	 0.175269797444344 
2154	 0.175625145435333 
2155	 0.176160827279091 
2156	 0.176561057567596 
2157	 0.176946148276329 
2158	 0.177313268184662 
2159	 0.177432090044022 
2160	 0.177730843424797 
2161	 0.17809209227562 
2162	 0.178356826305389 
2163	 0.178692728281021 
2164	 0.178962200880051 
2165	 0.178880497813225 
2166	 0.179244503378868 
2167	 0.179868310689926 
2168	 0.180291667580605 
2169	 0.180794209241867 
2170	 0.181464836001396 
2171	 0.181898772716522 
2172	 0.182471871376038 
2173	 0.183013945817947 
2174	 0.183191910386086 
2175	 0.183437764644623 
2176	 0.183924555778503 
2177	 0.184500142931938 
2178	 0.185228630900383 
2179	 0.18557034432888 
2180	 0.185316503047943 
2181	 0.185060918331146 
2182	 0.185336723923683 
2183	 0.185991644859314 
2184	 0.186360657215118 
2185	 0.186634719371796 
2186	 0.186765298247337 
2187	 0.186941742897034 
2188	 0.187035828828812 
2189	 0.187380358576775 
2190	 0.187846764922142 
2191	 0.188191145658493 
2192	 0.188628569245338 
2193	 0.188792914152145 
2194	 0.189003109931946 
2195	 0.189629226922989 
2196	 0.1898303180933 
2197	 0.189830765128136 
2198	 0.190284803509712 
2199	 0.190608143806458 
2200	 0.190995916724205 
2201	 0.191624775528908 
2202	 0.191661775112152 
2203	 0.191447392106056 
2204	 0.191352769732475 
2205	 0.191354781389236 
2206	 0.191872507333755 
2207	 0.192477822303772 
2208	 0.192772090435028 
2209	 0.193100064992905 
2210	 0.193386107683182 
2211	 0.193323835730553 
2212	 0.193359658122063 
2213	 0.193748563528061 
2214	 0.193777695298195 
2215	 0.193181097507477 
2216	 0.19320385158062 
2217	 0.193557560443878 
2218	 0.193637117743492 
2219	 0.193936631083488 
2220	 0.19407656788826 
2221	 0.193745955824852 
2222	 0.193662986159325 
2223	 0.193218603730202 
2224	 0.193185612559319 
2225	 0.193467646837234 
2226	 0.19292064011097 
2227	 0.192610755562782 
2228	 0.19243323802948 
2229	 0.191736787557602 
2230	 0.191477060317993 
2231	 0.191595286130905 
2232	 0.191206783056259 
2233	 0.19054339826107 
2234	 0.189946740865707 
2235	 0.189454182982445 
2236	 0.189264416694641 
2237	 0.188932999968529 
2238	 0.189128294587135 
2239	 0.188609465956688 
2240	 0.187370374798775 
2241	 0.186565592885017 
2242	 0.185617133975029 
2243	 0.184730067849159 
2244	 0.184243097901344 
2245	 0.183533549308777 
2246	 0.182561650872231 
2247	 0.181901946663857 
2248	 0.181452661752701 
2249	 0.180155575275421 
2250	 0.178910419344902 
2251	 0.178152114152908 
2252	 0.176894888281822 
2253	 0.175730124115944 
2254	 0.174846068024635 
2255	 0.173833385109901 
2256	 0.173268288373947 
2257	 0.172924697399139 
2258	 0.172172904014587 
2259	 0.17108890414238 
2260	 0.170092701911926 
2261	 0.16936232149601 
2262	 0.16888053715229 
2263	 0.168043151497841 
2264	 0.166953176259995 
2265	 0.165832474827766 
2266	 0.164641439914703 
2267	 0.163979753851891 
2268	 0.163305163383484 
2269	 0.16260339319706 
2270	 0.162372499704361 
2271	 0.162035092711449 
2272	 0.16178397834301 
2273	 0.16207318007946 
2274	 0.161886855959892 
2275	 0.161106929183006 
2276	 0.160795718431473 
2277	 0.160460397601128 
2278	 0.160312950611115 
2279	 0.160820603370667 
2280	 0.16089391708374 
2281	 0.160773068666458 
2282	 0.160820692777634 
2283	 0.160796642303467 
2284	 0.160230338573456 
2285	 0.160306170582771 
2286	 0.160249099135399 
2287	 0.159734442830086 
2288	 0.159572556614876 
2289	 0.159572616219521 
2290	 0.159248143434525 
2291	 0.158655196428299 
2292	 0.158214569091797 
2293	 0.157768741250038 
2294	 0.157380253076553 
2295	 0.157156556844711 
2296	 0.157009825110435 
2297	 0.156990200281143 
2298	 0.156648501753807 
2299	 0.155771732330322 
2300	 0.154594928026199 
2301	 0.153604462742805 
2302	 0.153203219175339 
2303	 0.153266221284866 
2304	 0.153373718261719 
2305	 0.153106346726418 
2306	 0.152673572301865 
2307	 0.152297213673592 
2308	 0.151825606822968 
2309	 0.151411846280098 
2310	 0.151134997606277 
2311	 0.150629088282585 
2312	 0.150205731391907 
2313	 0.149936005473137 
2314	 0.149337828159332 
2315	 0.148665875196457 
2316	 0.147853568196297 
2317	 0.147343158721924 
2318	 0.147458612918854 
2319	 0.147043779492378 
2320	 0.146709382534027 
2321	 0.146847903728485 
2322	 0.145992279052734 
2323	 0.14528401196003 
2324	 0.144592106342316 
2325	 0.144249275326729 
2326	 0.144147470593452 
2327	 0.143955558538437 
2328	 0.143906593322754 
2329	 0.143492072820663 
2330	 0.14277882874012 
2331	 0.142122164368629 
2332	 0.141666918992996 
2333	 0.141677096486092 
2334	 0.141937330365181 
2335	 0.141401365399361 
2336	 0.140855088829994 
2337	 0.141298040747643 
2338	 0.141617715358734 
2339	 0.141497209668159 
2340	 0.140973046422005 
2341	 0.140442967414856 
2342	 0.139687076210976 
2343	 0.138918057084084 
2344	 0.139065235853195 
2345	 0.13907290995121 
2346	 0.13866975903511 
2347	 0.138619616627693 
2348	 0.138338506221771 
2349	 0.137670025229454 
2350	 0.137734606862068 
2351	 0.137519121170044 
2352	 0.13672086596489 
2353	 0.136399358510971 
2354	 0.135792031884193 
2355	 0.136070400476456 
2356	 0.137514963746071 
2357	 0.137876257300377 
2358	 0.137319788336754 
2359	 0.136681064963341 
2360	 0.136281594634056 
2361	 0.136668667197227 
2362	 0.137215316295624 
2363	 0.137471362948418 
2364	 0.137363329529762 
2365	 0.136871263384819 
2366	 0.136683836579323 
2367	 0.136496439576149 
2368	 0.135377466678619 
2369	 0.134567722678185 
2370	 0.135079681873322 
2371	 0.135604739189148 
2372	 0.136763110756874 
2373	 0.136942729353905 
2374	 0.135112270712852 
2375	 0.134256944060326 
2376	 0.133434012532234 
2377	 0.133462518453598 
2378	 0.134722977876663 
2379	 0.13434049487114 
2380	 0.133734926581383 
2381	 0.133954763412476 
2382	 0.133303627371788 
2383	 0.132529720664024 
2384	 0.132766515016556 
2385	 0.1319250613451 
2386	 0.131117925047874 
2387	 0.132167026400566 
2388	 0.132396921515465 
2389	 0.132323250174522 
2390	 0.132518887519836 
2391	 0.131302714347839 
2392	 0.130310326814651 
2393	 0.130486726760864 
2394	 0.131148859858513 
2395	 0.131904020905495 
2396	 0.132304489612579 
2397	 0.131454721093178 
2398	 0.130796298384666 
2399	 0.130854949355125 
2400	 0.129413977265358 
2401	 0.128585427999496 
2402	 0.128540590405464 
2403	 0.128155335783958 
2404	 0.128919869661331 
2405	 0.130124732851982 
2406	 0.130249515175819 
2407	 0.12857423722744 
2408	 0.126699090003967 
2409	 0.126220762729645 
2410	 0.126220524311066 
2411	 0.126649796962738 
2412	 0.127672925591469 
2413	 0.126500159502029 
2414	 0.124362908303738 
2415	 0.12355612963438 
2416	 0.122985422611237 
2417	 0.124201275408268 
2418	 0.124484173953533 
2419	 0.123294569551945 
2420	 0.123627558350563 
2421	 0.12285029143095 
2422	 0.121011145412922 
2423	 0.120700985193253 
2424	 0.121084399521351 
2425	 0.120758071541786 
2426	 0.121551923453808 
2427	 0.12320127338171 
2428	 0.121757477521896 
2429	 0.118940740823746 
2430	 0.117914013564587 
2431	 0.116112850606441 
2432	 0.11532137542963 
2433	 0.116534717381001 
2434	 0.115282848477364 
2435	 0.1137969866395 
2436	 0.113532520830631 
2437	 0.112968780100346 
2438	 0.11424908041954 
2439	 0.115623034536839 
2440	 0.113743469119072 
2441	 0.11085457354784 
2442	 0.109018318355083 
2443	 0.108095802366734 
2444	 0.10836286842823 
2445	 0.108537763357162 
2446	 0.108424574136734 
2447	 0.106805093586445 
2448	 0.104725658893585 
2449	 0.107027471065521 
2450	 0.109721302986145 
2451	 0.109954513609409 
2452	 0.110028609633446 
2453	 0.108528092503548 
2454	 0.104917615652084 
2455	 0.103392578661442 
2456	 0.10501591861248 
2457	 0.103517018258572 
2458	 0.100494250655174 
2459	 0.099219061434269 
2460	 9.76003631949425E-02 
2461	 9.63574349880219E-02 
2462	 0.096887618303299 
2463	 0.098911888897419 
2464	 9.82338935136795E-02 
2465	 9.70867425203323E-02 
2466	 9.60209891200066E-02 
2467	 9.23602357506752E-02 
2468	 9.20983478426933E-02 
2469	 0.095124825835228 
2470	 9.51302722096443E-02 
2471	 9.39694121479988E-02 
2472	 9.42030251026154E-02 
2473	 9.42478999495506E-02 
2474	 9.47022885084152E-02 
2475	 9.80669856071472E-02 
2476	 9.76693704724312E-02 
2477	 0.093501403927803 
2478	 9.33243408799171E-02 
2479	 9.07758101820946E-02 
2480	 9.12372320890427E-02 
2481	 9.39903482794762E-02 
2482	 0.093411348760128 
2483	 0.094097837805748 
2484	 8.99383649230003E-02 
2485	 8.27017948031425E-02 
2486	 8.41755419969559E-02 
2487	 8.25452581048012E-02 
2488	 7.89000913500786E-02 
2489	 8.34874361753464E-02 
2490	 8.75778421759605E-02 
2491	 8.65495651960373E-02 
2492	 8.69706943631172E-02 
2493	 9.20147374272347E-02 
2494	 9.10265073180199E-02 
2495	 0.090263158082962 
2496	 9.71189215779305E-02 
2497	 0.096311129629612 
2498	 9.26157012581825E-02 
2499	 9.27384719252586E-02 
2500	 8.82233455777168E-02 
