350	 7.72133246064186E-02 
351	 7.30689242482185E-02 
352	 7.78423398733139E-02 
353	 8.18165764212608E-02 
354	 7.83389881253242E-02 
355	 0.079245999455452 
356	 8.12445729970932E-02 
357	 8.13416540622711E-02 
358	 7.85674527287483E-02 
359	 8.16209316253662E-02 
360	 8.38289707899094E-02 
361	 8.38529616594315E-02 
362	 8.50983038544655E-02 
363	 8.53971987962723E-02 
364	 8.62748995423317E-02 
365	 8.77822786569595E-02 
366	 8.63843411207199E-02 
367	 8.65391194820404E-02 
368	 8.82810577750206E-02 
369	 9.02122110128403E-02 
370	 9.11654308438301E-02 
371	 9.02503579854965E-02 
372	 8.90152156352997E-02 
373	 9.00609791278839E-02 
374	 9.07129421830177E-02 
375	 9.05100330710411E-02 
376	 0.090016171336174 
377	 9.07956883311272E-02 
378	 9.04641821980476E-02 
379	 9.06020104885101E-02 
380	 9.23052430152893E-02 
381	 9.21809673309326E-02 
382	 9.26394090056419E-02 
383	 9.31796059012413E-02 
384	 9.23585444688797E-02 
385	 9.30384621024132E-02 
386	 9.41948741674423E-02 
387	 9.48059484362602E-02 
388	 9.43410620093346E-02 
389	 9.32934060692787E-02 
390	 9.30624306201935E-02 
391	 9.41473692655563E-02 
392	 9.43985655903816E-02 
393	 9.48292315006256E-02 
394	 9.51415225863457E-02 
395	 9.48832258582115E-02 
396	 9.60546061396599E-02 
397	 9.69808772206306E-02 
398	 9.70035195350647E-02 
399	 9.67510566115379E-02 
400	 9.66510251164436E-02 
401	 9.71640571951866E-02 
402	 9.80491563677788E-02 
403	 9.72393527626991E-02 
404	 9.87861454486847E-02 
405	 0.101061418652534 
406	 0.100965157151222 
407	 0.100483499467373 
408	 0.101160690188408 
409	 0.102603510022163 
410	 0.102731592953205 
411	 0.102793119847775 
412	 0.103087559342384 
413	 0.103577665984631 
414	 0.103929586708546 
415	 0.103720292448997 
416	 0.103306092321873 
417	 0.103325806558132 
418	 0.104159101843834 
419	 0.104343838989735 
420	 0.103876359760761 
421	 0.104211986064911 
422	 0.104237839579582 
423	 0.104399472475052 
424	 0.104886405169964 
425	 0.104538030922413 
426	 0.10453300178051 
427	 0.104758389294147 
428	 0.104706190526485 
429	 0.105088986456394 
430	 0.105337649583817 
431	 0.105281323194504 
432	 0.105269864201546 
433	 0.105197235941887 
434	 0.105241470038891 
435	 0.105539627373219 
436	 0.106019362807274 
437	 0.106321297585964 
438	 0.10647489130497 
439	 0.106717512011528 
440	 0.107242494821548 
441	 0.107357986271381 
442	 0.107044398784637 
443	 0.107278533279896 
444	 0.107266299426556 
445	 0.10690139234066 
446	 0.106450624763966 
447	 0.106902122497559 
448	 0.106985107064247 
449	 0.106592811644077 
450	 0.106461718678474 
451	 0.106787353754044 
452	 0.106979988515377 
453	 0.106905423104763 
454	 0.107522793114185 
455	 0.108005113899708 
456	 0.108362458646297 
457	 0.108831830322742 
458	 0.109303817152977 
459	 0.109755717217922 
460	 0.110192731022835 
461	 0.110646612942219 
462	 0.111030578613281 
463	 0.111453853547573 
464	 0.111934214830399 
465	 0.112160697579384 
466	 0.112281799316406 
467	 0.112355552613735 
468	 0.112437963485718 
469	 0.112808406352997 
470	 0.113202884793282 
471	 0.113518856465816 
472	 0.113923788070679 
473	 0.114644579589367 
474	 0.115457527339458 
475	 0.116131201386452 
476	 0.116874098777771 
477	 0.117481075227261 
478	 0.117892503738403 
479	 0.11816418170929 
480	 0.118406780064106 
481	 0.118576496839523 
482	 0.118602469563484 
483	 0.118377052247524 
484	 0.11832058429718 
485	 0.118356935679913 
486	 0.118279837071896 
487	 0.118146106600761 
488	 0.118154361844063 
489	 0.118306152522564 
490	 0.118399992585182 
491	 0.118534602224827 
492	 0.1187384724617 
493	 0.119001016020775 
494	 0.119226343929768 
495	 0.119681335985661 
496	 0.120449349284172 
497	 0.121467739343643 
498	 0.122490368783474 
499	 0.12346375733614 
500	 0.124449297785759 
501	 0.125661954283714 
502	 0.126507669687271 
503	 0.127121120691299 
504	 0.127776309847832 
505	 0.128328621387482 
506	 0.128788307309151 
507	 0.129137963056564 
508	 0.129346966743469 
509	 0.129653811454773 
510	 0.130112051963806 
511	 0.130646839737892 
512	 0.130977541208267 
513	 0.131114393472672 
514	 0.131278201937675 
515	 0.131719812750816 
516	 0.132167160511017 
517	 0.132461652159691 
518	 0.132597208023071 
519	 0.132739990949631 
520	 0.13288901746273 
521	 0.133092150092125 
522	 0.133370831608772 
523	 0.133648663759232 
524	 0.133990079164505 
525	 0.134353145956993 
526	 0.13463094830513 
527	 0.13500152528286 
528	 0.135509639978409 
529	 0.136081606149673 
530	 0.136409103870392 
531	 0.136890888214111 
532	 0.137465178966522 
533	 0.137928873300552 
534	 0.138497099280357 
535	 0.139084234833717 
536	 0.139617562294006 
537	 0.140064507722855 
538	 0.14056584239006 
539	 0.141050279140472 
540	 0.14144130051136 
541	 0.141851812601089 
542	 0.142302066087723 
543	 0.142779499292374 
544	 0.143242180347443 
545	 0.14366489648819 
546	 0.144091904163361 
547	 0.144510492682457 
548	 0.144726514816284 
549	 0.145010977983475 
550	 0.145365282893181 
551	 0.145665571093559 
552	 0.145795494318008 
553	 0.145905122160912 
554	 0.14603129029274 
555	 0.146036207675934 
556	 0.146094962954521 
557	 0.146149933338165 
558	 0.146109312772751 
559	 0.145982727408409 
560	 0.145824193954468 
561	 0.145693197846413 
562	 0.145649656653404 
563	 0.145667091012001 
564	 0.145709276199341 
565	 0.14574733376503 
566	 0.145751670002937 
567	 0.14587265253067 
568	 0.146025240421295 
569	 0.146035835146904 
570	 0.145942166447639 
571	 0.145683258771896 
572	 0.14526142179966 
573	 0.144774749875069 
574	 0.144138470292091 
575	 0.143431782722473 
576	 0.142790153622627 
577	 0.14235782623291 
578	 0.142096638679504 
579	 0.141916945576668 
580	 0.141696527600288 
581	 0.141476511955261 
582	 0.141342908143997 
583	 0.14137002825737 
584	 0.141614511609077 
585	 0.141879186034203 
586	 0.142053216695786 
587	 0.142083734273911 
588	 0.141973838210106 
589	 0.141795843839645 
590	 0.141657516360283 
591	 0.141707375645638 
592	 0.141852721571922 
593	 0.14199423789978 
594	 0.142044797539711 
595	 0.14197912812233 
596	 0.141768366098404 
597	 0.141432613134384 
598	 0.1410221606493 
599	 0.140446662902832 
600	 0.139818832278252 
601	 0.139285981655121 
602	 0.13895845413208 
603	 0.138937756419182 
604	 0.13921745121479 
605	 0.139699757099152 
606	 0.140162020921707 
607	 0.1405129134655 
608	 0.140680700540543 
609	 0.140608251094818 
610	 0.140417069196701 
611	 0.140088707208633 
612	 0.139590814709663 
613	 0.13896669447422 
614	 0.138400614261627 
615	 0.13787679374218 
616	 0.137236028909683 
617	 0.136494845151901 
618	 0.135752946138382 
619	 0.135081052780151 
620	 0.134461238980293 
621	 0.133919328451157 
622	 0.133445903658867 
623	 0.133035749197006 
624	 0.132784590125084 
625	 0.132499903440475 
626	 0.132161229848862 
627	 0.131971165537834 
628	 0.131765693426132 
629	 0.131610989570618 
630	 0.131555914878845 
631	 0.131399318575859 
632	 0.131310641765594 
633	 0.131254851818085 
634	 0.131085857748985 
635	 0.131068512797356 
636	 0.131090417504311 
637	 0.131099388003349 
638	 0.131267309188843 
639	 0.131414741277695 
640	 0.131522357463837 
641	 0.131626531481743 
642	 0.131716027855873 
643	 0.131843402981758 
644	 0.13203102350235 
645	 0.132260531187057 
646	 0.132393345236778 
647	 0.132552370429039 
648	 0.132825627923012 
649	 0.133038863539696 
650	 0.13326533138752 
651	 0.133552357554436 
652	 0.133909180760384 
653	 0.134175822138786 
654	 0.134440824389458 
655	 0.134763091802597 
656	 0.135129615664482 
657	 0.135419964790344 
658	 0.135694593191147 
659	 0.136035323143005 
660	 0.136378660798073 
661	 0.13667343556881 
662	 0.136923536658287 
663	 0.137181416153908 
664	 0.137546613812447 
665	 0.13790924847126 
666	 0.13821105659008 
667	 0.138586908578873 
668	 0.1390251070261 
669	 0.139434218406677 
670	 0.139733031392097 
671	 0.140094771981239 
672	 0.14051128923893 
673	 0.140961065888405 
674	 0.141424417495728 
675	 0.141873940825462 
676	 0.142374128103256 
677	 0.142949566245079 
678	 0.143451869487762 
679	 0.143876418471336 
680	 0.144267231225967 
681	 0.144692897796631 
682	 0.145194754004478 
683	 0.145645812153816 
684	 0.146043479442596 
685	 0.146581843495369 
686	 0.147088468074799 
687	 0.147585734724998 
688	 0.148130431771278 
689	 0.14875116944313 
690	 0.149313569068909 
691	 0.14984592795372 
692	 0.150473147630692 
693	 0.151152595877647 
694	 0.151827067136765 
695	 0.152461990714073 
696	 0.153069719672203 
697	 0.153801217675209 
698	 0.15455786883831 
699	 0.155211299657822 
700	 0.155882507562637 
701	 0.156675457954407 
702	 0.157511427998543 
703	 0.15818564593792 
704	 0.158897861838341 
705	 0.159655183553696 
706	 0.160414278507233 
707	 0.161086797714233 
708	 0.161818757653236 
709	 0.162587314844131 
710	 0.163324162364006 
711	 0.16409532725811 
712	 0.164809927344322 
713	 0.165484115481377 
714	 0.166218280792236 
715	 0.166898742318153 
716	 0.167629718780518 
717	 0.168437898159027 
718	 0.169123217463493 
719	 0.169789746403694 
720	 0.17048043012619 
721	 0.171188905835152 
722	 0.171753957867622 
723	 0.172381594777107 
724	 0.173103973269463 
725	 0.173780649900436 
726	 0.174373582005501 
727	 0.174953639507294 
728	 0.175576165318489 
729	 0.176221683621407 
730	 0.17678439617157 
731	 0.177308902144432 
732	 0.177878350019455 
733	 0.178441807627678 
734	 0.179033443331718 
735	 0.179608702659607 
736	 0.180071458220482 
737	 0.180576235055923 
738	 0.181091129779816 
739	 0.181581407785416 
740	 0.182069972157478 
741	 0.18253667652607 
742	 0.18300499022007 
743	 0.183492109179497 
744	 0.183901503682137 
745	 0.184308335185051 
746	 0.184713214635849 
747	 0.185069650411606 
748	 0.185478091239929 
749	 0.185897514224052 
750	 0.186299964785576 
751	 0.186709314584732 
752	 0.187050879001617 
753	 0.18735645711422 
754	 0.187690526247025 
755	 0.188111454248428 
756	 0.18848517537117 
757	 0.18878585100174 
758	 0.189072087407112 
759	 0.189434766769409 
760	 0.189738288521767 
761	 0.189977809786797 
762	 0.190341278910637 
763	 0.190694004297256 
764	 0.191001296043396 
765	 0.191283285617828 
766	 0.191649243235588 
767	 0.19192436337471 
768	 0.192180410027504 
769	 0.192540287971497 
770	 0.192760080099106 
771	 0.192969709634781 
772	 0.193222388625145 
773	 0.193467110395432 
774	 0.193674892187119 
775	 0.193886771798134 
776	 0.194119244813919 
777	 0.194311872124672 
778	 0.194582372903824 
779	 0.19484169781208 
780	 0.19500245153904 
781	 0.195233851671219 
782	 0.195445790886879 
783	 0.195624843239784 
784	 0.195804163813591 
785	 0.19596241414547 
786	 0.196145579218864 
787	 0.196367964148521 
788	 0.196592703461647 
789	 0.196734100580215 
790	 0.196887880563736 
791	 0.197106182575226 
792	 0.197258308529854 
793	 0.1973896920681 
794	 0.197563514113426 
795	 0.197800487279892 
796	 0.197918504476547 
797	 0.19800853729248 
798	 0.198138102889061 
799	 0.198328927159309 
800	 0.19847671687603 
801	 0.198608040809631 
802	 0.198749676346779 
803	 0.198903024196625 
804	 0.199010863900185 
805	 0.199119478464127 
806	 0.19926805794239 
807	 0.199433118104935 
808	 0.199532851576805 
809	 0.199571907520294 
810	 0.199610248208046 
811	 0.199771657586098 
812	 0.19994281232357 
813	 0.200060293078423 
814	 0.20010507106781 
815	 0.20012278854847 
816	 0.200199723243713 
817	 0.200328722596169 
818	 0.200410291552544 
819	 0.200524315237999 
820	 0.200604289770126 
821	 0.200634151697159 
822	 0.200740709900856 
823	 0.200848311185837 
824	 0.200931653380394 
825	 0.200981572270393 
826	 0.200997278094292 
827	 0.200972601771355 
828	 0.200980424880981 
829	 0.201081395149231 
830	 0.201110363006592 
831	 0.201170086860657 
832	 0.201261699199677 
833	 0.201307877898216 
834	 0.201299339532852 
835	 0.20136471092701 
836	 0.201503559947014 
837	 0.201575502753258 
838	 0.201577454805374 
839	 0.201551094651222 
840	 0.201536104083061 
841	 0.201540008187294 
842	 0.201501622796059 
843	 0.201468423008919 
844	 0.20146544277668 
845	 0.20137757062912 
846	 0.201401919126511 
847	 0.20146569609642 
848	 0.201441764831543 
849	 0.20144160091877 
850	 0.201451048254967 
851	 0.201470911502838 
852	 0.201508209109306 
853	 0.20157915353775 
854	 0.201594457030296 
855	 0.201551079750061 
856	 0.201516821980476 
857	 0.201424360275269 
858	 0.201356619596481 
859	 0.201361954212189 
860	 0.201418235898018 
861	 0.201453059911728 
862	 0.201434969902039 
863	 0.201379433274269 
864	 0.201371878385544 
865	 0.201257556676865 
866	 0.201184421777725 
867	 0.20123977959156 
868	 0.20122230052948 
869	 0.201174840331078 
870	 0.201084539294243 
871	 0.200972020626068 
872	 0.200943231582642 
873	 0.200892567634583 
874	 0.200869843363762 
875	 0.200929567217827 
876	 0.200885191559792 
877	 0.200777962803841 
878	 0.200737491250038 
879	 0.200843319296837 
880	 0.200744822621346 
881	 0.200589373707771 
882	 0.200469046831131 
883	 0.200417205691338 
884	 0.200324609875679 
885	 0.20019493997097 
886	 0.200063019990921 
887	 0.199967086315155 
888	 0.199980288743973 
889	 0.19982798397541 
890	 0.199563652276993 
891	 0.199541687965393 
892	 0.199522942304611 
893	 0.199481919407845 
894	 0.199370086193085 
895	 0.199129834771156 
896	 0.199034705758095 
897	 0.198945686221123 
898	 0.198802605271339 
899	 0.198732778429985 
900	 0.198564410209656 
901	 0.198373451828957 
902	 0.198223769664764 
903	 0.198079839348793 
904	 0.197863861918449 
905	 0.197630017995834 
906	 0.197456449270248 
907	 0.197431340813637 
908	 0.197136104106903 
909	 0.196844711899757 
910	 0.196723267436028 
911	 0.196442395448685 
912	 0.196240350604057 
913	 0.195981711149216 
914	 0.195646718144417 
915	 0.195616006851196 
916	 0.195448964834213 
917	 0.19514736533165 
918	 0.194846570491791 
919	 0.194688007235527 
920	 0.194526866078377 
921	 0.194264322519302 
922	 0.193949595093727 
923	 0.193891659379005 
924	 0.193469449877739 
925	 0.193096294999123 
926	 0.193062320351601 
927	 0.192806839942932 
928	 0.192475527524948 
929	 0.192085146903992 
930	 0.191713631153107 
931	 0.19158960878849 
932	 0.191317692399025 
933	 0.190948531031609 
934	 0.190612435340881 
935	 0.190362274646759 
936	 0.19013375043869 
937	 0.189714148640633 
938	 0.18918177485466 
939	 0.189129874110222 
940	 0.188834875822067 
941	 0.188471108675003 
942	 0.188200533390045 
943	 0.187840133905411 
944	 0.187624126672745 
945	 0.187421754002571 
946	 0.187115699052811 
947	 0.186741217970848 
948	 0.186601281166077 
949	 0.186238154768944 
950	 0.185622826218605 
951	 0.185395702719688 
952	 0.185057118535042 
953	 0.184778571128845 
954	 0.184617429971695 
955	 0.184385597705841 
956	 0.184043526649475 
957	 0.183835044503212 
958	 0.183639407157898 
959	 0.183098554611206 
960	 0.182921469211578 
961	 0.18272702395916 
962	 0.182299733161926 
963	 0.181724891066551 
964	 0.181465059518814 
965	 0.181294426321983 
966	 0.180979177355766 
967	 0.180438846349716 
968	 0.180046007037163 
969	 0.179964110255241 
970	 0.179967284202576 
971	 0.179723471403122 
972	 0.179185390472412 
973	 0.17880867421627 
974	 0.178590878844261 
975	 0.178335279226303 
976	 0.177820727229118 
977	 0.177652627229691 
978	 0.17746776342392 
979	 0.177002921700478 
980	 0.176666304469109 
981	 0.176206067204475 
982	 0.176021069288254 
983	 0.176062777638435 
984	 0.175651609897614 
985	 0.175020754337311 
986	 0.174891039729118 
987	 0.1749617010355 
988	 0.174281284213066 
989	 0.17404380440712 
990	 0.173939913511276 
991	 0.173819974064827 
992	 0.173616528511047 
993	 0.172864019870758 
994	 0.172119274735451 
995	 0.1720931828022 
996	 0.172768399119377 
997	 0.172268018126488 
998	 0.171317771077156 
999	 0.170962259173393 
1000	 0.171287313103676 
1001	 0.172166541218758 
1002	 0.172025099396706 
1003	 0.172011733055115 
1004	 0.171489328145981 
1005	 0.170911058783531 
1006	 0.17054346203804 
1007	 0.170053571462631 
1008	 0.169621840119362 
1009	 0.169430881738663 
1010	 0.169202417135239 
1011	 0.168853148818016 
1012	 0.168620184063911 
1013	 0.168571546673775 
1014	 0.168506026268005 
1015	 0.16819030046463 
1016	 0.167902261018753 
1017	 0.167599096894264 
1018	 0.167263463139534 
1019	 0.167020946741104 
1020	 0.166861549019814 
1021	 0.166620060801506 
1022	 0.166374534368515 
1023	 0.166113093495369 
1024	 0.165830463171005 
1025	 0.165524750947952 
1026	 0.165149599313736 
1027	 0.164944589138031 
1028	 0.164819523692131 
1029	 0.164597004652023 
1030	 0.16454915702343 
1031	 0.164549395442009 
1032	 0.16450160741806 
1033	 0.164371758699417 
1034	 0.164186358451843 
1035	 0.163936227560043 
1036	 0.163718685507774 
1037	 0.163380101323128 
1038	 0.163214117288589 
1039	 0.163226783275604 
1040	 0.163082346320152 
1041	 0.162922903895378 
1042	 0.162786245346069 
1043	 0.162631750106812 
1044	 0.162386208772659 
1045	 0.16230371594429 
1046	 0.161999270319939 
1047	 0.16175265610218 
1048	 0.161360681056976 
1049	 0.161342263221741 
1050	 0.161623820662498 
1051	 0.161487549543381 
1052	 0.161362841725349 
1053	 0.161181509494781 
1054	 0.160627424716949 
1055	 0.160345703363419 
1056	 0.160186231136322 
1057	 0.160121753811836 
1058	 0.160189941525459 
1059	 0.160203069448471 
1060	 0.160162717103958 
1061	 0.160155028104782 
1062	 0.160028919577599 
1063	 0.159642279148102 
1064	 0.159477710723877 
1065	 0.159381210803986 
1066	 0.159342035651207 
1067	 0.159347519278526 
1068	 0.159390345215797 
1069	 0.159689396619797 
1070	 0.159648060798645 
1071	 0.159233376383781 
1072	 0.159212023019791 
1073	 0.159244820475578 
1074	 0.159255370497704 
1075	 0.159506738185883 
1076	 0.15987241268158 
1077	 0.159918382763863 
1078	 0.159598082304001 
1079	 0.159710943698883 
1080	 0.159940153360367 
1081	 0.160089254379272 
1082	 0.160455793142319 
1083	 0.160639390349388 
1084	 0.160479351878166 
1085	 0.160679891705513 
1086	 0.161191999912262 
1087	 0.161422416567802 
1088	 0.161616817116737 
1089	 0.161897450685501 
1090	 0.161984786391258 
1091	 0.162159025669098 
1092	 0.162497088313103 
1093	 0.163128182291985 
1094	 0.163444817066193 
1095	 0.163686245679855 
1096	 0.163976415991783 
1097	 0.164156585931778 
1098	 0.164430513978004 
1099	 0.164733052253723 
1100	 0.16513255238533 
1101	 0.165769964456558 
1102	 0.166084006428719 
1103	 0.166196420788765 
1104	 0.166509628295898 
1105	 0.166684374213219 
1106	 0.166935443878174 
1107	 0.167287513613701 
1108	 0.167930111289024 
1109	 0.168321326375008 
1110	 0.168590679764748 
1111	 0.168914005160332 
1112	 0.169305026531219 
1113	 0.169529616832733 
1114	 0.169567465782166 
1115	 0.169797360897064 
1116	 0.170034050941467 
1117	 0.170272573828697 
1118	 0.170670956373215 
1119	 0.170956581830978 
1120	 0.171165868639946 
1121	 0.171336486935616 
1122	 0.171410799026489 
1123	 0.171561315655708 
1124	 0.171730488538742 
1125	 0.171883851289749 
1126	 0.172066554427147 
1127	 0.172358840703964 
1128	 0.172506645321846 
1129	 0.1725704818964 
1130	 0.172662824392319 
1131	 0.172650247812271 
1132	 0.172798737883568 
1133	 0.173074901103973 
1134	 0.173258543014526 
1135	 0.1735919713974 
1136	 0.173712551593781 
1137	 0.173596203327179 
1138	 0.173594012856483 
1139	 0.173522233963013 
1140	 0.173494219779968 
1141	 0.17354254424572 
1142	 0.173717722296715 
1143	 0.173787385225296 
1144	 0.173875898122787 
1145	 0.173870071768761 
1146	 0.173750057816505 
1147	 0.173757717013359 
1148	 0.173792615532875 
1149	 0.173791527748108 
1150	 0.173877656459808 
1151	 0.17386457324028 
1152	 0.173689305782318 
1153	 0.173643633723259 
1154	 0.17367248237133 
1155	 0.173668816685677 
1156	 0.173760280013084 
1157	 0.173720255494118 
1158	 0.173670426011086 
1159	 0.173611804842949 
1160	 0.173584878444672 
1161	 0.173550724983215 
1162	 0.173585832118988 
1163	 0.173702284693718 
1164	 0.173703134059906 
1165	 0.173692584037781 
1166	 0.173651948571205 
1167	 0.173488274216652 
1168	 0.173429608345032 
1169	 0.173387318849564 
1170	 0.17340125143528 
1171	 0.173568576574326 
1172	 0.173587813973427 
1173	 0.173532009124756 
1174	 0.173541560769081 
1175	 0.173455134034157 
1176	 0.173329412937164 
1177	 0.173300325870514 
1178	 0.173369899392128 
1179	 0.173340454697609 
1180	 0.173291280865669 
1181	 0.173264682292938 
1182	 0.173176154494286 
1183	 0.173194527626038 
1184	 0.173313170671463 
1185	 0.173339501023293 
1186	 0.173403173685074 
1187	 0.173391595482826 
1188	 0.173260167241096 
1189	 0.173243150115013 
1190	 0.173278033733368 
1191	 0.17325334250927 
1192	 0.173391789197922 
1193	 0.173438042402267 
1194	 0.173296466469765 
1195	 0.173208981752396 
1196	 0.173182651400566 
1197	 0.173120528459549 
1198	 0.173110097646713 
1199	 0.173213019967079 
1200	 0.173273846507072 
1201	 0.17329803109169 
1202	 0.173329845070839 
1203	 0.173441156744957 
1204	 0.17345754802227 
1205	 0.173360601067543 
1206	 0.17336605489254 
1207	 0.17337341606617 
1208	 0.173393055796623 
1209	 0.173458233475685 
1210	 0.173567444086075 
1211	 0.17361444234848 
1212	 0.173692241311073 
1213	 0.173803329467773 
1214	 0.173800513148308 
1215	 0.173699289560318 
1216	 0.173686787486076 
1217	 0.173698902130127 
1218	 0.173700749874115 
1219	 0.173772007226944 
1220	 0.173950850963593 
1221	 0.17403756082058 
1222	 0.174098074436188 
1223	 0.17417711019516 
1224	 0.174207583069801 
1225	 0.174324795603752 
1226	 0.174556285142899 
1227	 0.174694955348969 
1228	 0.174882456660271 
1229	 0.174913510680199 
1230	 0.174835965037346 
1231	 0.174754679203033 
1232	 0.174792349338531 
1233	 0.175004795193672 
1234	 0.175071820616722 
1235	 0.175055146217346 
1236	 0.175119325518608 
1237	 0.175108760595322 
1238	 0.175178423523903 
1239	 0.175449192523956 
1240	 0.175575375556946 
1241	 0.175607949495316 
1242	 0.175680503249168 
1243	 0.175724491477013 
1244	 0.175832867622375 
1245	 0.175992652773857 
1246	 0.176100119948387 
1247	 0.176220774650574 
1248	 0.17634129524231 
1249	 0.176351293921471 
1250	 0.176387682557106 
1251	 0.176558896899223 
1252	 0.176733404397964 
1253	 0.176910400390625 
1254	 0.177165925502777 
1255	 0.177320182323456 
1256	 0.177352741360664 
1257	 0.177392452955246 
1258	 0.177454859018326 
1259	 0.177575618028641 
1260	 0.177719190716743 
1261	 0.177872434258461 
1262	 0.17813766002655 
1263	 0.178276643157005 
1264	 0.178301244974136 
1265	 0.17842635512352 
1266	 0.178569421172142 
1267	 0.178702369332314 
1268	 0.178864434361458 
1269	 0.179033845663071 
1270	 0.179199516773224 
1271	 0.179398268461227 
1272	 0.179573431611061 
1273	 0.179744675755501 
1274	 0.179871007800102 
1275	 0.179961904883385 
1276	 0.180135309696198 
1277	 0.180350542068481 
1278	 0.18051415681839 
1279	 0.180646389722824 
1280	 0.180805638432503 
1281	 0.180925250053406 
1282	 0.181058570742607 
1283	 0.181181609630585 
1284	 0.181397393345833 
1285	 0.181668743491173 
1286	 0.181880295276642 
1287	 0.182152345776558 
1288	 0.182377278804779 
1289	 0.182564869523048 
1290	 0.182634234428406 
1291	 0.182736873626709 
1292	 0.18295419216156 
1293	 0.183065965771675 
1294	 0.18316088616848 
1295	 0.183514103293419 
1296	 0.183767005801201 
1297	 0.183889403939247 
1298	 0.184279426932335 
1299	 0.184562727808952 
1300	 0.184705287218094 
1301	 0.185091391205788 
1302	 0.185409635305405 
1303	 0.185648947954178 
1304	 0.186030358076096 
1305	 0.186358526349068 
1306	 0.18666310608387 
1307	 0.18698088824749 
1308	 0.187258049845695 
1309	 0.18763430416584 
1310	 0.188082009553909 
1311	 0.188488155603409 
1312	 0.188926875591278 
1313	 0.189346820116043 
1314	 0.189700081944466 
1315	 0.190166592597961 
1316	 0.190507397055626 
1317	 0.190903812646866 
1318	 0.191462337970734 
1319	 0.191824451088905 
1320	 0.192145764827728 
1321	 0.192568153142929 
1322	 0.192856714129448 
1323	 0.193136021494865 
1324	 0.193581804633141 
1325	 0.194077268242836 
1326	 0.194478288292885 
1327	 0.194816961884499 
1328	 0.195215106010437 
1329	 0.195591524243355 
1330	 0.195932894945145 
1331	 0.196274295449257 
1332	 0.196635857224464 
1333	 0.196985170245171 
1334	 0.197342321276665 
1335	 0.197718992829323 
1336	 0.198085755109787 
1337	 0.198435246944427 
1338	 0.19873920083046 
1339	 0.199012815952301 
1340	 0.199353829026222 
1341	 0.19962964951992 
1342	 0.199963241815567 
1343	 0.200334161520004 
1344	 0.20062480866909 
1345	 0.200942799448967 
1346	 0.201224908232689 
1347	 0.201517820358276 
1348	 0.20195497572422 
1349	 0.202357113361359 
1350	 0.202694922685623 
1351	 0.202993288636208 
1352	 0.20327827334404 
1353	 0.203623428940773 
1354	 0.203971579670906 
1355	 0.204300820827484 
1356	 0.204621970653534 
1357	 0.204864904284477 
1358	 0.205134257674217 
1359	 0.205443546175957 
1360	 0.205825194716454 
1361	 0.206076934933662 
1362	 0.206291645765305 
1363	 0.206549689173698 
1364	 0.206762716174126 
1365	 0.207016423344612 
1366	 0.207327947020531 
1367	 0.20759429037571 
1368	 0.2078567892313 
1369	 0.208103746175766 
1370	 0.20830836892128 
1371	 0.208554148674011 
1372	 0.208853915333748 
1373	 0.20908859372139 
1374	 0.209355771541595 
1375	 0.209666237235069 
1376	 0.209845021367073 
1377	 0.210091859102249 
1378	 0.210492804646492 
1379	 0.210775747895241 
1380	 0.211052715778351 
1381	 0.211440414190292 
1382	 0.21174743771553 
1383	 0.212057873606682 
1384	 0.212427064776421 
1385	 0.212693214416504 
1386	 0.212961375713348 
1387	 0.213348522782326 
1388	 0.213712304830551 
1389	 0.214088976383209 
1390	 0.214468717575073 
1391	 0.2148497402668 
1392	 0.215226948261261 
1393	 0.215633928775787 
1394	 0.216011986136436 
1395	 0.216376066207886 
1396	 0.216736823320389 
1397	 0.217099413275719 
1398	 0.217483475804329 
1399	 0.217922285199165 
1400	 0.218425035476685 
1401	 0.218845412135124 
1402	 0.219175085425377 
1403	 0.219582423567772 
1404	 0.21998542547226 
1405	 0.220386892557144 
1406	 0.220829173922539 
1407	 0.221226498484612 
1408	 0.221571579575539 
1409	 0.221974283456802 
1410	 0.222452580928802 
1411	 0.222884312272072 
1412	 0.22327421605587 
1413	 0.223597124218941 
1414	 0.223896354436874 
1415	 0.22428223490715 
1416	 0.224726676940918 
1417	 0.225170657038689 
1418	 0.225635573267937 
1419	 0.226060703396797 
1420	 0.226403087377548 
1421	 0.226866155862808 
1422	 0.227459251880646 
1423	 0.22793473303318 
1424	 0.228373527526855 
1425	 0.228866875171661 
1426	 0.229302614927292 
1427	 0.229777008295059 
1428	 0.230348780751228 
1429	 0.230914548039436 
1430	 0.231503695249557 
1431	 0.23198726773262 
1432	 0.232414335012436 
1433	 0.232942953705788 
1434	 0.233533203601837 
1435	 0.234047248959541 
1436	 0.234578236937523 
1437	 0.235142350196838 
1438	 0.235691964626312 
1439	 0.236279681324959 
1440	 0.236934095621109 
1441	 0.2375707924366 
1442	 0.23809540271759 
1443	 0.238557606935501 
1444	 0.239173084497452 
1445	 0.239895448088646 
1446	 0.240535497665405 
1447	 0.241131454706192 
1448	 0.241701453924179 
1449	 0.242277756333351 
1450	 0.242915570735931 
1451	 0.243581190705299 
1452	 0.24424535036087 
1453	 0.244805812835693 
1454	 0.245332002639771 
1455	 0.245986446738243 
1456	 0.246675997972488 
1457	 0.247351944446564 
1458	 0.248020216822624 
1459	 0.248627468943596 
1460	 0.249235570430756 
1461	 0.249935492873192 
1462	 0.250657081604004 
1463	 0.251323908567429 
1464	 0.251981496810913 
1465	 0.25257071852684 
1466	 0.25323560833931 
1467	 0.253942400217056 
1468	 0.254630714654922 
1469	 0.25537982583046 
1470	 0.256053775548935 
1471	 0.256555676460266 
1472	 0.25724858045578 
1473	 0.258051574230194 
1474	 0.258781373500824 
1475	 0.259457737207413 
1476	 0.260255396366119 
1477	 0.260964870452881 
1478	 0.261516988277435 
1479	 0.26218780875206 
1480	 0.262951910495758 
1481	 0.263623297214508 
1482	 0.264363646507263 
1483	 0.265185326337814 
1484	 0.265853762626648 
1485	 0.266464084386826 
1486	 0.267185419797897 
1487	 0.267943263053894 
1488	 0.268690466880798 
1489	 0.269481629133224 
1490	 0.270271897315979 
1491	 0.270992368459702 
1492	 0.271742701530457 
1493	 0.2724868953228 
1494	 0.273193061351776 
1495	 0.273983806371689 
1496	 0.274790644645691 
1497	 0.275555670261383 
1498	 0.276333779096603 
1499	 0.27708825469017 
1500	 0.27787321805954 
1501	 0.27870237827301 
1502	 0.279483735561371 
1503	 0.280261844396591 
1504	 0.281049430370331 
1505	 0.281796395778656 
1506	 0.282615393400192 
1507	 0.283516526222229 
1508	 0.284335047006607 
1509	 0.285121351480484 
1510	 0.285949558019638 
1511	 0.286752194166183 
1512	 0.287554711103439 
1513	 0.28831073641777 
1514	 0.289081245660782 
1515	 0.289859771728516 
1516	 0.290539294481277 
1517	 0.291304856538773 
1518	 0.292171508073807 
1519	 0.292965531349182 
1520	 0.293776512145996 
1521	 0.294555574655533 
1522	 0.295315206050873 
1523	 0.296037465333939 
1524	 0.296681433916092 
1525	 0.297367811203003 
1526	 0.298060029745102 
1527	 0.298740267753601 
1528	 0.299414485692978 
1529	 0.300137519836426 
1530	 0.300899505615234 
1531	 0.301650911569595 
1532	 0.302385628223419 
1533	 0.303119748830795 
1534	 0.30389130115509 
1535	 0.304610580205917 
1536	 0.30526328086853 
1537	 0.306101620197296 
1538	 0.306832671165466 
1539	 0.307403415441513 
1540	 0.308135360479355 
1541	 0.308954149484634 
1542	 0.309783279895782 
1543	 0.310607820749283 
1544	 0.311346501111984 
1545	 0.312028825283051 
1546	 0.312746554613113 
1547	 0.313452869653702 
1548	 0.314134299755096 
1549	 0.314895570278168 
1550	 0.315583050251007 
1551	 0.316241919994354 
1552	 0.317055433988571 
1553	 0.317763775587082 
1554	 0.318382203578949 
1555	 0.319196999073029 
1556	 0.320026397705078 
1557	 0.320779979228973 
1558	 0.321589320898056 
1559	 0.322303831577301 
1560	 0.322873622179031 
1561	 0.323553413152695 
1562	 0.32430624961853 
1563	 0.324956595897675 
1564	 0.325627505779266 
1565	 0.326280027627945 
1566	 0.326895117759705 
1567	 0.327596247196198 
1568	 0.328269273042679 
1569	 0.328915953636169 
1570	 0.329582542181015 
1571	 0.330319255590439 
1572	 0.3310586810112 
1573	 0.331726402044296 
1574	 0.332464396953583 
1575	 0.333098173141479 
1576	 0.333719164133072 
1577	 0.334409445524216 
1578	 0.334974378347397 
1579	 0.335669308900833 
1580	 0.336407899856567 
1581	 0.336987495422363 
1582	 0.337606281042099 
1583	 0.338220417499542 
1584	 0.338858485221863 
1585	 0.339638710021973 
1586	 0.340346932411194 
1587	 0.340962588787079 
1588	 0.341578245162964 
1589	 0.342147469520569 
1590	 0.342773497104645 
1591	 0.343443304300308 
1592	 0.344149708747864 
1593	 0.344887226819992 
1594	 0.345565587282181 
1595	 0.346305191516876 
1596	 0.347012579441071 
1597	 0.347543746232986 
1598	 0.348127514123917 
1599	 0.348759114742279 
1600	 0.349392503499985 
1601	 0.350163966417313 
1602	 0.35083743929863 
1603	 0.351392418146133 
1604	 0.351955890655518 
1605	 0.35245680809021 
1606	 0.353136003017426 
1607	 0.353937655687332 
1608	 0.354563921689987 
1609	 0.355198979377747 
1610	 0.355861961841583 
1611	 0.356344878673553 
1612	 0.356853455305099 
1613	 0.357455134391785 
1614	 0.35801500082016 
1615	 0.358572572469711 
1616	 0.359121114015579 
1617	 0.359654068946838 
1618	 0.360128074884415 
1619	 0.360600829124451 
1620	 0.361165702342987 
1621	 0.361684083938599 
1622	 0.362314164638519 
1623	 0.363004714250565 
1624	 0.363541513681412 
1625	 0.364130139350891 
1626	 0.364623963832855 
1627	 0.365034848451614 
1628	 0.365566849708557 
1629	 0.366016954183578 
1630	 0.36656391620636 
1631	 0.367222428321838 
1632	 0.367704182863235 
1633	 0.368192702531815 
1634	 0.368620127439499 
1635	 0.368929147720337 
1636	 0.369422882795334 
1637	 0.369957536458969 
1638	 0.370427519083023 
1639	 0.371020138263702 
1640	 0.371528446674347 
1641	 0.37188595533371 
1642	 0.372350364923477 
1643	 0.372794359922409 
1644	 0.373257964849472 
1645	 0.373857408761978 
1646	 0.374438345432281 
1647	 0.374952137470245 
1648	 0.375416994094849 
1649	 0.375876724720001 
1650	 0.376360863447189 
1651	 0.376852810382843 
1652	 0.37727016210556 
1653	 0.377715885639191 
1654	 0.378191649913788 
1655	 0.378498077392578 
1656	 0.378874659538269 
1657	 0.379361748695374 
1658	 0.379750609397888 
1659	 0.380304992198944 
1660	 0.380812793970108 
1661	 0.381070464849472 
1662	 0.381381809711456 
1663	 0.381749510765076 
1664	 0.382161647081375 
1665	 0.382535696029663 
1666	 0.382874876260757 
1667	 0.383277863264084 
1668	 0.383573591709137 
1669	 0.383935034275055 
1670	 0.384361684322357 
1671	 0.384528875350952 
1672	 0.38476225733757 
1673	 0.385184466838837 
1674	 0.385513126850128 
1675	 0.385897666215897 
1676	 0.386275500059128 
1677	 0.386693000793457 
1678	 0.387241721153259 
1679	 0.387688845396042 
1680	 0.388128310441971 
1681	 0.388474464416504 
1682	 0.388602703809738 
1683	 0.388916939496994 
1684	 0.389316231012344 
1685	 0.389641970396042 
1686	 0.390052855014801 
1687	 0.390395522117615 
1688	 0.39060977101326 
1689	 0.390893369913101 
1690	 0.391217827796936 
1691	 0.391570419073105 
1692	 0.39203953742981 
1693	 0.392310380935669 
1694	 0.392444401979446 
1695	 0.392720699310303 
1696	 0.392925322055817 
1697	 0.39316925406456 
1698	 0.393563896417618 
1699	 0.393880099058151 
1700	 0.394105136394501 
1701	 0.394373595714569 
1702	 0.394684493541718 
1703	 0.395007431507111 
1704	 0.395332634449005 
1705	 0.395638257265091 
1706	 0.395971775054932 
1707	 0.39627930521965 
1708	 0.396502941846848 
1709	 0.396820217370987 
1710	 0.397231787443161 
1711	 0.397537291049957 
1712	 0.397873908281326 
1713	 0.398111402988434 
1714	 0.39822643995285 
1715	 0.398421078920364 
1716	 0.39860400557518 
1717	 0.398814678192139 
1718	 0.39909353852272 
1719	 0.399273186922073 
1720	 0.399382263422012 
1721	 0.399588823318481 
1722	 0.399798333644867 
1723	 0.40001505613327 
1724	 0.40032172203064 
1725	 0.400550663471222 
1726	 0.400739431381226 
1727	 0.400885701179504 
1728	 0.400977432727814 
1729	 0.40116748213768 
1730	 0.401353478431702 
1731	 0.401471942663193 
1732	 0.401766270399094 
1733	 0.401939630508423 
1734	 0.402029156684875 
1735	 0.402095377445221 
1736	 0.402207791805267 
1737	 0.402210652828217 
1738	 0.402334958314896 
1739	 0.402656644582748 
1740	 0.402870684862137 
1741	 0.403098583221436 
1742	 0.403279513120651 
1743	 0.403355956077576 
1744	 0.403483003377914 
1745	 0.403591096401215 
1746	 0.403750061988831 
1747	 0.403943836688995 
1748	 0.404144644737244 
1749	 0.404407531023026 
1750	 0.404615849256516 
1751	 0.404840230941772 
1752	 0.405015796422958 
1753	 0.405104994773865 
1754	 0.405246257781982 
1755	 0.405359357595444 
1756	 0.405521720647812 
1757	 0.405876159667969 
1758	 0.405914604663849 
1759	 0.40569606423378 
1760	 0.405726909637451 
1761	 0.405613720417023 
1762	 0.405751883983612 
1763	 0.40626659989357 
1764	 0.406538784503937 
1765	 0.406793564558029 
1766	 0.406912684440613 
1767	 0.406892657279968 
1768	 0.406998038291931 
1769	 0.407054483890533 
1770	 0.40717139840126 
1771	 0.407423436641693 
1772	 0.407489389181137 
1773	 0.407412320375443 
1774	 0.40757891535759 
1775	 0.407765835523605 
1776	 0.408003777265549 
1777	 0.40834105014801 
1778	 0.408529907464981 
1779	 0.408702194690704 
1780	 0.408957600593567 
1781	 0.409136086702347 
1782	 0.409302473068237 
1783	 0.409406870603561 
1784	 0.409409582614899 
1785	 0.409482687711716 
1786	 0.409477382898331 
1787	 0.409574329853058 
1788	 0.409738957881927 
1789	 0.409954905509949 
1790	 0.410370230674744 
1791	 0.410565435886383 
1792	 0.41066375374794 
1793	 0.410791486501694 
1794	 0.410742521286011 
1795	 0.410875022411346 
1796	 0.411162972450256 
1797	 0.41135036945343 
1798	 0.411544173955917 
1799	 0.411726474761963 
1800	 0.411898225545883 
1801	 0.411998212337494 
1802	 0.411986321210861 
1803	 0.412213891744614 
1804	 0.412514090538025 
1805	 0.412802308797836 
1806	 0.41311913728714 
1807	 0.413093239068985 
1808	 0.413138806819916 
1809	 0.413350343704224 
1810	 0.413465917110443 
1811	 0.413618713617325 
1812	 0.413611203432083 
1813	 0.413550317287445 
1814	 0.413701713085175 
1815	 0.413923591375351 
1816	 0.414137989282608 
1817	 0.414177477359772 
1818	 0.414290308952332 
1819	 0.414416044950485 
1820	 0.41456326842308 
1821	 0.414762109518051 
1822	 0.414963692426682 
1823	 0.415108293294907 
1824	 0.415336072444916 
1825	 0.415589511394501 
1826	 0.415951460599899 
1827	 0.41647744178772 
1828	 0.416870296001434 
1829	 0.417332649230957 
1830	 0.417682707309723 
1831	 0.416766136884689 
1832	 0.416718691587448 
1833	 0.416791886091232 
1834	 0.416889101266861 
1835	 0.417148768901825 
1836	 0.41728538274765 
1837	 0.417472273111343 
1838	 0.417561829090118 
1839	 0.417517393827438 
1840	 0.417546272277832 
1841	 0.417595595121384 
1842	 0.417515307664871 
1843	 0.417502969503403 
1844	 0.417521566152573 
1845	 0.417453616857529 
1846	 0.417377293109894 
1847	 0.4173404276371 
1848	 0.417113840579987 
1849	 0.416928768157959 
1850	 0.416738629341125 
1851	 0.416641592979431 
1852	 0.416742980480194 
1853	 0.41698169708252 
1854	 0.41709890961647 
1855	 0.4174624979496 
1856	 0.417456150054932 
1857	 0.41724506020546 
1858	 0.416768968105316 
1859	 0.416351705789566 
1860	 0.416296303272247 
1861	 0.416396170854568 
1862	 0.416566997766495 
1863	 0.416665196418762 
1864	 0.416862308979034 
1865	 0.416760891675949 
1866	 0.416429251432419 
1867	 0.416226983070374 
1868	 0.416172713041306 
1869	 0.416026443243027 
1870	 0.415927737951279 
1871	 0.415994971990585 
1872	 0.415893465280533 
1873	 0.415857583284378 
1874	 0.415824443101883 
1875	 0.415834933519363 
1876	 0.41581866145134 
1877	 0.415872424840927 
1878	 0.415684670209885 
1879	 0.415534287691116 
1880	 0.415701180696487 
1881	 0.415783911943436 
1882	 0.415810078382492 
1883	 0.415681779384613 
1884	 0.415327340364456 
1885	 0.415144085884094 
1886	 0.414837807416916 
1887	 0.414784133434296 
1888	 0.414764076471329 
1889	 0.41480952501297 
1890	 0.414796739816666 
1891	 0.41444331407547 
1892	 0.414263397455215 
1893	 0.414172142744064 
1894	 0.413789987564087 
1895	 0.413431465625763 
1896	 0.413240730762482 
1897	 0.413156807422638 
1898	 0.412984013557434 
1899	 0.412679970264435 
1900	 0.412354350090027 
1901	 0.412120848894119 
1902	 0.411891669034958 
1903	 0.41165891289711 
1904	 0.411483764648438 
1905	 0.411161124706268 
1906	 0.410694748163223 
1907	 0.41042098402977 
1908	 0.410261690616608 
1909	 0.410422176122665 
1910	 0.410373508930206 
1911	 0.410078108310699 
1912	 0.410176366567612 
1913	 0.410147607326508 
1914	 0.409719198942184 
1915	 0.409607768058777 
1916	 0.409350246191025 
1917	 0.408704847097397 
1918	 0.408404499292374 
1919	 0.40840744972229 
1920	 0.408460766077042 
1921	 0.408260196447372 
1922	 0.408393204212189 
1923	 0.408334910869598 
1924	 0.407976537942886 
1925	 0.407889872789383 
1926	 0.407752633094788 
1927	 0.407717525959015 
1928	 0.407873928546906 
1929	 0.407776564359665 
1930	 0.407572656869888 
1931	 0.407167971134186 
1932	 0.4068503677845 
1933	 0.406709909439087 
1934	 0.406633883714676 
1935	 0.406665414571762 
1936	 0.406654894351959 
1937	 0.406390905380249 
1938	 0.406199097633362 
1939	 0.40627858042717 
1940	 0.406337589025497 
1941	 0.406504929065704 
1942	 0.406594544649124 
1943	 0.406551867723465 
1944	 0.406318128108978 
1945	 0.406080365180969 
1946	 0.405908823013306 
1947	 0.405815005302429 
1948	 0.40588504076004 
1949	 0.405865967273712 
1950	 0.405727535486221 
1951	 0.405652850866318 
1952	 0.405644237995148 
1953	 0.405609905719757 
1954	 0.405688345432281 
1955	 0.405865699052811 
1956	 0.405998051166534 
1957	 0.40607476234436 
1958	 0.406023979187012 
1959	 0.405702084302902 
1960	 0.405417680740356 
1961	 0.405293226242065 
1962	 0.40500608086586 
1963	 0.40500807762146 
1964	 0.405354648828506 
1965	 0.405425608158112 
1966	 0.405367940664291 
1967	 0.40541273355484 
1968	 0.405452489852905 
1969	 0.405087411403656 
1970	 0.404958665370941 
1971	 0.405032783746719 
1972	 0.404896765947342 
1973	 0.404926002025604 
1974	 0.404925018548965 
1975	 0.404773771762848 
1976	 0.404662668704987 
1977	 0.404556483030319 
1978	 0.404458254575729 
1979	 0.404516100883484 
1980	 0.404445052146912 
1981	 0.404312819242477 
1982	 0.404354423284531 
1983	 0.404313325881958 
1984	 0.404482781887054 
1985	 0.404572248458862 
1986	 0.4043028652668 
1987	 0.404078096151352 
1988	 0.40387424826622 
1989	 0.403860002756119 
1990	 0.404030621051788 
1991	 0.40438050031662 
1992	 0.404540747404099 
1993	 0.404601246118546 
1994	 0.404512166976929 
1995	 0.404310822486877 
1996	 0.404127359390259 
1997	 0.404254972934723 
1998	 0.404491066932678 
1999	 0.404536724090576 
2000	 0.404471009969711 
2001	 0.404209077358246 
2002	 0.404038369655609 
2003	 0.40364071726799 
2004	 0.40356919169426 
2005	 0.403638064861298 
2006	 0.403669744729996 
2007	 0.403594672679901 
2008	 0.403506845235825 
2009	 0.403706401586533 
2010	 0.403786897659302 
2011	 0.403470635414124 
2012	 0.40321159362793 
2013	 0.403102666139603 
2014	 0.403031140565872 
2015	 0.402952939271927 
2016	 0.403195232152939 
2017	 0.403132081031799 
2018	 0.402812719345093 
2019	 0.402544349431992 
2020	 0.402488738298416 
2021	 0.402422964572906 
2022	 0.402178585529327 
2023	 0.401820480823517 
2024	 0.401554107666016 
2025	 0.401439636945724 
2026	 0.401438862085342 
2027	 0.401413887739182 
2028	 0.401331394910812 
2029	 0.401068925857544 
2030	 0.40097039937973 
2031	 0.400974690914154 
2032	 0.400844395160675 
2033	 0.400572836399078 
2034	 0.400245070457459 
2035	 0.400057196617126 
2036	 0.399970263242722 
2037	 0.400002360343933 
2038	 0.400110483169556 
2039	 0.399826616048813 
2040	 0.399487912654877 
2041	 0.39937087893486 
2042	 0.399244070053101 
2043	 0.399147123098373 
2044	 0.399312704801559 
2045	 0.399144172668457 
2046	 0.398857176303864 
2047	 0.398390799760818 
2048	 0.397912442684174 
2049	 0.397716462612152 
2050	 0.397578686475754 
2051	 0.397417277097702 
2052	 0.397130966186523 
2053	 0.396641701459885 
2054	 0.396466314792633 
2055	 0.39630600810051 
2056	 0.396222054958344 
2057	 0.396373182535172 
2058	 0.396315813064575 
2059	 0.396087348461151 
2060	 0.39590123295784 
2061	 0.395708233118057 
2062	 0.395455569028854 
2063	 0.395038276910782 
2064	 0.394525200128555 
2065	 0.394310414791107 
2066	 0.394030332565308 
2067	 0.393965154886246 
2068	 0.394189387559891 
2069	 0.39405620098114 
2070	 0.3938247859478 
2071	 0.393521964550018 
2072	 0.393137454986572 
2073	 0.392832159996033 
2074	 0.392587900161743 
2075	 0.392378270626068 
2076	 0.392228811979294 
2077	 0.391971200704575 
2078	 0.391872107982636 
2079	 0.391773283481598 
2080	 0.391548186540604 
2081	 0.391501367092133 
2082	 0.391515791416168 
2083	 0.391473323106766 
2084	 0.391366481781006 
2085	 0.391325980424881 
2086	 0.391199856996536 
2087	 0.390920430421829 
2088	 0.390741109848022 
2089	 0.390602320432663 
2090	 0.390326797962189 
2091	 0.389920711517334 
2092	 0.389742493629456 
2093	 0.389601111412048 
2094	 0.389520138502121 
2095	 0.389421164989471 
2096	 0.389355272054672 
2097	 0.389218896627426 
2098	 0.388911157846451 
2099	 0.38860622048378 
2100	 0.388516008853912 
2101	 0.38834410905838 
2102	 0.388034790754318 
2103	 0.388021856546402 
2104	 0.387850850820541 
2105	 0.387724936008453 
2106	 0.387744307518005 
2107	 0.387635767459869 
2108	 0.387523859739304 
2109	 0.387359648942947 
2110	 0.38704726099968 
2111	 0.386731386184692 
2112	 0.386705636978149 
2113	 0.386662542819977 
2114	 0.386731803417206 
2115	 0.386946469545364 
2116	 0.387064427137375 
2117	 0.387002408504486 
2118	 0.386868685483933 
2119	 0.386597484350204 
2120	 0.386234313249588 
2121	 0.386116504669189 
2122	 0.386139065027237 
2123	 0.386132806539536 
2124	 0.38612174987793 
2125	 0.386165171861649 
2126	 0.386094272136688 
2127	 0.38600555062294 
2128	 0.385937094688416 
2129	 0.385840117931366 
2130	 0.3855861723423 
2131	 0.385639309883118 
2132	 0.38559165596962 
2133	 0.385454595088959 
2134	 0.385515302419662 
2135	 0.385488629341125 
2136	 0.385355442762375 
2137	 0.385365158319473 
2138	 0.385476917028427 
2139	 0.385452657938004 
2140	 0.385282963514328 
2141	 0.385114789009094 
2142	 0.384892284870148 
2143	 0.384694516658783 
2144	 0.384400516748428 
2145	 0.384223729372025 
2146	 0.384078204631805 
2147	 0.384011536836624 
2148	 0.383963704109192 
2149	 0.384103417396545 
2150	 0.384313941001892 
2151	 0.384358316659927 
2152	 0.384240686893463 
2153	 0.3840292096138 
2154	 0.383715957403183 
2155	 0.383365511894226 
2156	 0.383304625749588 
2157	 0.383362084627151 
2158	 0.383388310670853 
2159	 0.383411556482315 
2160	 0.383446484804153 
2161	 0.383696645498276 
2162	 0.383708387613297 
2163	 0.383618474006653 
2164	 0.383596569299698 
2165	 0.383416742086411 
2166	 0.383222937583923 
2167	 0.383128792047501 
2168	 0.383106231689453 
2169	 0.383007973432541 
2170	 0.382930159568787 
2171	 0.383037209510803 
2172	 0.383074700832367 
2173	 0.383041560649872 
2174	 0.38301146030426 
2175	 0.382866591215134 
2176	 0.382905393838882 
2177	 0.383023351430893 
2178	 0.382755398750305 
2179	 0.382309526205063 
2180	 0.382073491811752 
2181	 0.382268846035004 
2182	 0.38262465596199 
2183	 0.38301682472229 
2184	 0.383272439241409 
2185	 0.383365541696548 
2186	 0.382872432470322 
2187	 0.382875859737396 
2188	 0.383293092250824 
2189	 0.38333398103714 
2190	 0.383299559354782 
2191	 0.38331726193428 
2192	 0.383096605539322 
2193	 0.383070796728134 
2194	 0.38349860906601 
2195	 0.383363723754883 
2196	 0.383361995220184 
2197	 0.383388876914978 
2198	 0.383127421140671 
2199	 0.383277148008347 
2200	 0.383603990077972 
2201	 0.383562594652176 
2202	 0.383391350507736 
2203	 0.383513182401657 
2204	 0.383440434932709 
2205	 0.383208841085434 
2206	 0.383387118577957 
2207	 0.383368194103241 
2208	 0.383085608482361 
2209	 0.383153021335602 
2210	 0.383240014314651 
2211	 0.383287906646729 
2212	 0.383375495672226 
2213	 0.383841216564178 
2214	 0.38392248749733 
2215	 0.383758187294006 
2216	 0.383592367172241 
2217	 0.383281826972961 
2218	 0.382957726716995 
2219	 0.382936924695969 
2220	 0.382812082767487 
2221	 0.382633805274963 
2222	 0.382614374160767 
2223	 0.382210463285446 
2224	 0.381909966468811 
2225	 0.382197886705399 
2226	 0.38179948925972 
2227	 0.38111799955368 
2228	 0.381187528371811 
2229	 0.381146669387817 
2230	 0.381162345409393 
2231	 0.381471008062363 
2232	 0.381415516138077 
2233	 0.38119974732399 
2234	 0.381186246871948 
2235	 0.380826979875565 
2236	 0.380379498004913 
2237	 0.380170434713364 
2238	 0.379896134138107 
2239	 0.379603445529938 
2240	 0.379519075155258 
2241	 0.379399985074997 
2242	 0.379091799259186 
2243	 0.378814101219177 
2244	 0.378864020109177 
2245	 0.378687113523483 
2246	 0.378157943487167 
2247	 0.377960205078125 
2248	 0.378332436084747 
2249	 0.37811866402626 
2250	 0.377949088811874 
2251	 0.377921998500824 
2252	 0.377535313367844 
2253	 0.377319425344467 
2254	 0.377138793468475 
2255	 0.377089530229568 
2256	 0.377132564783096 
2257	 0.376632928848267 
2258	 0.376577138900757 
2259	 0.376652389764786 
2260	 0.376056492328644 
2261	 0.376093417406082 
2262	 0.376099467277527 
2263	 0.375440418720245 
2264	 0.375173419713974 
2265	 0.374832689762115 
2266	 0.374118655920029 
2267	 0.373802185058594 
2268	 0.373732417821884 
2269	 0.373608738183975 
2270	 0.373910039663315 
2271	 0.37414675951004 
2272	 0.374080121517181 
2273	 0.373457312583923 
2274	 0.373451799154282 
2275	 0.373772174119949 
2276	 0.373756796121597 
2277	 0.373932391405106 
2278	 0.373843252658844 
2279	 0.373288035392761 
2280	 0.372924506664276 
2281	 0.372561126947403 
2282	 0.372290223836899 
2283	 0.372281014919281 
2284	 0.371854394674301 
2285	 0.371741235256195 
2286	 0.371998190879822 
2287	 0.372099190950394 
2288	 0.372253984212875 
2289	 0.372206479310989 
2290	 0.372334331274033 
2291	 0.372317910194397 
2292	 0.372272431850433 
2293	 0.372325867414474 
2294	 0.371839374303818 
2295	 0.371558457612991 
2296	 0.371425360441208 
2297	 0.371017932891846 
2298	 0.371009349822998 
2299	 0.371005773544312 
2300	 0.37046155333519 
2301	 0.370157808065414 
2302	 0.37000647187233 
2303	 0.36956188082695 
2304	 0.369748145341873 
2305	 0.370228946208954 
2306	 0.369929760694504 
2307	 0.369625627994537 
2308	 0.369627356529236 
2309	 0.36942458152771 
2310	 0.369180738925934 
2311	 0.368775010108948 
2312	 0.368192195892334 
2313	 0.368135631084442 
2314	 0.368112742900848 
2315	 0.3678377866745 
2316	 0.367854386568069 
2317	 0.367247670888901 
2318	 0.366900265216827 
2319	 0.367720931768417 
2320	 0.367768466472626 
2321	 0.367478996515274 
2322	 0.367541044950485 
2323	 0.367454379796982 
2324	 0.367221802473068 
2325	 0.367177128791809 
2326	 0.367182970046997 
2327	 0.367144703865051 
2328	 0.366967588663101 
2329	 0.36698305606842 
2330	 0.367245197296143 
2331	 0.367464393377304 
2332	 0.367301464080811 
2333	 0.366917163133621 
2334	 0.366482883691788 
2335	 0.365908414125443 
2336	 0.365922957658768 
2337	 0.366077184677124 
2338	 0.365699529647827 
2339	 0.365726500749588 
2340	 0.365336567163467 
2341	 0.364987522363663 
2342	 0.365574926137924 
2343	 0.365652233362198 
2344	 0.365832686424255 
2345	 0.366317898035049 
2346	 0.365665942430496 
2347	 0.364970713853836 
2348	 0.364437788724899 
2349	 0.363796293735504 
2350	 0.363323569297791 
2351	 0.363072574138641 
2352	 0.363588720560074 
2353	 0.363747864961624 
2354	 0.363848716020584 
2355	 0.364547431468964 
2356	 0.364236354827881 
2357	 0.363142073154449 
2358	 0.362998485565186 
2359	 0.363259255886078 
2360	 0.363301753997803 
2361	 0.363593727350235 
2362	 0.363721132278442 
2363	 0.363725155591965 
2364	 0.363660216331482 
2365	 0.363505601882935 
2366	 0.363429993391037 
2367	 0.362792640924454 
2368	 0.361962199211121 
2369	 0.362423002719879 
2370	 0.363113045692444 
2371	 0.362705618143082 
2372	 0.363313972949982 
2373	 0.364090025424957 
2374	 0.363389194011688 
2375	 0.363665461540222 
2376	 0.363816976547241 
2377	 0.362280637025833 
2378	 0.361994802951813 
2379	 0.362151265144348 
2380	 0.361750274896622 
2381	 0.362084835767746 
2382	 0.361638814210892 
2383	 0.361357003450394 
2384	 0.362078428268433 
2385	 0.362559616565704 
2386	 0.362406313419342 
2387	 0.362162798643112 
2388	 0.36215415596962 
2389	 0.361202031373978 
2390	 0.360737323760986 
2391	 0.361419141292572 
2392	 0.361679434776306 
2393	 0.361476927995682 
2394	 0.361519128084183 
2395	 0.361148148775101 
2396	 0.360501170158386 
2397	 0.360433965921402 
2398	 0.360653787851334 
2399	 0.36057248711586 
2400	 0.359607428312302 
2401	 0.359441369771957 
2402	 0.360487192869186 
2403	 0.360967010259628 
2404	 0.36121878027916 
2405	 0.361294448375702 
2406	 0.360370337963104 
2407	 0.360358506441116 
2408	 0.361333608627319 
2409	 0.360979527235031 
2410	 0.359691709280014 
2411	 0.358959913253784 
2412	 0.358108133077621 
2413	 0.357482016086578 
2414	 0.358108550310135 
2415	 0.358490914106369 
2416	 0.359034925699234 
2417	 0.35904398560524 
2418	 0.359194338321686 
2419	 0.359983026981354 
2420	 0.358543425798416 
2421	 0.357930332422256 
2422	 0.358342975378037 
2423	 0.358180999755859 
2424	 0.360399007797241 
2425	 0.361503928899765 
2426	 0.361053645610809 
2427	 0.360831648111343 
2428	 0.358185976743698 
2429	 0.357138961553574 
2430	 0.358322620391846 
2431	 0.359264105558395 
2432	 0.361042261123657 
2433	 0.36239168047905 
2434	 0.361618399620056 
2435	 0.359746962785721 
2436	 0.359027624130249 
2437	 0.358117967844009 
2438	 0.358055979013443 
2439	 0.359708160161972 
2440	 0.358945339918137 
2441	 0.357816994190216 
2442	 0.358450680971146 
2443	 0.357934355735779 
2444	 0.357649177312851 
2445	 0.358364194631577 
2446	 0.357470542192459 
2447	 0.356709122657776 
2448	 0.357335656881332 
2449	 0.357517004013062 
2450	 0.357924491167068 
2451	 0.357831299304962 
2452	 0.355733513832092 
2453	 0.35342600941658 
2454	 0.352657437324524 
2455	 0.353164464235306 
2456	 0.353570550680161 
2457	 0.353699386119843 
2458	 0.353670239448547 
2459	 0.353074610233307 
2460	 0.353209882974625 
2461	 0.35511839389801 
2462	 0.356074810028076 
2463	 0.355963945388794 
2464	 0.355622708797455 
2465	 0.355424821376801 
2466	 0.354669690132141 
2467	 0.35256826877594 
2468	 0.352246105670929 
2469	 0.352838397026062 
2470	 0.35308626294136 
2471	 0.354466885328293 
2472	 0.354624539613724 
2473	 0.353545844554901 
2474	 0.353211790323257 
2475	 0.352494925260544 
2476	 0.353137284517288 
2477	 0.355402827262878 
2478	 0.355295211076736 
2479	 0.353861719369888 
2480	 0.353003293275833 
2481	 0.355344265699387 
2482	 0.35501167178154 
2483	 0.355663120746613 
2484	 0.354924559593201 
2485	 0.351493209600449 
2486	 0.351782113313675 
2487	 0.352059245109558 
2488	 0.354596048593521 
2489	 0.355936467647552 
2490	 0.355258703231812 
2491	 0.35681539773941 
2492	 0.350342214107513 
2493	 0.345578551292419 
2494	 0.348506778478622 
2495	 0.346972078084946 
2496	 0.352204591035843 
2497	 0.359177529811859 
2498	 0.361385315656662 
2499	 0.364032953977585 
2500	 0.363966703414917 
