350	 0.188163727521896 
351	 0.186451643705368 
352	 0.192372635006905 
353	 0.195003196597099 
354	 0.189152047038078 
355	 0.191921055316925 
356	 0.193355083465576 
357	 0.192153543233871 
358	 0.190364688634872 
359	 0.188428848981857 
360	 0.190261766314507 
361	 0.194528892636299 
362	 0.195841267704964 
363	 0.194377422332764 
364	 0.194517090916634 
365	 0.196935445070267 
366	 0.194591507315636 
367	 0.195616185665131 
368	 0.197124883532524 
369	 0.195368602871895 
370	 0.195762515068054 
371	 0.197070255875587 
372	 0.197657242417336 
373	 0.19627857208252 
374	 0.19659698009491 
375	 0.196971923112869 
376	 0.196822121739388 
377	 0.19787822663784 
378	 0.198538929224014 
379	 0.198949947953224 
380	 0.199674800038338 
381	 0.201292395591736 
382	 0.20189668238163 
383	 0.201309487223625 
384	 0.200504750013351 
385	 0.201071709394455 
386	 0.202622279524803 
387	 0.204028278589249 
388	 0.203709304332733 
389	 0.203036189079285 
390	 0.203242138028145 
391	 0.204455733299255 
392	 0.204051554203033 
393	 0.204651400446892 
394	 0.205561846494675 
395	 0.205150976777077 
396	 0.205114781856537 
397	 0.206165120005608 
398	 0.207619950175285 
399	 0.207609817385674 
400	 0.207666143774986 
401	 0.207780838012695 
402	 0.207889303565025 
403	 0.208492681384087 
404	 0.209266975522041 
405	 0.210096150636673 
406	 0.210863471031189 
407	 0.210969030857086 
408	 0.211149469017982 
409	 0.211967170238495 
410	 0.213627904653549 
411	 0.213775828480721 
412	 0.213916212320328 
413	 0.215000107884407 
414	 0.215021774172783 
415	 0.21527236700058 
416	 0.215919986367226 
417	 0.21668928861618 
418	 0.217534273862839 
419	 0.217891991138458 
420	 0.218053504824638 
421	 0.219096302986145 
422	 0.219904154539108 
423	 0.22061151266098 
424	 0.221466034650803 
425	 0.222412213683128 
426	 0.22329469025135 
427	 0.224059909582138 
428	 0.224763914942741 
429	 0.225843176245689 
430	 0.226816639304161 
431	 0.227597936987877 
432	 0.228572681546211 
433	 0.229140654206276 
434	 0.229828074574471 
435	 0.231067046523094 
436	 0.232460767030716 
437	 0.23325327038765 
438	 0.233916744589806 
439	 0.235370919108391 
440	 0.236831516027451 
441	 0.237798169255257 
442	 0.238485977053642 
443	 0.240004107356071 
444	 0.241346672177315 
445	 0.242170974612236 
446	 0.242632120847702 
447	 0.244027361273766 
448	 0.245009124279022 
449	 0.245360106229782 
450	 0.245701357722282 
451	 0.246316373348236 
452	 0.246793299913406 
453	 0.246992841362953 
454	 0.247474908828735 
455	 0.247866243124008 
456	 0.248124167323112 
457	 0.248369455337524 
458	 0.248994454741478 
459	 0.249612003564835 
460	 0.250150114297867 
461	 0.250875055789948 
462	 0.251613110303879 
463	 0.252344220876694 
464	 0.253017902374268 
465	 0.253397732973099 
466	 0.253761649131775 
467	 0.254140585660934 
468	 0.254525631666183 
469	 0.255493670701981 
470	 0.256310105323792 
471	 0.256707459688187 
472	 0.257164627313614 
473	 0.257814854383469 
474	 0.258426368236542 
475	 0.25885483622551 
476	 0.259640008211136 
477	 0.260445058345795 
478	 0.261134177446365 
479	 0.261738747358322 
480	 0.262453585863113 
481	 0.263212412595749 
482	 0.263882279396057 
483	 0.264239609241486 
484	 0.264838665723801 
485	 0.265508025884628 
486	 0.265937715768814 
487	 0.266401529312134 
488	 0.266883611679077 
489	 0.267415106296539 
490	 0.268067061901093 
491	 0.268662542104721 
492	 0.269247591495514 
493	 0.26990208029747 
494	 0.270729929208755 
495	 0.271353453397751 
496	 0.271781712770462 
497	 0.272221207618713 
498	 0.272694706916809 
499	 0.27321782708168 
500	 0.273830205202103 
501	 0.274638056755066 
502	 0.275191992521286 
503	 0.275660842657089 
504	 0.276285588741302 
505	 0.27676796913147 
506	 0.277279555797577 
507	 0.277772843837738 
508	 0.278028011322021 
509	 0.278470516204834 
510	 0.279072314500809 
511	 0.279705077409744 
512	 0.280177414417267 
513	 0.280634015798569 
514	 0.281116366386414 
515	 0.281625211238861 
516	 0.282282173633575 
517	 0.282817542552948 
518	 0.283156901597977 
519	 0.28350505232811 
520	 0.283899217844009 
521	 0.284375458955765 
522	 0.284910261631012 
523	 0.285347193479538 
524	 0.285853564739227 
525	 0.286405086517334 
526	 0.286852329969406 
527	 0.287520051002502 
528	 0.28818416595459 
529	 0.288679987192154 
530	 0.289146572351456 
531	 0.289714813232422 
532	 0.290285557508469 
533	 0.290727943181992 
534	 0.291382282972336 
535	 0.292037904262543 
536	 0.292572408914566 
537	 0.293020099401474 
538	 0.293592840433121 
539	 0.294140547513962 
540	 0.294518083333969 
541	 0.294961839914322 
542	 0.295473694801331 
543	 0.295998305082321 
544	 0.296444654464722 
545	 0.296982109546661 
546	 0.297504365444183 
547	 0.297949939966202 
548	 0.298435509204865 
549	 0.298915803432465 
550	 0.299382388591766 
551	 0.299834251403809 
552	 0.300246953964233 
553	 0.300654232501984 
554	 0.301034510135651 
555	 0.301291823387146 
556	 0.301568061113358 
557	 0.301852077245712 
558	 0.302113711833954 
559	 0.302387267351151 
560	 0.302714645862579 
561	 0.303121775388718 
562	 0.303627252578735 
563	 0.304222047328949 
564	 0.304863721132278 
565	 0.30551740527153 
566	 0.306155890226364 
567	 0.3068767786026 
568	 0.307587027549744 
569	 0.308123499155045 
570	 0.30852884054184 
571	 0.308699786663055 
572	 0.308671176433563 
573	 0.3086838722229 
574	 0.308615505695343 
575	 0.30856865644455 
576	 0.308662980794907 
577	 0.308838874101639 
578	 0.309175878763199 
579	 0.309608370065689 
580	 0.309965372085571 
581	 0.310519218444824 
582	 0.311063200235367 
583	 0.311450898647308 
584	 0.311869919300079 
585	 0.312313586473465 
586	 0.312745541334152 
587	 0.313111871480942 
588	 0.313326835632324 
589	 0.313498765230179 
590	 0.31373119354248 
591	 0.314098984003067 
592	 0.314784318208694 
593	 0.315778911113739 
594	 0.316970139741898 
595	 0.31814306974411 
596	 0.318975895643234 
597	 0.319488197565079 
598	 0.319962978363037 
599	 0.320325583219528 
600	 0.320627957582474 
601	 0.320981323719025 
602	 0.321537643671036 
603	 0.322398960590363 
604	 0.323587238788605 
605	 0.325007349252701 
606	 0.326224625110626 
607	 0.327262401580811 
608	 0.328096389770508 
609	 0.328601449728012 
610	 0.329018741846085 
611	 0.329326927661896 
612	 0.329478532075882 
613	 0.329608500003815 
614	 0.329800069332123 
615	 0.330052137374878 
616	 0.330293387174606 
617	 0.330273270606995 
618	 0.330180555582047 
619	 0.330186039209366 
620	 0.330272912979126 
621	 0.330377519130707 
622	 0.330515325069427 
623	 0.330745279788971 
624	 0.331075578927994 
625	 0.33144935965538 
626	 0.331832528114319 
627	 0.332210421562195 
628	 0.33255010843277 
629	 0.332963198423386 
630	 0.333493053913116 
631	 0.333846062421799 
632	 0.334195375442505 
633	 0.334604114294052 
634	 0.335052192211151 
635	 0.335508346557617 
636	 0.335849046707153 
637	 0.336088508367538 
638	 0.336518257856369 
639	 0.336896032094955 
640	 0.337251245975494 
641	 0.337656676769257 
642	 0.33785417675972 
643	 0.338165760040283 
644	 0.338660091161728 
645	 0.339108496904373 
646	 0.339533388614655 
647	 0.339961975812912 
648	 0.340393871068954 
649	 0.340725481510162 
650	 0.341177672147751 
651	 0.341703832149506 
652	 0.342119842767715 
653	 0.34249746799469 
654	 0.342955023050308 
655	 0.343513935804367 
656	 0.344075977802277 
657	 0.344619929790497 
658	 0.345145136117935 
659	 0.345664799213409 
660	 0.346199244260788 
661	 0.346799939870834 
662	 0.347436428070068 
663	 0.348018378019333 
664	 0.348637670278549 
665	 0.349298506975174 
666	 0.34999018907547 
667	 0.350724339485168 
668	 0.351542592048645 
669	 0.35238966345787 
670	 0.353184223175049 
671	 0.353912025690079 
672	 0.354747593402863 
673	 0.355666309595108 
674	 0.356437504291534 
675	 0.357317805290222 
676	 0.358343243598938 
677	 0.359451979398727 
678	 0.360411584377289 
679	 0.361421376466751 
680	 0.362484574317932 
681	 0.363520562648773 
682	 0.364716589450836 
683	 0.365944474935532 
684	 0.367121189832687 
685	 0.368279039859772 
686	 0.369539350271225 
687	 0.370851635932922 
688	 0.372132956981659 
689	 0.373455315828323 
690	 0.374698042869568 
691	 0.37597069144249 
692	 0.377475738525391 
693	 0.378837406635284 
694	 0.380171000957489 
695	 0.381573349237442 
696	 0.383031070232391 
697	 0.384428471326828 
698	 0.385849505662918 
699	 0.387369006872177 
700	 0.38878321647644 
701	 0.390289843082428 
702	 0.39186817407608 
703	 0.393323689699173 
704	 0.394895792007446 
705	 0.396408915519714 
706	 0.397799372673035 
707	 0.399348527193069 
708	 0.400875002145767 
709	 0.402384132146835 
710	 0.403912246227264 
711	 0.405432641506195 
712	 0.406923621892929 
713	 0.408366143703461 
714	 0.409746378660202 
715	 0.411275893449783 
716	 0.412824958562851 
717	 0.414283215999603 
718	 0.415727347135544 
719	 0.417224138975143 
720	 0.418746650218964 
721	 0.420232206583023 
722	 0.421648532152176 
723	 0.423076003789902 
724	 0.424532234668732 
725	 0.425970852375031 
726	 0.427342444658279 
727	 0.428740113973618 
728	 0.430204182863235 
729	 0.43159344792366 
730	 0.433043420314789 
731	 0.434452623128891 
732	 0.435718566179276 
733	 0.437123745679855 
734	 0.438565313816071 
735	 0.439921855926514 
736	 0.441106110811234 
737	 0.442396968603134 
738	 0.443772852420807 
739	 0.445138365030289 
740	 0.44635596871376 
741	 0.447605192661285 
742	 0.448910713195801 
743	 0.45024386048317 
744	 0.451553463935852 
745	 0.452751129865646 
746	 0.453916668891907 
747	 0.455236256122589 
748	 0.45649841427803 
749	 0.457734882831573 
750	 0.458959400653839 
751	 0.460082978010178 
752	 0.461174458265305 
753	 0.462285965681076 
754	 0.463453412055969 
755	 0.464672386646271 
756	 0.465806871652603 
757	 0.466907143592834 
758	 0.468127131462097 
759	 0.469362646341324 
760	 0.470458388328552 
761	 0.471428841352463 
762	 0.472501516342163 
763	 0.473632752895355 
764	 0.474729835987091 
765	 0.47576117515564 
766	 0.476890504360199 
767	 0.47802209854126 
768	 0.479130029678345 
769	 0.480201631784439 
770	 0.481170445680618 
771	 0.482138365507126 
772	 0.483156532049179 
773	 0.484194397926331 
774	 0.485224306583405 
775	 0.486161261796951 
776	 0.487052798271179 
777	 0.488204568624496 
778	 0.489250868558884 
779	 0.490155726671219 
780	 0.491013079881668 
781	 0.491973340511322 
782	 0.492844939231873 
783	 0.493655830621719 
784	 0.494557946920395 
785	 0.495509773492813 
786	 0.496403336524963 
787	 0.497232675552368 
788	 0.49810603260994 
789	 0.49907186627388 
790	 0.499950259923935 
791	 0.500670909881592 
792	 0.501534044742584 
793	 0.502369463443756 
794	 0.503166735172272 
795	 0.503956496715546 
796	 0.504717826843262 
797	 0.505505323410034 
798	 0.506340980529785 
799	 0.507196962833405 
800	 0.507988452911377 
801	 0.508756995201111 
802	 0.509499967098236 
803	 0.510142147541046 
804	 0.510932862758636 
805	 0.511718809604645 
806	 0.512391626834869 
807	 0.513131022453308 
808	 0.513763070106506 
809	 0.514362514019012 
810	 0.515032052993774 
811	 0.515612244606018 
812	 0.516276717185974 
813	 0.517046689987183 
814	 0.517813444137573 
815	 0.518387079238892 
816	 0.51899516582489 
817	 0.519702792167664 
818	 0.520369470119476 
819	 0.521080493927002 
820	 0.521739721298218 
821	 0.522268652915955 
822	 0.522713124752045 
823	 0.52331805229187 
824	 0.523923873901367 
825	 0.524372220039368 
826	 0.524847626686096 
827	 0.525396823883057 
828	 0.52601146697998 
829	 0.526629507541656 
830	 0.527065515518188 
831	 0.527629911899567 
832	 0.528265297412872 
833	 0.528696596622467 
834	 0.529308080673218 
835	 0.529851615428925 
836	 0.530288815498352 
837	 0.530882060527802 
838	 0.531306028366089 
839	 0.531742453575134 
840	 0.532330274581909 
841	 0.532966554164886 
842	 0.533457159996033 
843	 0.533861696720123 
844	 0.534297049045563 
845	 0.534856855869293 
846	 0.535333871841431 
847	 0.535785138607025 
848	 0.536300480365753 
849	 0.536794900894165 
850	 0.537185847759247 
851	 0.537485778331757 
852	 0.537787199020386 
853	 0.538305044174194 
854	 0.538850784301758 
855	 0.539272785186768 
856	 0.539541900157928 
857	 0.540014088153839 
858	 0.540460288524628 
859	 0.540793240070343 
860	 0.541157305240631 
861	 0.54167628288269 
862	 0.542103946208954 
863	 0.542381823062897 
864	 0.542878746986389 
865	 0.543302178382874 
866	 0.543666124343872 
867	 0.544044077396393 
868	 0.544441819190979 
869	 0.54495233297348 
870	 0.545318365097046 
871	 0.545438945293427 
872	 0.545848906040192 
873	 0.546215295791626 
874	 0.546542704105377 
875	 0.546943545341492 
876	 0.547341763973236 
877	 0.547786712646484 
878	 0.548221290111542 
879	 0.54855078458786 
880	 0.548766613006592 
881	 0.549035966396332 
882	 0.54936671257019 
883	 0.549709677696228 
884	 0.550052106380463 
885	 0.5503790974617 
886	 0.550689697265625 
887	 0.550965547561646 
888	 0.551311552524567 
889	 0.551642119884491 
890	 0.551933765411377 
891	 0.552235007286072 
892	 0.552492260932922 
893	 0.552746713161469 
894	 0.55300897359848 
895	 0.553289771080017 
896	 0.553635656833649 
897	 0.553927421569824 
898	 0.554176986217499 
899	 0.554584145545959 
900	 0.554800093173981 
901	 0.554946482181549 
902	 0.555180430412292 
903	 0.555542409420013 
904	 0.55585515499115 
905	 0.556123197078705 
906	 0.55641895532608 
907	 0.556936740875244 
908	 0.557145297527313 
909	 0.557318866252899 
910	 0.557657241821289 
911	 0.557870328426361 
912	 0.558369636535645 
913	 0.558666229248047 
914	 0.55856329202652 
915	 0.55888044834137 
916	 0.559315383434296 
917	 0.559646487236023 
918	 0.559835374355316 
919	 0.560174405574799 
920	 0.560552537441254 
921	 0.560838103294373 
922	 0.561016201972961 
923	 0.561296343803406 
924	 0.561428070068359 
925	 0.56164014339447 
926	 0.56206601858139 
927	 0.562379777431488 
928	 0.562426447868347 
929	 0.562522292137146 
930	 0.56290191411972 
931	 0.563328444957733 
932	 0.56353223323822 
933	 0.563597023487091 
934	 0.56373131275177 
935	 0.56420236825943 
936	 0.56445449590683 
937	 0.56463623046875 
938	 0.564957022666931 
939	 0.56534081697464 
940	 0.565489709377289 
941	 0.565675377845764 
942	 0.565981984138489 
943	 0.566041827201843 
944	 0.566331326961517 
945	 0.56647777557373 
946	 0.566383063793182 
947	 0.566557466983795 
948	 0.566658496856689 
949	 0.566833853721619 
950	 0.567102134227753 
951	 0.567279875278473 
952	 0.567386865615845 
953	 0.567617952823639 
954	 0.567888557910919 
955	 0.567832589149475 
956	 0.568241357803345 
957	 0.568549871444702 
958	 0.568496465682983 
959	 0.568326950073242 
960	 0.568749785423279 
961	 0.568969070911407 
962	 0.568819463253021 
963	 0.568744599819183 
964	 0.569022238254547 
965	 0.569355130195618 
966	 0.56943553686142 
967	 0.569207608699799 
968	 0.569499611854553 
969	 0.569640457630157 
970	 0.569728136062622 
971	 0.570082426071167 
972	 0.570436000823975 
973	 0.57051545381546 
974	 0.570566296577454 
975	 0.57077544927597 
976	 0.570612907409668 
977	 0.570891559123993 
978	 0.571120142936707 
979	 0.570921838283539 
980	 0.570825099945068 
981	 0.570924639701843 
982	 0.571399390697479 
983	 0.571992516517639 
984	 0.572025120258331 
985	 0.57179468870163 
986	 0.571767091751099 
987	 0.57201361656189 
988	 0.572275042533875 
989	 0.572734653949738 
990	 0.572605311870575 
991	 0.572455883026123 
992	 0.573122620582581 
993	 0.572773993015289 
994	 0.57264906167984 
995	 0.573006093502045 
996	 0.573521435260773 
997	 0.573660254478455 
998	 0.5734743475914 
999	 0.573596775531769 
1000	 0.574117720127106 
1001	 0.573122680187225 
1002	 0.573491632938385 
1003	 0.573772311210632 
1004	 0.573908746242523 
1005	 0.574075162410736 
1006	 0.57426244020462 
1007	 0.574380338191986 
1008	 0.574414193630219 
1009	 0.574461400508881 
1010	 0.574520647525787 
1011	 0.574333846569061 
1012	 0.574480593204498 
1013	 0.574918031692505 
1014	 0.575343370437622 
1015	 0.575564503669739 
1016	 0.575586318969727 
1017	 0.575609266757965 
1018	 0.575852155685425 
1019	 0.576096534729004 
1020	 0.576637148857117 
1021	 0.576719880104065 
1022	 0.576526045799255 
1023	 0.576466023921967 
1024	 0.576134502887726 
1025	 0.576209902763367 
1026	 0.576675534248352 
1027	 0.576880395412445 
1028	 0.577155292034149 
1029	 0.577302694320679 
1030	 0.577390611171722 
1031	 0.577375710010529 
1032	 0.577418744564056 
1033	 0.577717900276184 
1034	 0.577921271324158 
1035	 0.578217506408691 
1036	 0.57834655046463 
1037	 0.57831072807312 
1038	 0.578436434268951 
1039	 0.578605949878693 
1040	 0.578689336776733 
1041	 0.578790545463562 
1042	 0.578964114189148 
1043	 0.579174995422363 
1044	 0.579208254814148 
1045	 0.579358577728271 
1046	 0.579438626766205 
1047	 0.579616189002991 
1048	 0.579768240451813 
1049	 0.579983055591583 
1050	 0.580434381961823 
1051	 0.580561459064484 
1052	 0.580385506153107 
1053	 0.580464243888855 
1054	 0.580456733703613 
1055	 0.580651640892029 
1056	 0.581291615962982 
1057	 0.581507742404938 
1058	 0.581411182880402 
1059	 0.581587731838226 
1060	 0.581914484500885 
1061	 0.581849873065948 
1062	 0.581994235515594 
1063	 0.58245062828064 
1064	 0.582577407360077 
1065	 0.582360923290253 
1066	 0.58251965045929 
1067	 0.582852244377136 
1068	 0.582997798919678 
1069	 0.583319246768951 
1070	 0.583359599113464 
1071	 0.583046853542328 
1072	 0.582981586456299 
1073	 0.58284729719162 
1074	 0.58285653591156 
1075	 0.583222270011902 
1076	 0.583382487297058 
1077	 0.583325207233429 
1078	 0.583035945892334 
1079	 0.58305698633194 
1080	 0.582976520061493 
1081	 0.583012223243713 
1082	 0.583514153957367 
1083	 0.583544254302979 
1084	 0.583148777484894 
1085	 0.583041548728943 
1086	 0.582945823669434 
1087	 0.582819104194641 
1088	 0.582800626754761 
1089	 0.582759261131287 
1090	 0.582577109336853 
1091	 0.582459688186646 
1092	 0.582341134548187 
1093	 0.582300007343292 
1094	 0.582147836685181 
1095	 0.58189457654953 
1096	 0.581808507442474 
1097	 0.581820726394653 
1098	 0.581718504428864 
1099	 0.581633567810059 
1100	 0.581585586071014 
1101	 0.581436932086945 
1102	 0.581411004066467 
1103	 0.581534445285797 
1104	 0.581639111042023 
1105	 0.581859886646271 
1106	 0.581942021846771 
1107	 0.581988632678986 
1108	 0.581996083259583 
1109	 0.582010865211487 
1110	 0.581928431987762 
1111	 0.581894099712372 
1112	 0.581860244274139 
1113	 0.581860423088074 
1114	 0.581789374351501 
1115	 0.581850528717041 
1116	 0.582075178623199 
1117	 0.582175433635712 
1118	 0.58223295211792 
1119	 0.582347214221954 
1120	 0.582431077957153 
1121	 0.582523465156555 
1122	 0.582722544670105 
1123	 0.582835018634796 
1124	 0.582827150821686 
1125	 0.582714736461639 
1126	 0.582716405391693 
1127	 0.582651853561401 
1128	 0.582676887512207 
1129	 0.582775294780731 
1130	 0.582889139652252 
1131	 0.583044767379761 
1132	 0.583179652690887 
1133	 0.5834801197052 
1134	 0.58355700969696 
1135	 0.583370745182037 
1136	 0.583405733108521 
1137	 0.583498179912567 
1138	 0.583535373210907 
1139	 0.583657443523407 
1140	 0.583843171596527 
1141	 0.583844721317291 
1142	 0.583647847175598 
1143	 0.583613336086273 
1144	 0.583607852458954 
1145	 0.583560049533844 
1146	 0.583597004413605 
1147	 0.583467721939087 
1148	 0.583166658878326 
1149	 0.582968533039093 
1150	 0.582705497741699 
1151	 0.582541704177856 
1152	 0.582474410533905 
1153	 0.582391500473022 
1154	 0.582360029220581 
1155	 0.582271277904511 
1156	 0.582136809825897 
1157	 0.582064568996429 
1158	 0.582089126110077 
1159	 0.58196359872818 
1160	 0.581707119941711 
1161	 0.581298410892487 
1162	 0.58110523223877 
1163	 0.580807745456696 
1164	 0.580658674240112 
1165	 0.580731272697449 
1166	 0.58066463470459 
1167	 0.580553412437439 
1168	 0.580403089523315 
1169	 0.580184638500214 
1170	 0.580094218254089 
1171	 0.580044209957123 
1172	 0.579944729804993 
1173	 0.57987767457962 
1174	 0.57987105846405 
1175	 0.579819679260254 
1176	 0.579720675945282 
1177	 0.579619288444519 
1178	 0.579542577266693 
1179	 0.579515635967255 
1180	 0.579487323760986 
1181	 0.579405128955841 
1182	 0.579347193241119 
1183	 0.579312384128571 
1184	 0.5791335105896 
1185	 0.579100370407104 
1186	 0.579301059246063 
1187	 0.579327642917633 
1188	 0.579314410686493 
1189	 0.579317152500153 
1190	 0.57927393913269 
1191	 0.579221367835999 
1192	 0.579210340976715 
1193	 0.579259097576141 
1194	 0.579316020011902 
1195	 0.579281866550446 
1196	 0.579258859157562 
1197	 0.579216241836548 
1198	 0.579233050346375 
1199	 0.579290747642517 
1200	 0.579289197921753 
1201	 0.579277515411377 
1202	 0.579294562339783 
1203	 0.579297542572021 
1204	 0.579281091690063 
1205	 0.579306483268738 
1206	 0.579309642314911 
1207	 0.579225838184357 
1208	 0.579217553138733 
1209	 0.579285144805908 
1210	 0.57931786775589 
1211	 0.579230129718781 
1212	 0.579313457012177 
1213	 0.579470753669739 
1214	 0.579472005367279 
1215	 0.579467833042145 
1216	 0.579538285732269 
1217	 0.579588294029236 
1218	 0.579526782035828 
1219	 0.579609870910645 
1220	 0.579872131347656 
1221	 0.579978823661804 
1222	 0.580015122890472 
1223	 0.580091714859009 
1224	 0.580126345157623 
1225	 0.580150127410889 
1226	 0.580176949501038 
1227	 0.580296754837036 
1228	 0.580468833446503 
1229	 0.580551326274872 
1230	 0.580644309520721 
1231	 0.580658793449402 
1232	 0.580625414848328 
1233	 0.580708742141724 
1234	 0.580887317657471 
1235	 0.581028401851654 
1236	 0.581198513507843 
1237	 0.581241428852081 
1238	 0.581211686134338 
1239	 0.581058382987976 
1240	 0.581032693386078 
1241	 0.580954670906067 
1242	 0.58099240064621 
1243	 0.581220865249634 
1244	 0.5812908411026 
1245	 0.581234157085419 
1246	 0.581297814846039 
1247	 0.581402063369751 
1248	 0.581496477127075 
1249	 0.581492006778717 
1250	 0.581509053707123 
1251	 0.581577897071838 
1252	 0.581607341766357 
1253	 0.58164918422699 
1254	 0.581773102283478 
1255	 0.5817711353302 
1256	 0.581654608249664 
1257	 0.581696212291718 
1258	 0.581804513931274 
1259	 0.581859529018402 
1260	 0.581908047199249 
1261	 0.581967651844025 
1262	 0.582026660442352 
1263	 0.582060158252716 
1264	 0.582067847251892 
1265	 0.582062244415283 
1266	 0.582115411758423 
1267	 0.582124888896942 
1268	 0.582081139087677 
1269	 0.582001686096191 
1270	 0.582225263118744 
1271	 0.582270205020905 
1272	 0.582167744636536 
1273	 0.58234566450119 
1274	 0.58238011598587 
1275	 0.582208812236786 
1276	 0.58220374584198 
1277	 0.582229316234589 
1278	 0.582246065139771 
1279	 0.582295477390289 
1280	 0.582355737686157 
1281	 0.582477807998657 
1282	 0.58255273103714 
1283	 0.582518875598907 
1284	 0.5825275182724 
1285	 0.582557559013367 
1286	 0.582576096057892 
1287	 0.582538247108459 
1288	 0.582600891590118 
1289	 0.582735896110535 
1290	 0.582787275314331 
1291	 0.582866191864014 
1292	 0.582860171794891 
1293	 0.582815110683441 
1294	 0.582869589328766 
1295	 0.582881510257721 
1296	 0.582943797111511 
1297	 0.583117306232452 
1298	 0.5830038189888 
1299	 0.58273983001709 
1300	 0.582675516605377 
1301	 0.582403540611267 
1302	 0.582231521606445 
1303	 0.582416594028473 
1304	 0.582313597202301 
1305	 0.582054316997528 
1306	 0.581646740436554 
1307	 0.58137321472168 
1308	 0.580937266349792 
1309	 0.580610871315002 
1310	 0.580498456954956 
1311	 0.580188632011414 
1312	 0.579719662666321 
1313	 0.579306066036224 
1314	 0.578841626644135 
1315	 0.578450679779053 
1316	 0.578035414218903 
1317	 0.577575147151947 
1318	 0.577116072177887 
1319	 0.576551198959351 
1320	 0.576053440570831 
1321	 0.575659930706024 
1322	 0.575229167938232 
1323	 0.574956953525543 
1324	 0.574670910835266 
1325	 0.574146687984467 
1326	 0.573762834072113 
1327	 0.573457777500153 
1328	 0.573117256164551 
1329	 0.572927355766296 
1330	 0.572671949863434 
1331	 0.572409510612488 
1332	 0.572140216827393 
1333	 0.571887910366058 
1334	 0.571661591529846 
1335	 0.571437656879425 
1336	 0.571273922920227 
1337	 0.571102738380432 
1338	 0.57101583480835 
1339	 0.570991814136505 
1340	 0.571007490158081 
1341	 0.570969700813293 
1342	 0.570978462696075 
1343	 0.571022987365723 
1344	 0.570999205112457 
1345	 0.570991992950439 
1346	 0.571000814437866 
1347	 0.571000277996063 
1348	 0.571023404598236 
1349	 0.571039915084839 
1350	 0.571178674697876 
1351	 0.57131564617157 
1352	 0.571371972560883 
1353	 0.571466445922852 
1354	 0.571478366851807 
1355	 0.57142585515976 
1356	 0.571385324001312 
1357	 0.571338534355164 
1358	 0.571280539035797 
1359	 0.571220099925995 
1360	 0.5711470246315 
1361	 0.571092307567596 
1362	 0.571079909801483 
1363	 0.570945501327515 
1364	 0.570756673812866 
1365	 0.570556342601776 
1366	 0.570252239704132 
1367	 0.570060253143311 
1368	 0.569778442382813 
1369	 0.569452106952667 
1370	 0.569155037403107 
1371	 0.568694591522217 
1372	 0.568329870700836 
1373	 0.568093955516815 
1374	 0.567625820636749 
1375	 0.567053854465485 
1376	 0.566497504711151 
1377	 0.565890908241272 
1378	 0.5653156042099 
1379	 0.56479549407959 
1380	 0.564221024513245 
1381	 0.563516914844513 
1382	 0.562712550163269 
1383	 0.561847805976868 
1384	 0.560921847820282 
1385	 0.559921264648438 
1386	 0.558897316455841 
1387	 0.557808220386505 
1388	 0.556648015975952 
1389	 0.555460929870605 
1390	 0.554143190383911 
1391	 0.552628636360168 
1392	 0.551217317581177 
1393	 0.549837052822113 
1394	 0.548306822776794 
1395	 0.546711146831512 
1396	 0.545183122158051 
1397	 0.543512940406799 
1398	 0.541705310344696 
1399	 0.540000379085541 
1400	 0.538334608078003 
1401	 0.536558389663696 
1402	 0.534784555435181 
1403	 0.533065974712372 
1404	 0.531290650367737 
1405	 0.529511272907257 
1406	 0.527805209159851 
1407	 0.526111543178558 
1408	 0.524374663829803 
1409	 0.522677958011627 
1410	 0.520957291126251 
1411	 0.519172012805939 
1412	 0.517583131790161 
1413	 0.516100227832794 
1414	 0.514571964740753 
1415	 0.513056039810181 
1416	 0.511583685874939 
1417	 0.510140538215637 
1418	 0.508815228939056 
1419	 0.507597744464874 
1420	 0.506294965744019 
1421	 0.50501960515976 
1422	 0.503845810890198 
1423	 0.502617120742798 
1424	 0.501361131668091 
1425	 0.500275194644928 
1426	 0.499223649501801 
1427	 0.498180896043777 
1428	 0.497298300266266 
1429	 0.496405780315399 
1430	 0.495473086833954 
1431	 0.494576245546341 
1432	 0.493873417377472 
1433	 0.493183881044388 
1434	 0.492452085018158 
1435	 0.491772502660751 
1436	 0.491143196821213 
1437	 0.490511566400528 
1438	 0.489960908889771 
1439	 0.489426761865616 
1440	 0.488896757364273 
1441	 0.488462269306183 
1442	 0.487994819879532 
1443	 0.487526774406433 
1444	 0.487124413251877 
1445	 0.486663639545441 
1446	 0.486280471086502 
1447	 0.486012786626816 
1448	 0.485759645700455 
1449	 0.485478609800339 
1450	 0.485213905572891 
1451	 0.485028207302094 
1452	 0.48484143614769 
1453	 0.484603196382523 
1454	 0.484381675720215 
1455	 0.484196335077286 
1456	 0.484000831842422 
1457	 0.483877062797546 
1458	 0.483843117952347 
1459	 0.483744740486145 
1460	 0.483609676361084 
1461	 0.483574956655502 
1462	 0.483517795801163 
1463	 0.483426749706268 
1464	 0.483445942401886 
1465	 0.483581572771072 
1466	 0.483651638031006 
1467	 0.48373681306839 
1468	 0.483872354030609 
1469	 0.483981013298035 
1470	 0.484084606170654 
1471	 0.484219372272491 
1472	 0.484386026859283 
1473	 0.484547227621078 
1474	 0.48473459482193 
1475	 0.484981507062912 
1476	 0.485171645879745 
1477	 0.485381573438644 
1478	 0.485582649707794 
1479	 0.48580214381218 
1480	 0.486114978790283 
1481	 0.486377358436584 
1482	 0.486701369285584 
1483	 0.48706927895546 
1484	 0.487319558858871 
1485	 0.487721234560013 
1486	 0.488202065229416 
1487	 0.488563358783722 
1488	 0.488960355520248 
1489	 0.489379525184631 
1490	 0.489759653806686 
1491	 0.490151673555374 
1492	 0.490651816129684 
1493	 0.491115123033524 
1494	 0.491473615169525 
1495	 0.491987377405167 
1496	 0.492567747831345 
1497	 0.493007630109787 
1498	 0.493449330329895 
1499	 0.493918150663376 
1500	 0.494398206472397 
1501	 0.494948893785477 
1502	 0.4955153465271 
1503	 0.496023058891296 
1504	 0.496501743793488 
1505	 0.497003614902496 
1506	 0.497550755739212 
1507	 0.498157560825348 
1508	 0.498675405979156 
1509	 0.499063372612 
1510	 0.499577730894089 
1511	 0.500093042850494 
1512	 0.500507116317749 
1513	 0.501040101051331 
1514	 0.501489043235779 
1515	 0.501830041408539 
1516	 0.502324938774109 
1517	 0.50273597240448 
1518	 0.503044962882996 
1519	 0.503417313098907 
1520	 0.50384533405304 
1521	 0.504235625267029 
1522	 0.504637002944946 
1523	 0.505052208900452 
1524	 0.505454182624817 
1525	 0.505795359611511 
1526	 0.506121456623077 
1527	 0.50647360086441 
1528	 0.506797254085541 
1529	 0.507132947444916 
1530	 0.507515549659729 
1531	 0.507860660552979 
1532	 0.508173227310181 
1533	 0.508437514305115 
1534	 0.508638739585876 
1535	 0.50894021987915 
1536	 0.509229958057404 
1537	 0.509648144245148 
1538	 0.510123729705811 
1539	 0.51049131155014 
1540	 0.510796904563904 
1541	 0.511068165302277 
1542	 0.511375367641449 
1543	 0.511741459369659 
1544	 0.51212877035141 
1545	 0.512518405914307 
1546	 0.51277881860733 
1547	 0.513045608997345 
1548	 0.513332664966583 
1549	 0.513529002666473 
1550	 0.513765037059784 
1551	 0.513963222503662 
1552	 0.514058589935303 
1553	 0.514293432235718 
1554	 0.514654934406281 
1555	 0.514921128749847 
1556	 0.515166521072388 
1557	 0.515417397022247 
1558	 0.51560378074646 
1559	 0.515839517116547 
1560	 0.516110599040985 
1561	 0.516359508037567 
1562	 0.516589403152466 
1563	 0.516847729682922 
1564	 0.517144799232483 
1565	 0.517410516738892 
1566	 0.517739832401276 
1567	 0.517920732498169 
1568	 0.517861127853394 
1569	 0.518046438694 
1570	 0.518384516239166 
1571	 0.51862895488739 
1572	 0.518909990787506 
1573	 0.519116699695587 
1574	 0.519224166870117 
1575	 0.519384503364563 
1576	 0.519628405570984 
1577	 0.519827008247375 
1578	 0.519920289516449 
1579	 0.520048260688782 
1580	 0.52020674943924 
1581	 0.520409464836121 
1582	 0.520661532878876 
1583	 0.520790159702301 
1584	 0.520965039730072 
1585	 0.521282911300659 
1586	 0.521521806716919 
1587	 0.521665751934052 
1588	 0.521777749061584 
1589	 0.521922051906586 
1590	 0.522165894508362 
1591	 0.522438168525696 
1592	 0.522634625434875 
1593	 0.522739589214325 
1594	 0.522779583930969 
1595	 0.522890985012054 
1596	 0.523109316825867 
1597	 0.523333072662354 
1598	 0.523591160774231 
1599	 0.523730039596558 
1600	 0.523790180683136 
1601	 0.524034202098846 
1602	 0.524233758449554 
1603	 0.524348974227905 
1604	 0.524584412574768 
1605	 0.524738013744354 
1606	 0.524802029132843 
1607	 0.525028049945831 
1608	 0.525257766246796 
1609	 0.525354027748108 
1610	 0.525517404079437 
1611	 0.525575995445251 
1612	 0.525471806526184 
1613	 0.525553941726685 
1614	 0.52571177482605 
1615	 0.525778830051422 
1616	 0.525894522666931 
1617	 0.526022732257843 
1618	 0.526096105575562 
1619	 0.526132524013519 
1620	 0.526257634162903 
1621	 0.526386499404907 
1622	 0.526426672935486 
1623	 0.526450157165527 
1624	 0.526391625404358 
1625	 0.526373565196991 
1626	 0.52642822265625 
1627	 0.526449739933014 
1628	 0.526505887508392 
1629	 0.526505351066589 
1630	 0.526361048221588 
1631	 0.526397109031677 
1632	 0.526585519313812 
1633	 0.526574909687042 
1634	 0.526569247245789 
1635	 0.526568233966827 
1636	 0.526557981967926 
1637	 0.526713848114014 
1638	 0.526823580265045 
1639	 0.526832818984985 
1640	 0.526714503765106 
1641	 0.526556432247162 
1642	 0.526645481586456 
1643	 0.526732325553894 
1644	 0.526717901229858 
1645	 0.526698589324951 
1646	 0.526546239852905 
1647	 0.52651458978653 
1648	 0.52677458524704 
1649	 0.526918888092041 
1650	 0.526853442192078 
1651	 0.526760280132294 
1652	 0.526657998561859 
1653	 0.52660083770752 
1654	 0.526672184467316 
1655	 0.526773989200592 
1656	 0.526610732078552 
1657	 0.526411175727844 
1658	 0.526378393173218 
1659	 0.52634185552597 
1660	 0.526344060897827 
1661	 0.526364982128143 
1662	 0.526210606098175 
1663	 0.526073396205902 
1664	 0.525999426841736 
1665	 0.52575021982193 
1666	 0.525558352470398 
1667	 0.52545839548111 
1668	 0.525316774845123 
1669	 0.525282263755798 
1670	 0.525173544883728 
1671	 0.524912118911743 
1672	 0.524612009525299 
1673	 0.524304032325745 
1674	 0.524123191833496 
1675	 0.523965179920197 
1676	 0.523942112922668 
1677	 0.523865163326263 
1678	 0.523828566074371 
1679	 0.523670673370361 
1680	 0.523292064666748 
1681	 0.5230672955513 
1682	 0.522786676883698 
1683	 0.522645831108093 
1684	 0.522862315177917 
1685	 0.522753238677979 
1686	 0.522450149059296 
1687	 0.522216975688934 
1688	 0.521763682365417 
1689	 0.521527171134949 
1690	 0.521568119525909 
1691	 0.521439254283905 
1692	 0.521332383155823 
1693	 0.521164834499359 
1694	 0.520870983600616 
1695	 0.520607531070709 
1696	 0.520277559757233 
1697	 0.520063102245331 
1698	 0.519961357116699 
1699	 0.519788205623627 
1700	 0.519648551940918 
1701	 0.519473552703857 
1702	 0.51919823884964 
1703	 0.518992483615875 
1704	 0.518849909305573 
1705	 0.51868349313736 
1706	 0.518530309200287 
1707	 0.518333792686462 
1708	 0.518101871013641 
1709	 0.51792311668396 
1710	 0.517717659473419 
1711	 0.517540097236633 
1712	 0.517504155635834 
1713	 0.517252266407013 
1714	 0.516925930976868 
1715	 0.516582250595093 
1716	 0.51608544588089 
1717	 0.51568341255188 
1718	 0.515263795852661 
1719	 0.514999389648438 
1720	 0.514846861362457 
1721	 0.514625430107117 
1722	 0.51451313495636 
1723	 0.514293372631073 
1724	 0.513951361179352 
1725	 0.513714909553528 
1726	 0.513526082038879 
1727	 0.513329923152924 
1728	 0.513157486915588 
1729	 0.512941181659698 
1730	 0.51273775100708 
1731	 0.512391686439514 
1732	 0.512050151824951 
1733	 0.511991739273071 
1734	 0.511917114257813 
1735	 0.511859953403473 
1736	 0.511649429798126 
1737	 0.510893106460571 
1738	 0.51054835319519 
1739	 0.510557353496552 
1740	 0.510353684425354 
1741	 0.510313630104065 
1742	 0.510135471820831 
1743	 0.509602785110474 
1744	 0.509291231632233 
1745	 0.509142696857452 
1746	 0.508908271789551 
1747	 0.508614778518677 
1748	 0.508460760116577 
1749	 0.508368968963623 
1750	 0.508238792419434 
1751	 0.508296132087708 
1752	 0.508186042308807 
1753	 0.507906377315521 
1754	 0.507657825946808 
1755	 0.507366299629211 
1756	 0.507087171077728 
1757	 0.506795346736908 
1758	 0.506506264209747 
1759	 0.506189346313477 
1760	 0.505937695503235 
1761	 0.505696058273315 
1762	 0.505501449108124 
1763	 0.505418121814728 
1764	 0.5052370429039 
1765	 0.505024611949921 
1766	 0.504812121391296 
1767	 0.50455105304718 
1768	 0.504307270050049 
1769	 0.504106402397156 
1770	 0.50380951166153 
1771	 0.503406584262848 
1772	 0.503187596797943 
1773	 0.502990186214447 
1774	 0.502972662448883 
1775	 0.50297486782074 
1776	 0.502802193164825 
1777	 0.502611994743347 
1778	 0.502496957778931 
1779	 0.502319693565369 
1780	 0.502337217330933 
1781	 0.502227246761322 
1782	 0.502048194408417 
1783	 0.501815378665924 
1784	 0.501387357711792 
1785	 0.501149296760559 
1786	 0.500921726226807 
1787	 0.500806391239166 
1788	 0.500914752483368 
1789	 0.500957667827606 
1790	 0.501069247722626 
1791	 0.501066565513611 
1792	 0.501023054122925 
1793	 0.500893175601959 
1794	 0.500627040863037 
1795	 0.500463604927063 
1796	 0.50026524066925 
1797	 0.500117242336273 
1798	 0.500003337860107 
1799	 0.499905824661255 
1800	 0.499864935874939 
1801	 0.499749362468719 
1802	 0.4996597468853 
1803	 0.499509572982788 
1804	 0.499209553003311 
1805	 0.499151051044464 
1806	 0.499112516641617 
1807	 0.498947143554688 
1808	 0.498922377824783 
1809	 0.498779833316803 
1810	 0.498559296131134 
1811	 0.498632282018662 
1812	 0.498503118753433 
1813	 0.49820265173912 
1814	 0.498093992471695 
1815	 0.497873932123184 
1816	 0.497623533010483 
1817	 0.497548371553421 
1818	 0.497403293848038 
1819	 0.49729585647583 
1820	 0.497149050235748 
1821	 0.4968082010746 
1822	 0.496741563081741 
1823	 0.496822327375412 
1824	 0.496785640716553 
1825	 0.496969699859619 
1826	 0.496938467025757 
1827	 0.496636390686035 
1828	 0.496466159820557 
1829	 0.49634724855423 
1830	 0.496215552091599 
1831	 0.497286349534988 
1832	 0.49697545170784 
1833	 0.496444493532181 
1834	 0.49604520201683 
1835	 0.495852321386337 
1836	 0.495542675256729 
1837	 0.495204418897629 
1838	 0.494819194078445 
1839	 0.494564652442932 
1840	 0.494317501783371 
1841	 0.493787914514542 
1842	 0.493259936571121 
1843	 0.492737263441086 
1844	 0.491973578929901 
1845	 0.491433650255203 
1846	 0.491205215454102 
1847	 0.490703970193863 
1848	 0.489793092012405 
1849	 0.489046424627304 
1850	 0.488141387701035 
1851	 0.487341910600662 
1852	 0.487080603837967 
1853	 0.486723184585571 
1854	 0.485978722572327 
1855	 0.484929174184799 
1856	 0.484024971723557 
1857	 0.482864111661911 
1858	 0.481756150722504 
1859	 0.480934977531433 
1860	 0.480247139930725 
1861	 0.479164868593216 
1862	 0.477949351072311 
1863	 0.476898223161697 
1864	 0.475831598043442 
1865	 0.474584251642227 
1866	 0.473361968994141 
1867	 0.472272664308548 
1868	 0.470680505037308 
1869	 0.468914031982422 
1870	 0.467324197292328 
1871	 0.465330928564072 
1872	 0.463339596986771 
1873	 0.461738258600235 
1874	 0.459685087203979 
1875	 0.457439929246902 
1876	 0.455130368471146 
1877	 0.452752590179443 
1878	 0.449766933917999 
1879	 0.446985214948654 
1880	 0.444447219371796 
1881	 0.441708534955978 
1882	 0.438864290714264 
1883	 0.435745567083359 
1884	 0.432523429393768 
1885	 0.429443448781967 
1886	 0.426345586776733 
1887	 0.423190087080002 
1888	 0.419833302497864 
1889	 0.416471272706985 
1890	 0.412796139717102 
1891	 0.408949464559555 
1892	 0.405274420976639 
1893	 0.401650667190552 
1894	 0.397993505001068 
1895	 0.393974393606186 
1896	 0.390202760696411 
1897	 0.386543363332748 
1898	 0.383076965808868 
1899	 0.37936145067215 
1900	 0.375793188810349 
1901	 0.372337758541107 
1902	 0.368586748838425 
1903	 0.364705771207809 
1904	 0.361163765192032 
1905	 0.35765540599823 
1906	 0.354163855314255 
1907	 0.351074814796448 
1908	 0.348356664180756 
1909	 0.345779180526733 
1910	 0.34312316775322 
1911	 0.340317010879517 
1912	 0.337602287530899 
1913	 0.335184842348099 
1914	 0.332714915275574 
1915	 0.330525428056717 
1916	 0.328490555286407 
1917	 0.326055228710175 
1918	 0.32398122549057 
1919	 0.322122871875763 
1920	 0.320664584636688 
1921	 0.318864583969116 
1922	 0.317198187112808 
1923	 0.315725654363632 
1924	 0.314063191413879 
1925	 0.312879741191864 
1926	 0.31210795044899 
1927	 0.311097949743271 
1928	 0.310097336769104 
1929	 0.309182405471802 
1930	 0.308225750923157 
1931	 0.307333320379257 
1932	 0.306729882955551 
1933	 0.306094229221344 
1934	 0.305513113737106 
1935	 0.304882854223251 
1936	 0.304164797067642 
1937	 0.303721219301224 
1938	 0.303325235843658 
1939	 0.303075045347214 
1940	 0.302886635065079 
1941	 0.302807658910751 
1942	 0.302656978368759 
1943	 0.302696853876114 
1944	 0.302726268768311 
1945	 0.302657872438431 
1946	 0.302621364593506 
1947	 0.302686333656311 
1948	 0.302863210439682 
1949	 0.303234487771988 
1950	 0.303645968437195 
1951	 0.303961843252182 
1952	 0.304315745830536 
1953	 0.304588109254837 
1954	 0.304848611354828 
1955	 0.305364519357681 
1956	 0.305958598852158 
1957	 0.306490033864975 
1958	 0.307219266891479 
1959	 0.307773292064667 
1960	 0.308002173900604 
1961	 0.30840215086937 
1962	 0.308799892663956 
1963	 0.309245884418488 
1964	 0.309974282979965 
1965	 0.310516268014908 
1966	 0.311047583818436 
1967	 0.311469703912735 
1968	 0.311936646699905 
1969	 0.312151819467545 
1970	 0.312532097101212 
1971	 0.31323254108429 
1972	 0.313856989145279 
1973	 0.314497828483582 
1974	 0.315180838108063 
1975	 0.315870374441147 
1976	 0.316408216953278 
1977	 0.316735953092575 
1978	 0.317151695489883 
1979	 0.317810267210007 
1980	 0.318221628665924 
1981	 0.318602591753006 
1982	 0.319227367639542 
1983	 0.319956064224243 
1984	 0.320735991001129 
1985	 0.321311295032501 
1986	 0.321850478649139 
1987	 0.322530269622803 
1988	 0.323133200407028 
1989	 0.323796063661575 
1990	 0.32464125752449 
1991	 0.325512409210205 
1992	 0.326017498970032 
1993	 0.326734125614166 
1994	 0.32759901881218 
1995	 0.328253835439682 
1996	 0.328980356454849 
1997	 0.32964625954628 
1998	 0.330289661884308 
1999	 0.331206142902374 
2000	 0.33215469121933 
2001	 0.332941383123398 
2002	 0.33365586400032 
2003	 0.334163367748261 
2004	 0.334773629903793 
2005	 0.335481226444244 
2006	 0.336040258407593 
2007	 0.336606085300446 
2008	 0.337221294641495 
2009	 0.337928771972656 
2010	 0.338788956403732 
2011	 0.339637070894241 
2012	 0.340272963047028 
2013	 0.340565919876099 
2014	 0.340887874364853 
2015	 0.341418296098709 
2016	 0.342069059610367 
2017	 0.342634826898575 
2018	 0.343357175588608 
2019	 0.343962788581848 
2020	 0.344503998756409 
2021	 0.345014095306396 
2022	 0.345380157232285 
2023	 0.345790952444077 
2024	 0.34597173333168 
2025	 0.346188098192215 
2026	 0.346715241670609 
2027	 0.347113281488419 
2028	 0.347521752119064 
2029	 0.347971051931381 
2030	 0.348381400108337 
2031	 0.348660230636597 
2032	 0.349183827638626 
2033	 0.349622040987015 
2034	 0.349886655807495 
2035	 0.350189119577408 
2036	 0.350592434406281 
2037	 0.3508640229702 
2038	 0.351099252700806 
2039	 0.351510405540466 
2040	 0.351826429367065 
2041	 0.352213263511658 
2042	 0.352783799171448 
2043	 0.353179842233658 
2044	 0.353490203619003 
2045	 0.353649318218231 
2046	 0.35358452796936 
2047	 0.353780925273895 
2048	 0.353953719139099 
2049	 0.354093104600906 
2050	 0.354579716920853 
2051	 0.354867726564407 
2052	 0.354914486408234 
2053	 0.355326771736145 
2054	 0.355655193328857 
2055	 0.355842649936676 
2056	 0.356164187192917 
2057	 0.356343924999237 
2058	 0.356589406728745 
2059	 0.356793582439423 
2060	 0.357029646635056 
2061	 0.357290416955948 
2062	 0.357658714056015 
2063	 0.357882916927338 
2064	 0.357999354600906 
2065	 0.358160853385925 
2066	 0.35832217335701 
2067	 0.358336418867111 
2068	 0.358427435159683 
2069	 0.358838349580765 
2070	 0.35903126001358 
2071	 0.35896560549736 
2072	 0.359363168478012 
2073	 0.359747976064682 
2074	 0.35999807715416 
2075	 0.360374510288239 
2076	 0.361111521720886 
2077	 0.361607313156128 
2078	 0.361717134714127 
2079	 0.361879467964172 
2080	 0.361767143011093 
2081	 0.361674815416336 
2082	 0.361891716718674 
2083	 0.362195402383804 
2084	 0.362735003232956 
2085	 0.363123208284378 
2086	 0.363254874944687 
2087	 0.36344188451767 
2088	 0.363721519708633 
2089	 0.364137679338455 
2090	 0.36434081196785 
2091	 0.364402234554291 
2092	 0.364633232355118 
2093	 0.364825665950775 
2094	 0.364968061447144 
2095	 0.365419059991837 
2096	 0.365899235010147 
2097	 0.366085827350616 
2098	 0.366379290819168 
2099	 0.366718739271164 
2100	 0.366932928562164 
2101	 0.367262214422226 
2102	 0.367488533258438 
2103	 0.367568850517273 
2104	 0.367747992277145 
2105	 0.367944628000259 
2106	 0.368152558803558 
2107	 0.368508040904999 
2108	 0.369128316640854 
2109	 0.369418919086456 
2110	 0.36963614821434 
2111	 0.369872659444809 
2112	 0.36983048915863 
2113	 0.369899243116379 
2114	 0.37030902504921 
2115	 0.370569229125977 
2116	 0.370745986700058 
2117	 0.370922565460205 
2118	 0.37110698223114 
2119	 0.371200621128082 
2120	 0.371329486370087 
2121	 0.371652364730835 
2122	 0.371787965297699 
2123	 0.371861696243286 
2124	 0.372107177972794 
2125	 0.372583955526352 
2126	 0.372716069221497 
2127	 0.372747391462326 
2128	 0.372997552156448 
2129	 0.373242050409317 
2130	 0.373163998126984 
2131	 0.3735191822052 
2132	 0.373955190181732 
2133	 0.374043524265289 
2134	 0.373987764120102 
2135	 0.374080687761307 
2136	 0.37397962808609 
2137	 0.373702257871628 
2138	 0.37397113442421 
2139	 0.374202340841293 
2140	 0.374281227588654 
2141	 0.374329388141632 
2142	 0.374335706233978 
2143	 0.374208867549896 
2144	 0.373900473117828 
2145	 0.373912870883942 
2146	 0.373991936445236 
2147	 0.374149471521378 
2148	 0.374578714370728 
2149	 0.374770432710648 
2150	 0.374885320663452 
2151	 0.375069320201874 
2152	 0.375029325485229 
2153	 0.374777883291245 
2154	 0.374678462743759 
2155	 0.374904602766037 
2156	 0.375009745359421 
2157	 0.375040084123611 
2158	 0.375122934579849 
2159	 0.374720722436905 
2160	 0.374517649412155 
2161	 0.374977260828018 
2162	 0.375134140253067 
2163	 0.375015258789063 
2164	 0.375324845314026 
2165	 0.376057952642441 
2166	 0.376173585653305 
2167	 0.37612572312355 
2168	 0.376357227563858 
2169	 0.376368373632431 
2170	 0.376369029283524 
2171	 0.376797884702683 
2172	 0.377204716205597 
2173	 0.37751778960228 
2174	 0.377585619688034 
2175	 0.377846330404282 
2176	 0.378116935491562 
2177	 0.378201693296433 
2178	 0.378462314605713 
2179	 0.378350466489792 
2180	 0.378462821245193 
2181	 0.378775417804718 
2182	 0.378669083118439 
2183	 0.378868401050568 
2184	 0.379101514816284 
2185	 0.379198759794235 
2186	 0.37936145067215 
2187	 0.37930354475975 
2188	 0.378857374191284 
2189	 0.378717243671417 
2190	 0.378500878810883 
2191	 0.378480017185211 
2192	 0.378722339868546 
2193	 0.379128813743591 
2194	 0.379217803478241 
2195	 0.378884434700012 
2196	 0.378464579582214 
2197	 0.378179907798767 
2198	 0.378168433904648 
2199	 0.37818056344986 
2200	 0.377864986658096 
2201	 0.377583831548691 
2202	 0.377630323171616 
2203	 0.377630621194839 
2204	 0.377523511648178 
2205	 0.377636700868607 
2206	 0.37726354598999 
2207	 0.376505374908447 
2208	 0.376478582620621 
2209	 0.376423507928848 
2210	 0.376133441925049 
2211	 0.375717461109161 
2212	 0.375668466091156 
2213	 0.375762224197388 
2214	 0.37538293004036 
2215	 0.374981850385666 
2216	 0.374654769897461 
2217	 0.374027609825134 
2218	 0.373275697231293 
2219	 0.373264938592911 
2220	 0.373287290334702 
2221	 0.372657358646393 
2222	 0.37248969078064 
2223	 0.372262001037598 
2224	 0.371592193841934 
2225	 0.370983451604843 
2226	 0.370162039995193 
2227	 0.369218826293945 
2228	 0.368677467107773 
2229	 0.368024855852127 
2230	 0.366988182067871 
2231	 0.366345316171646 
2232	 0.365868628025055 
2233	 0.365135550498962 
2234	 0.364668041467667 
2235	 0.364188939332962 
2236	 0.362953037023544 
2237	 0.362044930458069 
2238	 0.36152857542038 
2239	 0.360525965690613 
2240	 0.359113126993179 
2241	 0.358081012964249 
2242	 0.356824815273285 
2243	 0.35572612285614 
2244	 0.355098992586136 
2245	 0.354232519865036 
2246	 0.353218168020248 
2247	 0.352191209793091 
2248	 0.35151281952858 
2249	 0.350676596164703 
2250	 0.349388837814331 
2251	 0.348349064588547 
2252	 0.347644686698914 
2253	 0.346765398979187 
2254	 0.346173912286758 
2255	 0.345794379711151 
2256	 0.344739675521851 
2257	 0.343452781438828 
2258	 0.342518895864487 
2259	 0.341334044933319 
2260	 0.340033531188965 
2261	 0.33927059173584 
2262	 0.338307321071625 
2263	 0.337093949317932 
2264	 0.336321920156479 
2265	 0.335236608982086 
2266	 0.333981037139893 
2267	 0.332985043525696 
2268	 0.331762164831162 
2269	 0.330507755279541 
2270	 0.329502463340759 
2271	 0.328625619411469 
2272	 0.327552050352097 
2273	 0.326242178678513 
2274	 0.325258076190948 
2275	 0.324402958154678 
2276	 0.32330584526062 
2277	 0.322196990251541 
2278	 0.321363061666489 
2279	 0.320493876934052 
2280	 0.319711804389954 
2281	 0.319220423698425 
2282	 0.318763583898544 
2283	 0.317765116691589 
2284	 0.316401749849319 
2285	 0.315349549055099 
2286	 0.314201027154922 
2287	 0.313451319932938 
2288	 0.313125759363174 
2289	 0.312350481748581 
2290	 0.311603158712387 
2291	 0.31078514456749 
2292	 0.309726983308792 
2293	 0.309305161237717 
2294	 0.308996021747589 
2295	 0.308550953865051 
2296	 0.308094263076782 
2297	 0.30707573890686 
2298	 0.306353241205215 
2299	 0.305992245674133 
2300	 0.305287927389145 
2301	 0.304882138967514 
2302	 0.304319113492966 
2303	 0.303556323051453 
2304	 0.303481340408325 
2305	 0.302850157022476 
2306	 0.301599711179733 
2307	 0.300571620464325 
2308	 0.299186915159225 
2309	 0.298543721437454 
2310	 0.298679262399673 
2311	 0.298228949308395 
2312	 0.297826886177063 
2313	 0.297678798437119 
2314	 0.297121495008469 
2315	 0.29630833864212 
2316	 0.295659750699997 
2317	 0.294874548912048 
2318	 0.294085085391998 
2319	 0.293934255838394 
2320	 0.294178277254105 
2321	 0.294031739234924 
2322	 0.29334682226181 
2323	 0.292900502681732 
2324	 0.292391151189804 
2325	 0.292052417993546 
2326	 0.291886478662491 
2327	 0.291871607303619 
2328	 0.29189932346344 
2329	 0.291888296604156 
2330	 0.291983187198639 
2331	 0.29221785068512 
2332	 0.291988998651505 
2333	 0.292008012533188 
2334	 0.291473478078842 
2335	 0.290409535169601 
2336	 0.289917379617691 
2337	 0.289602965116501 
2338	 0.289121150970459 
2339	 0.288974314928055 
2340	 0.289131909608841 
2341	 0.289289146661758 
2342	 0.2899010181427 
2343	 0.290285617113113 
2344	 0.290311008691788 
2345	 0.290328800678253 
2346	 0.290177464485168 
2347	 0.290907829999924 
2348	 0.291373193264008 
2349	 0.290969759225845 
2350	 0.291714787483215 
2351	 0.292346298694611 
2352	 0.292662084102631 
2353	 0.294152528047562 
2354	 0.294364631175995 
2355	 0.293855309486389 
2356	 0.294821977615356 
2357	 0.295405268669128 
2358	 0.295413315296173 
2359	 0.296576112508774 
2360	 0.297892034053802 
2361	 0.29790472984314 
2362	 0.298561543226242 
2363	 0.299505829811096 
2364	 0.299170315265656 
2365	 0.299323290586472 
2366	 0.30002623796463 
2367	 0.300225824117661 
2368	 0.300040781497955 
2369	 0.300104886293411 
2370	 0.300597310066223 
2371	 0.3004469871521 
2372	 0.300165772438049 
2373	 0.300375580787659 
2374	 0.300809532403946 
2375	 0.301359057426453 
2376	 0.301317304372787 
2377	 0.301144391298294 
2378	 0.30046620965004 
2379	 0.29889652132988 
2380	 0.297826081514359 
2381	 0.29690232872963 
2382	 0.296114176511765 
2383	 0.296286523342133 
2384	 0.296281337738037 
2385	 0.296159833669662 
2386	 0.295465379953384 
2387	 0.293087512254715 
2388	 0.291665643453598 
2389	 0.291778236627579 
2390	 0.291356950998306 
2391	 0.291244357824326 
2392	 0.291722983121872 
2393	 0.290876418352127 
2394	 0.289880335330963 
2395	 0.289411425590515 
2396	 0.288467437028885 
2397	 0.288210988044739 
2398	 0.288473039865494 
2399	 0.288717210292816 
2400	 0.287474185228348 
2401	 0.284673064947128 
2402	 0.282928913831711 
2403	 0.282404154539108 
2404	 0.281825184822083 
2405	 0.280924588441849 
2406	 0.279458910226822 
2407	 0.276489615440369 
2408	 0.274381339550018 
2409	 0.27443253993988 
2410	 0.274509251117706 
2411	 0.273315489292145 
2412	 0.272153437137604 
2413	 0.271328151226044 
2414	 0.269407212734222 
2415	 0.268892258405685 
2416	 0.269824683666229 
2417	 0.269354850053787 
2418	 0.267778605222702 
2419	 0.266082376241684 
2420	 0.263030111789703 
2421	 0.259774744510651 
2422	 0.259533435106277 
2423	 0.259634673595428 
2424	 0.258944451808929 
2425	 0.258499413728714 
2426	 0.255912750959396 
2427	 0.253056645393372 
2428	 0.252135396003723 
2429	 0.251939624547958 
2430	 0.251491487026215 
2431	 0.250449985265732 
2432	 0.24834793806076 
2433	 0.245475217700005 
2434	 0.243444964289665 
2435	 0.242711260914803 
2436	 0.243120491504669 
2437	 0.243233025074005 
2438	 0.242673739790916 
2439	 0.241923809051514 
2440	 0.239680916070938 
2441	 0.236598998308182 
2442	 0.234506905078888 
2443	 0.233208328485489 
2444	 0.231938287615776 
2445	 0.229990243911743 
2446	 0.228911906480789 
2447	 0.228830009698868 
2448	 0.227536663413048 
2449	 0.227668240666389 
2450	 0.227898493409157 
2451	 0.225065648555756 
2452	 0.222937494516373 
2453	 0.22143167257309 
2454	 0.219542190432549 
2455	 0.218094080686569 
2456	 0.216861724853516 
2457	 0.216982617974281 
2458	 0.216119602322578 
2459	 0.215384528040886 
2460	 0.214239373803139 
2461	 0.211427375674248 
2462	 0.210969001054764 
2463	 0.212033972144127 
2464	 0.211264416575432 
2465	 0.211219221353531 
2466	 0.210009068250656 
2467	 0.207024723291397 
2468	 0.20522041618824 
2469	 0.201856076717377 
2470	 0.20160984992981 
2471	 0.204081654548645 
2472	 0.204443842172623 
2473	 0.207294330000877 
2474	 0.207258105278015 
2475	 0.203781276941299 
2476	 0.201968088746071 
2477	 0.199162349104881 
2478	 0.198196172714233 
2479	 0.197044685482979 
2480	 0.197200313210487 
2481	 0.198460072278976 
2482	 0.197465553879738 
2483	 0.196239084005356 
2484	 0.193780049681664 
2485	 0.191605269908905 
2486	 0.190842539072037 
2487	 0.19065435230732 
2488	 0.18869461119175 
2489	 0.187723532319069 
2490	 0.188992217183113 
2491	 0.18797042965889 
2492	 0.188285931944847 
2493	 0.18956395983696 
2494	 0.186037838459015 
2495	 0.181346416473389 
2496	 0.181817457079887 
2497	 0.182338520884514 
2498	 0.185306653380394 
2499	 0.190648034214973 
2500	 0.188580438494682 
