350	 5.63821755349636E-02 
351	 5.11326901614666E-02 
352	 0.057792354375124 
353	 6.19905367493629E-02 
354	 5.52483052015305E-02 
355	 5.48614971339703E-02 
356	 5.62303364276886E-02 
357	 5.61538301408291E-02 
358	 5.33896759152412E-02 
359	 5.40046542882919E-02 
360	 5.51678873598576E-02 
361	 5.57652339339256E-02 
362	 0.056430958211422 
363	 5.62061220407486E-02 
364	 5.58821484446526E-02 
365	 0.055662427097559 
366	 5.39991110563278E-02 
367	 5.58751448988914E-02 
368	 5.84902763366699E-02 
369	 5.80680295825005E-02 
370	 5.59707060456276E-02 
371	 5.57910464704037E-02 
372	 5.71657679975033E-02 
373	 5.71960546076298E-02 
374	 5.52105270326138E-02 
375	 5.56415244936943E-02 
376	 0.05815564468503 
377	 5.51541075110435E-02 
378	 5.45695871114731E-02 
379	 5.66887706518173E-02 
380	 5.89508451521397E-02 
381	 5.62179274857044E-02 
382	 5.55364824831486E-02 
383	 5.72212934494019E-02 
384	 5.80358244478703E-02 
385	 5.66934607923031E-02 
386	 5.59931024909019E-02 
387	 5.69792091846466E-02 
388	 5.82297444343567E-02 
389	 5.72185106575489E-02 
390	 5.57638481259346E-02 
391	 5.55888786911964E-02 
392	 5.55279143154621E-02 
393	 5.69563582539558E-02 
394	 5.78892342746258E-02 
395	 5.61440102756023E-02 
396	 5.72733618319035E-02 
397	 5.82315698266029E-02 
398	 5.76425530016422E-02 
399	 5.64890913665295E-02 
400	 5.68675734102726E-02 
401	 5.74451051652431E-02 
402	 5.71681223809719E-02 
403	 5.71971572935581E-02 
404	 5.80181591212749E-02 
405	 5.85729852318764E-02 
406	 5.77489472925663E-02 
407	 5.76908849179745E-02 
408	 5.83124496042728E-02 
409	 5.88813461363316E-02 
410	 5.83238638937473E-02 
411	 5.83007708191872E-02 
412	 5.89906610548496E-02 
413	 5.98580539226532E-02 
414	 5.94078153371811E-02 
415	 5.89681416749954E-02 
416	 5.89246228337288E-02 
417	 5.92134967446327E-02 
418	 5.95573037862778E-02 
419	 0.059725109487772 
420	 5.97155839204788E-02 
421	 0.059738602489233 
422	 5.97990974783897E-02 
423	 0.059733722358942 
424	 5.96440024673939E-02 
425	 6.04146867990494E-02 
426	 6.09644316136837E-02 
427	 6.09795711934567E-02 
428	 6.06720857322216E-02 
429	 6.12605921924114E-02 
430	 0.061509158462286 
431	 6.12268336117268E-02 
432	 6.15240819752216E-02 
433	 0.061695646494627 
434	 6.18967190384865E-02 
435	 6.22703172266483E-02 
436	 6.24406561255455E-02 
437	 0.062538281083107 
438	 6.27699866890907E-02 
439	 6.32995590567589E-02 
440	 6.37026727199554E-02 
441	 6.39412403106689E-02 
442	 6.40567019581795E-02 
443	 6.41272515058517E-02 
444	 6.43630176782608E-02 
445	 6.44445195794106E-02 
446	 6.41707852482796E-02 
447	 0.064307302236557 
448	 6.42044693231583E-02 
449	 6.38730674982071E-02 
450	 6.37747347354889E-02 
451	 6.37973323464394E-02 
452	 6.36305660009384E-02 
453	 6.32696524262428E-02 
454	 6.33494555950165E-02 
455	 6.32800385355949E-02 
456	 6.30970746278763E-02 
457	 6.30024969577789E-02 
458	 6.28539398312569E-02 
459	 6.30654320120811E-02 
460	 6.34896978735924E-02 
461	 6.34680762887001E-02 
462	 0.063345268368721 
463	 6.34305104613304E-02 
464	 6.37629181146622E-02 
465	 6.37397468090057E-02 
466	 6.34582936763763E-02 
467	 6.32771700620651E-02 
468	 6.35795593261719E-02 
469	 6.39258697628975E-02 
470	 6.40404745936394E-02 
471	 6.39549493789673E-02 
472	 6.40649646520615E-02 
473	 6.43138810992241E-02 
474	 6.46212697029114E-02 
475	 6.49229437112808E-02 
476	 6.52849301695824E-02 
477	 6.55661001801491E-02 
478	 6.57779946923256E-02 
479	 6.60238787531853E-02 
480	 6.61848112940788E-02 
481	 6.62616267800331E-02 
482	 6.62576779723167E-02 
483	 6.61242976784706E-02 
484	 0.06617471575737 
485	 6.62822052836418E-02 
486	 6.62359669804573E-02 
487	 6.62419050931931E-02 
488	 6.63307011127472E-02 
489	 6.64403066039085E-02 
490	 6.64363279938698E-02 
491	 6.66594728827477E-02 
492	 6.69196620583534E-02 
493	 6.70653283596039E-02 
494	 6.73637390136719E-02 
495	 6.77433162927628E-02 
496	 6.82237148284912E-02 
497	 6.88379183411598E-02 
498	 6.93927481770515E-02 
499	 6.99896737933159E-02 
500	 7.07041993737221E-02 
501	 7.15393871068954E-02 
502	 7.21057504415512E-02 
503	 0.072628878057003 
504	 7.33531937003136E-02 
505	 7.37555548548698E-02 
506	 7.41759315133095E-02 
507	 7.46693387627602E-02 
508	 0.075029157102108 
509	 7.52475261688232E-02 
510	 0.075525276362896 
511	 7.59729146957397E-02 
512	 7.64307230710983E-02 
513	 7.66096264123917E-02 
514	 7.67132416367531E-02 
515	 7.71089047193527E-02 
516	 7.75573924183846E-02 
517	 7.78365731239319E-02 
518	 7.79791623353958E-02 
519	 7.83447250723839E-02 
520	 7.86868259310722E-02 
521	 7.90007561445236E-02 
522	 7.93092176318169E-02 
523	 7.94955939054489E-02 
524	 7.97879248857498E-02 
525	 8.01899880170822E-02 
526	 8.05411115288734E-02 
527	 8.10026526451111E-02 
528	 8.14938023686409E-02 
529	 8.19510519504547E-02 
530	 8.24224129319191E-02 
531	 0.082987941801548 
532	 0.083572693169117 
533	 8.40748772025108E-02 
534	 8.46749320626259E-02 
535	 8.53446871042252E-02 
536	 8.60117524862289E-02 
537	 8.65654051303864E-02 
538	 8.72178301215172E-02 
539	 8.78910273313522E-02 
540	 8.84731188416481E-02 
541	 8.90119522809982E-02 
542	 8.96308422088623E-02 
543	 9.02678519487381E-02 
544	 9.07448083162308E-02 
545	 9.13930758833885E-02 
546	 9.20405834913254E-02 
547	 9.25272554159164E-02 
548	 9.28646251559258E-02 
549	 9.33233946561813E-02 
550	 9.38312113285065E-02 
551	 9.41957160830498E-02 
552	 9.45253893733025E-02 
553	 9.48376432061195E-02 
554	 0.095114067196846 
555	 9.52998548746109E-02 
556	 0.095487155020237 
557	 9.56779196858406E-02 
558	 0.095835380256176 
559	 9.58664268255234E-02 
560	 9.59019437432289E-02 
561	 9.59834679961205E-02 
562	 9.60728451609612E-02 
563	 9.60220247507095E-02 
564	 9.59599986672401E-02 
565	 9.59554314613342E-02 
566	 9.58271697163582E-02 
567	 9.57243070006371E-02 
568	 9.56149697303772E-02 
569	 9.54022258520126E-02 
570	 9.51169803738594E-02 
571	 9.47633981704712E-02 
572	 9.43771973252296E-02 
573	 9.40394774079323E-02 
574	 9.37151089310646E-02 
575	 0.093381829559803 
576	 9.30345579981804E-02 
577	 9.27212238311768E-02 
578	 9.24220830202103E-02 
579	 0.092079371213913 
580	 9.16223898530006E-02 
581	 9.12751257419586E-02 
582	 9.09611880779266E-02 
583	 9.06194299459457E-02 
584	 9.03560295701027E-02 
585	 9.01079699397087E-02 
586	 8.99024158716202E-02 
587	 8.97883400321007E-02 
588	 8.96654650568962E-02 
589	 8.95270705223084E-02 
590	 8.93554016947746E-02 
591	 8.91078785061836E-02 
592	 0.088837094604969 
593	 8.85026305913925E-02 
594	 0.088089257478714 
595	 8.77700969576836E-02 
596	 8.74557569622993E-02 
597	 8.71143490076065E-02 
598	 0.086765892803669 
599	 8.64304453134537E-02 
600	 8.61708521842957E-02 
601	 8.59833806753159E-02 
602	 8.56838151812553E-02 
603	 8.54094326496124E-02 
604	 8.51805582642555E-02 
605	 8.49593803286552E-02 
606	 0.084666334092617 
607	 8.43889638781548E-02 
608	 8.41464325785637E-02 
609	 8.38541239500046E-02 
610	 0.08353491127491 
611	 8.31911414861679E-02 
612	 0.082807332277298 
613	 8.23100283741951E-02 
614	 8.18196684122086E-02 
615	 8.13633799552917E-02 
616	 8.08945596218109E-02 
617	 8.03631618618965E-02 
618	 7.98775032162666E-02 
619	 7.94871523976326E-02 
620	 7.90698677301407E-02 
621	 0.078660860657692 
622	 7.82771185040474E-02 
623	 7.79376477003098E-02 
624	 0.077681802213192 
625	 7.73804485797882E-02 
626	 7.70436897873878E-02 
627	 7.68569558858871E-02 
628	 7.66676738858223E-02 
629	 0.076484702527523 
630	 7.63330683112144E-02 
631	 7.61508867144585E-02 
632	 7.60370939970016E-02 
633	 7.59584605693817E-02 
634	 7.58079066872597E-02 
635	 7.57303759455681E-02 
636	 0.075689934194088 
637	 7.56760612130165E-02 
638	 7.57816135883331E-02 
639	 7.58765414357185E-02 
640	 7.59831294417381E-02 
641	 7.61377066373825E-02 
642	 7.61309638619423E-02 
643	 7.61668607592583E-02 
644	 7.63222351670265E-02 
645	 7.65120014548302E-02 
646	 7.65931829810143E-02 
647	 7.66872391104698E-02 
648	 7.68878906965256E-02 
649	 7.70395770668983E-02 
650	 7.71872624754906E-02 
651	 7.73707777261734E-02 
652	 7.76092559099197E-02 
653	 7.77697712182999E-02 
654	 0.077971838414669 
655	 7.82439634203911E-02 
656	 0.078444816172123 
657	 7.86300972104073E-02 
658	 7.88215920329094E-02 
659	 7.90254697203636E-02 
660	 7.92222023010254E-02 
661	 7.93837457895279E-02 
662	 7.95248821377754E-02 
663	 0.079695463180542 
664	 7.99559652805328E-02 
665	 8.01659449934959E-02 
666	 0.080260656774044 
667	 8.04056972265244E-02 
668	 8.05864334106445E-02 
669	 8.07806923985481E-02 
670	 0.080962561070919 
671	 8.11393335461617E-02 
672	 0.081331841647625 
673	 8.15287753939629E-02 
674	 8.16890448331833E-02 
675	 8.19199979305267E-02 
676	 8.21688622236252E-02 
677	 0.082384891808033 
678	 8.26266258955002E-02 
679	 8.27845111489296E-02 
680	 8.29032063484192E-02 
681	 8.30877646803856E-02 
682	 8.32478627562523E-02 
683	 8.33724215626717E-02 
684	 8.34839567542076E-02 
685	 8.36412832140923E-02 
686	 8.38207826018333E-02 
687	 8.40169936418533E-02 
688	 8.42254012823105E-02 
689	 0.084453284740448 
690	 8.46560373902321E-02 
691	 0.084866113960743 
692	 8.51546451449394E-02 
693	 8.54639858007431E-02 
694	 8.57302024960518E-02 
695	 8.59468355774879E-02 
696	 8.62035751342773E-02 
697	 8.65800082683563E-02 
698	 8.69615152478218E-02 
699	 8.72234031558037E-02 
700	 8.74835252761841E-02 
701	 8.78917500376701E-02 
702	 8.83228853344917E-02 
703	 0.088479109108448 
704	 8.88284593820572E-02 
705	 8.92360806465149E-02 
706	 8.95645916461945E-02 
707	 8.98500010371208E-02 
708	 9.02255177497864E-02 
709	 9.06750336289406E-02 
710	 9.11103188991547E-02 
711	 0.091418132185936 
712	 9.17513146996498E-02 
713	 0.092144750058651 
714	 9.25166830420494E-02 
715	 9.28575769066811E-02 
716	 9.32051986455917E-02 
717	 9.35820266604424E-02 
718	 9.39663052558899E-02 
719	 9.43574085831642E-02 
720	 9.47088077664375E-02 
721	 9.49979424476624E-02 
722	 9.53961238265038E-02 
723	 9.57909151911736E-02 
724	 9.61492210626602E-02 
725	 9.65182557702065E-02 
726	 9.68284532427788E-02 
727	 9.71510782837868E-02 
728	 9.75310727953911E-02 
729	 9.79133695363998E-02 
730	 9.82234477996826E-02 
731	 9.85094904899597E-02 
732	 9.88484099507332E-02 
733	 9.91974845528603E-02 
734	 9.95342656970024E-02 
735	 9.98489782214165E-02 
736	 0.100147612392902 
737	 0.100473925471306 
738	 0.100807331502438 
739	 0.101124450564384 
740	 0.101420037448406 
741	 0.101685032248497 
742	 0.10195367783308 
743	 0.102268449962139 
744	 0.102639131247997 
745	 0.102926790714264 
746	 0.103156074881554 
747	 0.103466853499413 
748	 0.103743068873882 
749	 0.104049943387508 
750	 0.104385606944561 
751	 0.104593493044376 
752	 0.104844219982624 
753	 0.105130635201931 
754	 0.10541008412838 
755	 0.105706349015236 
756	 0.10601519793272 
757	 0.106319606304169 
758	 0.106601797044277 
759	 0.106882818043232 
760	 0.107136271893978 
761	 0.107375755906105 
762	 0.107668459415436 
763	 0.107954241335392 
764	 0.108216799795628 
765	 0.108466133475304 
766	 0.108759015798569 
767	 0.108978353440762 
768	 0.109169565141201 
769	 0.109424524009228 
770	 0.109653800725937 
771	 0.109896577894688 
772	 0.110157236456871 
773	 0.110393650829792 
774	 0.110536754131317 
775	 0.110685877501965 
776	 0.110914573073387 
777	 0.111195839941502 
778	 0.11142048984766 
779	 0.111600868403912 
780	 0.111792333424091 
781	 0.112045519053936 
782	 0.112235985696316 
783	 0.112370312213898 
784	 0.112538769841194 
785	 0.1127844825387 
786	 0.112984053790569 
787	 0.113127790391445 
788	 0.113349817693233 
789	 0.113536685705185 
790	 0.113689959049225 
791	 0.113828234374523 
792	 0.113954730331898 
793	 0.114080227911472 
794	 0.114256411790848 
795	 0.114500813186169 
796	 0.114643327891827 
797	 0.114756003022194 
798	 0.114897698163986 
799	 0.115092054009438 
800	 0.115230090916157 
801	 0.115365259349346 
802	 0.115517184138298 
803	 0.115641579031944 
804	 0.115781418979168 
805	 0.11590938270092 
806	 0.116008169949055 
807	 0.116112694144249 
808	 0.116194382309914 
809	 0.116257891058922 
810	 0.116329848766327 
811	 0.11646980047226 
812	 0.116625852882862 
813	 0.116738960146904 
814	 0.116771318018436 
815	 0.116842679679394 
816	 0.116964146494865 
817	 0.117118179798126 
818	 0.117264553904533 
819	 0.117335446178913 
820	 0.117333769798279 
821	 0.117321468889713 
822	 0.117441847920418 
823	 0.117496885359287 
824	 0.117547281086445 
825	 0.117660455405712 
826	 0.117712296545506 
827	 0.117731384932995 
828	 0.117791675031185 
829	 0.117939874529839 
830	 0.11799617856741 
831	 0.118040233850479 
832	 0.118099994957447 
833	 0.118152268230915 
834	 0.118149682879448 
835	 0.118223041296005 
836	 0.118336573243141 
837	 0.118282645940781 
838	 0.118259273469448 
839	 0.118246920406818 
840	 0.11824057251215 
841	 0.118316560983658 
842	 0.118339091539383 
843	 0.118369363248348 
844	 0.118440620601177 
845	 0.118370182812214 
846	 0.118339158594608 
847	 0.118371464312077 
848	 0.118419609963894 
849	 0.11842605471611 
850	 0.118407674133778 
851	 0.118406854569912 
852	 0.118457175791264 
853	 0.118483141064644 
854	 0.118460021913052 
855	 0.118401274085045 
856	 0.118356540799141 
857	 0.118394747376442 
858	 0.118444107472897 
859	 0.118434399366379 
860	 0.118337385356426 
861	 0.118420407176018 
862	 0.11853189021349 
863	 0.118522755801678 
864	 0.118388302624226 
865	 0.118352971971035 
866	 0.118349656462669 
867	 0.118303425610065 
868	 0.118274867534637 
869	 0.118277952075005 
870	 0.118253111839294 
871	 0.118180826306343 
872	 0.118203423917294 
873	 0.118190087378025 
874	 0.118139266967773 
875	 0.118087254464626 
876	 0.117980286478996 
877	 0.117962665855885 
878	 0.117986761033535 
879	 0.11793927103281 
880	 0.117909923195839 
881	 0.117883414030075 
882	 0.117848724126816 
883	 0.117802977561951 
884	 0.1176782771945 
885	 0.117628581821918 
886	 0.117631278932095 
887	 0.117541469633579 
888	 0.117610611021519 
889	 0.117543503642082 
890	 0.117365024983883 
891	 0.11741279810667 
892	 0.117429740726948 
893	 0.117414705455303 
894	 0.117326237261295 
895	 0.117086172103882 
896	 0.117048196494579 
897	 0.11701700091362 
898	 0.116940826177597 
899	 0.117051765322685 
900	 0.116956606507301 
901	 0.116820134222507 
902	 0.116761893033981 
903	 0.116668380796909 
904	 0.11659998446703 
905	 0.116468630731106 
906	 0.116296678781509 
907	 0.116340734064579 
908	 0.116263471543789 
909	 0.11612943559885 
910	 0.116041094064713 
911	 0.115988567471504 
912	 0.116038843989372 
913	 0.115894980728626 
914	 0.115528024733067 
915	 0.115582011640072 
916	 0.115646503865719 
917	 0.115565493702888 
918	 0.115344285964966 
919	 0.115169234573841 
920	 0.115212082862854 
921	 0.11531038582325 
922	 0.115268416702747 
923	 0.115037687122822 
924	 0.114894635975361 
925	 0.114805310964584 
926	 0.114735573530197 
927	 0.114843346178532 
928	 0.114663556218147 
929	 0.114368207752705 
930	 0.114192634820938 
931	 0.114110358059406 
932	 0.114111259579659 
933	 0.113968558609486 
934	 0.113678485155106 
935	 0.113752417266369 
936	 0.113775461912155 
937	 0.113575823605061 
938	 0.113249510526657 
939	 0.113214068114758 
940	 0.113026544451714 
941	 0.112958379089832 
942	 0.11304847151041 
943	 0.112745732069016 
944	 0.112496793270111 
945	 0.112539999186993 
946	 0.112670056521893 
947	 0.112210996448994 
948	 0.112158231437206 
949	 0.11201635748148 
950	 0.111650325357914 
951	 0.111680768430233 
952	 0.111658073961735 
953	 0.111569002270699 
954	 0.111550085246563 
955	 0.111736044287682 
956	 0.111537113785744 
957	 0.111481420695782 
958	 0.111553482711315 
959	 0.111233077943325 
960	 0.11108361184597 
961	 0.111097991466522 
962	 0.110978752374649 
963	 0.110479012131691 
964	 0.110555343329906 
965	 0.110715121030807 
966	 0.110710382461548 
967	 0.110520295798779 
968	 0.110078506171703 
969	 0.110013864934444 
970	 0.110246561467648 
971	 0.110361002385616 
972	 0.110101498663425 
973	 0.109993666410446 
974	 0.109819114208221 
975	 0.109380252659321 
976	 0.109176062047482 
977	 0.109519578516483 
978	 0.109540745615959 
979	 0.10891330242157 
980	 0.108813613653183 
981	 0.108687497675419 
982	 0.108714751899242 
983	 0.108898818492889 
984	 0.108874179422855 
985	 0.1084800735116 
986	 0.108327329158783 
987	 0.108329594135284 
988	 0.107864715158939 
989	 0.107627853751183 
990	 0.107448719441891 
991	 0.107313111424446 
992	 0.107293762266636 
993	 0.107283055782318 
994	 0.106904439628124 
995	 0.106917388737202 
996	 0.107663929462433 
997	 0.107154294848442 
998	 0.106698572635651 
999	 0.106416828930378 
1000	 0.106201939284801 
1001	 0.107055738568306 
1002	 0.106980122625828 
1003	 0.106927745044231 
1004	 0.10665600001812 
1005	 0.106515951454639 
1006	 0.106387533247471 
1007	 0.106298796832561 
1008	 0.10616359859705 
1009	 0.106052726507187 
1010	 0.105850599706173 
1011	 0.105463296175003 
1012	 0.105367489159107 
1013	 0.105391345918179 
1014	 0.105459123849869 
1015	 0.105569444596767 
1016	 0.105478085577488 
1017	 0.105223678052425 
1018	 0.105120941996574 
1019	 0.105067908763885 
1020	 0.105193987488747 
1021	 0.105096489191055 
1022	 0.104905679821968 
1023	 0.10476740449667 
1024	 0.104534633457661 
1025	 0.104368306696415 
1026	 0.104233682155609 
1027	 0.10414169728756 
1028	 0.104010440409184 
1029	 0.104024171829224 
1030	 0.104127041995525 
1031	 0.104203820228577 
1032	 0.104251123964787 
1033	 0.104341499507427 
1034	 0.104191273450851 
1035	 0.103767208755016 
1036	 0.103627525269985 
1037	 0.103424847126007 
1038	 0.103329718112946 
1039	 0.103522419929504 
1040	 0.10354983061552 
1041	 0.103609815239906 
1042	 0.103449746966362 
1043	 0.103115633130074 
1044	 0.102813042700291 
1045	 0.10245406627655 
1046	 0.102116666734219 
1047	 0.101931899785995 
1048	 0.101911619305611 
1049	 0.101917415857315 
1050	 0.102031782269478 
1051	 0.102047570049763 
1052	 0.102169938385487 
1053	 0.102093167603016 
1054	 0.101785555481911 
1055	 0.101648889482021 
1056	 0.101495556533337 
1057	 0.101392835378647 
1058	 0.10132685303688 
1059	 0.101411156356335 
1060	 0.101430781185627 
1061	 0.101406395435333 
1062	 0.101243354380131 
1063	 0.100989624857903 
1064	 0.100757971405983 
1065	 0.100345462560654 
1066	 0.100110590457916 
1067	 9.99618470668793E-02 
1068	 9.98723432421684E-02 
1069	 9.99042540788651E-02 
1070	 9.98266786336899E-02 
1071	 9.98090654611588E-02 
1072	 9.96944680809975E-02 
1073	 9.93357002735138E-02 
1074	 9.92093905806541E-02 
1075	 9.92195978760719E-02 
1076	 9.91682410240173E-02 
1077	 9.92022454738617E-02 
1078	 9.94004160165787E-02 
1079	 9.94465872645378E-02 
1080	 9.94348078966141E-02 
1081	 9.94370356202126E-02 
1082	 9.93522703647614E-02 
1083	 9.94186326861382E-02 
1084	 9.95704084634781E-02 
1085	 9.96868833899498E-02 
1086	 9.99550297856331E-02 
1087	 0.100043319165707 
1088	 9.99619960784912E-02 
1089	 9.99662205576897E-02 
1090	 9.98517572879791E-02 
1091	 9.98613089323044E-02 
1092	 9.99803617596626E-02 
1093	 0.100271977484226 
1094	 0.100372821092606 
1095	 0.10049482434988 
1096	 0.100592486560345 
1097	 0.100541099905968 
1098	 0.100635230541229 
1099	 0.100883811712265 
1100	 0.100997671484947 
1101	 0.101091369986534 
1102	 0.101161167025566 
1103	 0.101095728576183 
1104	 0.10115922242403 
1105	 0.101314291357994 
1106	 0.101426191627979 
1107	 0.101551353931427 
1108	 0.101754292845726 
1109	 0.101836234331131 
1110	 0.101845324039459 
1111	 0.101872175931931 
1112	 0.101844169199467 
1113	 0.101870059967041 
1114	 0.10194244235754 
1115	 0.1019396930933 
1116	 0.101901926100254 
1117	 0.101896598935127 
1118	 0.101872123777866 
1119	 0.101831384003162 
1120	 0.101780518889427 
1121	 0.101771987974644 
1122	 0.101686365902424 
1123	 0.101734459400177 
1124	 0.101759627461433 
1125	 0.101902157068253 
1126	 0.10186443477869 
1127	 0.101732976734638 
1128	 0.101675271987915 
1129	 0.101565718650818 
1130	 0.101500034332275 
1131	 0.101582735776901 
1132	 0.10146414488554 
1133	 0.10112277418375 
1134	 0.101002752780914 
1135	 0.100947521626949 
1136	 0.100837804377079 
1137	 0.100868232548237 
1138	 0.100809782743454 
1139	 0.100619547069073 
1140	 0.100447222590446 
1141	 0.100288398563862 
1142	 0.100114621222019 
1143	 0.100054949522018 
1144	 0.100081011652946 
1145	 9.99470725655556E-02 
1146	 9.98377278447151E-02 
1147	 9.96830463409424E-02 
1148	 9.93514582514763E-02 
1149	 9.91741940379143E-02 
1150	 9.90847051143646E-02 
1151	 9.89843606948853E-02 
1152	 9.89313796162605E-02 
1153	 9.88264679908752E-02 
1154	 9.87581983208656E-02 
1155	 9.86216962337494E-02 
1156	 9.83952432870865E-02 
1157	 9.81732755899429E-02 
1158	 9.80416014790535E-02 
1159	 9.79497507214546E-02 
1160	 9.78177860379219E-02 
1161	 9.77547690272331E-02 
1162	 9.76293385028839E-02 
1163	 9.73912328481674E-02 
1164	 9.72526296973228E-02 
1165	 9.72010344266891E-02 
1166	 9.70707312226295E-02 
1167	 9.69011336565018E-02 
1168	 9.67977046966553E-02 
1169	 9.66609641909599E-02 
1170	 9.65623036026955E-02 
1171	 9.66246426105499E-02 
1172	 9.65280681848526E-02 
1173	 9.62817221879959E-02 
1174	 9.61675345897675E-02 
1175	 9.60521996021271E-02 
1176	 9.58070084452629E-02 
1177	 9.56903547048569E-02 
1178	 9.57117825746536E-02 
1179	 9.55988615751266E-02 
1180	 0.095418319106102 
1181	 9.53038558363914E-02 
1182	 9.51946601271629E-02 
1183	 0.095059871673584 
1184	 9.49461907148361E-02 
1185	 0.094819612801075 
1186	 9.46108177304268E-02 
1187	 9.44864973425865E-02 
1188	 9.44639295339584E-02 
1189	 9.43791195750237E-02 
1190	 9.42724123597145E-02 
1191	 0.094206690788269 
1192	 9.41798463463783E-02 
1193	 9.40433293581009E-02 
1194	 9.39235389232636E-02 
1195	 9.38524752855301E-02 
1196	 9.37535017728806E-02 
1197	 9.36170965433121E-02 
1198	 9.34903249144554E-02 
1199	 9.33585315942764E-02 
1200	 9.32673737406731E-02 
1201	 9.31456685066223E-02 
1202	 9.30962786078453E-02 
1203	 9.31872501969337E-02 
1204	 9.31413546204567E-02 
1205	 9.30648744106293E-02 
1206	 9.29585695266724E-02 
1207	 9.27183255553246E-02 
1208	 0.092597134411335 
1209	 0.09255251288414 
1210	 9.24533531069756E-02 
1211	 9.23502072691917E-02 
1212	 9.23444330692291E-02 
1213	 9.22184586524963E-02 
1214	 9.20341461896896E-02 
1215	 9.19363871216774E-02 
1216	 9.18059945106506E-02 
1217	 9.17303338646889E-02 
1218	 9.17580872774124E-02 
1219	 9.16696488857269E-02 
1220	 9.14887115359306E-02 
1221	 9.14238169789314E-02 
1222	 0.091385081410408 
1223	 9.13229584693909E-02 
1224	 9.13393497467041E-02 
1225	 0.091301903128624 
1226	 9.11446809768677E-02 
1227	 9.10790711641312E-02 
1228	 9.10696908831596E-02 
1229	 9.11114141345024E-02 
1230	 9.09956619143486E-02 
1231	 9.08213332295418E-02 
1232	 9.07105058431625E-02 
1233	 9.06587690114975E-02 
1234	 9.06379744410515E-02 
1235	 0.090657114982605 
1236	 9.06835570931435E-02 
1237	 9.05303433537483E-02 
1238	 9.03928279876709E-02 
1239	 9.02482941746712E-02 
1240	 9.01814848184586E-02 
1241	 9.00671482086182E-02 
1242	 8.99889543652534E-02 
1243	 0.090045228600502 
1244	 8.99943485856056E-02 
1245	 8.97878259420395E-02 
1246	 8.97460579872131E-02 
1247	 8.98260101675987E-02 
1248	 8.98121073842049E-02 
1249	 8.97923558950424E-02 
1250	 8.97974967956543E-02 
1251	 8.96436348557472E-02 
1252	 8.95272269845009E-02 
1253	 8.94784852862358E-02 
1254	 8.94651114940643E-02 
1255	 8.95254537463188E-02 
1256	 8.94937366247177E-02 
1257	 8.94069373607636E-02 
1258	 8.93478989601135E-02 
1259	 0.089269332587719 
1260	 8.91349166631699E-02 
1261	 8.90844687819481E-02 
1262	 8.90699177980423E-02 
1263	 8.90293046832085E-02 
1264	 8.90095978975296E-02 
1265	 8.89841243624687E-02 
1266	 8.90143439173698E-02 
1267	 8.89705568552017E-02 
1268	 8.88977199792862E-02 
1269	 8.87481868267059E-02 
1270	 8.87552946805954E-02 
1271	 8.86923670768738E-02 
1272	 8.85530114173889E-02 
1273	 8.85883197188377E-02 
1274	 0.088535264134407 
1275	 8.83746221661568E-02 
1276	 0.088357999920845 
1277	 8.83980244398117E-02 
1278	 8.84116590023041E-02 
1279	 8.83862972259521E-02 
1280	 8.83646011352539E-02 
1281	 8.83501842617989E-02 
1282	 8.82557332515717E-02 
1283	 8.79994109272957E-02 
1284	 0.087937168776989 
1285	 8.79729390144348E-02 
1286	 8.78941938281059E-02 
1287	 8.78332555294037E-02 
1288	 8.77944603562355E-02 
1289	 8.76984447240829E-02 
1290	 8.75862762331963E-02 
1291	 8.75381827354431E-02 
1292	 8.76400470733643E-02 
1293	 8.76335203647614E-02 
1294	 0.087441697716713 
1295	 8.74301344156265E-02 
1296	 8.74711722135544E-02 
1297	 8.74308347702026E-02 
1298	 8.74851867556572E-02 
1299	 8.74981284141541E-02 
1300	 8.73854532837868E-02 
1301	 8.72840732336044E-02 
1302	 8.73495563864708E-02 
1303	 8.74966755509377E-02 
1304	 0.087540365755558 
1305	 8.76027196645737E-02 
1306	 8.76944214105606E-02 
1307	 8.77796709537506E-02 
1308	 8.78173187375069E-02 
1309	 8.79048705101013E-02 
1310	 8.80219042301178E-02 
1311	 8.81934091448784E-02 
1312	 8.84623229503632E-02 
1313	 8.86184126138687E-02 
1314	 8.87980163097382E-02 
1315	 0.088837094604969 
1316	 8.88559147715569E-02 
1317	 8.89370664954185E-02 
1318	 8.91875252127647E-02 
1319	 8.95178020000458E-02 
1320	 8.97638723254204E-02 
1321	 8.98768827319145E-02 
1322	 8.98372903466225E-02 
1323	 8.98746252059937E-02 
1324	 9.00071263313293E-02 
1325	 9.01303440332413E-02 
1326	 9.03877690434456E-02 
1327	 9.04751494526863E-02 
1328	 9.03214141726494E-02 
1329	 9.04188901185989E-02 
1330	 9.04738530516624E-02 
1331	 9.04723182320595E-02 
1332	 9.05184298753738E-02 
1333	 9.06473621726036E-02 
1334	 0.090688444674015 
1335	 9.07854735851288E-02 
1336	 0.090768076479435 
1337	 9.06459465622902E-02 
1338	 9.05539989471436E-02 
1339	 9.04147177934647E-02 
1340	 0.090204581618309 
1341	 9.00171920657158E-02 
1342	 8.99282693862915E-02 
1343	 8.98506417870522E-02 
1344	 8.97913575172424E-02 
1345	 8.98171663284302E-02 
1346	 8.97064507007599E-02 
1347	 8.94999802112579E-02 
1348	 8.93467217683792E-02 
1349	 8.91495123505592E-02 
1350	 8.90528634190559E-02 
1351	 8.90111923217773E-02 
1352	 8.88469591736794E-02 
1353	 8.86782482266426E-02 
1354	 8.85252505540848E-02 
1355	 8.83336439728737E-02 
1356	 8.82017314434052E-02 
1357	 8.80424305796623E-02 
1358	 8.78122374415398E-02 
1359	 0.087679997086525 
1360	 8.76282528042793E-02 
1361	 8.74463245272636E-02 
1362	 8.72773751616478E-02 
1363	 8.71106460690498E-02 
1364	 8.67748633027077E-02 
1365	 8.65985974669456E-02 
1366	 8.65412503480911E-02 
1367	 0.086466409265995 
1368	 8.63208919763565E-02 
1369	 8.61310511827469E-02 
1370	 8.58860537409782E-02 
1371	 8.57224985957146E-02 
1372	 8.56219157576561E-02 
1373	 8.54819938540459E-02 
1374	 8.53012651205063E-02 
1375	 8.51123109459877E-02 
1376	 8.49835649132729E-02 
1377	 0.084906741976738 
1378	 8.48027840256691E-02 
1379	 8.46625417470932E-02 
1380	 8.44753980636597E-02 
1381	 0.084282249212265 
1382	 8.41682851314545E-02 
1383	 8.41411426663399E-02 
1384	 8.40421095490456E-02 
1385	 8.38714763522148E-02 
1386	 8.38017538189888E-02 
1387	 8.37550684809685E-02 
1388	 8.37010964751244E-02 
1389	 8.36859047412872E-02 
1390	 8.36787223815918E-02 
1391	 8.36782157421112E-02 
1392	 8.36380794644356E-02 
1393	 0.08360256254673 
1394	 8.35746824741364E-02 
1395	 8.35347697138786E-02 
1396	 8.34560543298721E-02 
1397	 8.33855047821999E-02 
1398	 8.33314508199692E-02 
1399	 8.33579674363136E-02 
1400	 8.34064930677414E-02 
1401	 8.33577662706375E-02 
1402	 8.32460448145866E-02 
1403	 8.31839367747307E-02 
1404	 8.31111967563629E-02 
1405	 8.30449387431145E-02 
1406	 8.31390842795372E-02 
1407	 8.31182897090912E-02 
1408	 8.29107761383057E-02 
1409	 0.082801453769207 
1410	 0.082778662443161 
1411	 8.27869772911072E-02 
1412	 8.27123746275902E-02 
1413	 0.082588717341423 
1414	 8.25554952025414E-02 
1415	 8.24676677584648E-02 
1416	 8.23652818799019E-02 
1417	 0.082377128303051 
1418	 8.23304131627083E-02 
1419	 8.22067782282829E-02 
1420	 8.22285413742065E-02 
1421	 8.22785049676895E-02 
1422	 8.22029262781143E-02 
1423	 8.21411088109016E-02 
1424	 0.082050621509552 
1425	 8.19897651672363E-02 
1426	 8.19054841995239E-02 
1427	 8.18973034620285E-02 
1428	 8.19639712572098E-02 
1429	 8.19586738944054E-02 
1430	 8.19449797272682E-02 
1431	 8.19521769881248E-02 
1432	 8.19083526730537E-02 
1433	 0.081873431801796 
1434	 8.18819850683212E-02 
1435	 8.18702876567841E-02 
1436	 8.18741098046303E-02 
1437	 8.19208323955536E-02 
1438	 8.19313153624535E-02 
1439	 8.19658115506172E-02 
1440	 8.20590704679489E-02 
1441	 8.21121409535408E-02 
1442	 8.21657553315163E-02 
1443	 8.22403877973557E-02 
1444	 8.22628885507584E-02 
1445	 8.22228863835335E-02 
1446	 8.22456106543541E-02 
1447	 8.23661014437675E-02 
1448	 8.24354961514473E-02 
1449	 8.25164690613747E-02 
1450	 8.26771110296249E-02 
1451	 8.27262997627258E-02 
1452	 8.27396064996719E-02 
1453	 8.28432068228722E-02 
1454	 8.28651785850525E-02 
1455	 8.28894525766373E-02 
1456	 8.30182880163193E-02 
1457	 8.30960869789124E-02 
1458	 8.31529200077057E-02 
1459	 8.33015665411949E-02 
1460	 0.083436593413353 
1461	 8.34237784147263E-02 
1462	 8.34409669041634E-02 
1463	 8.35479274392128E-02 
1464	 0.083643950521946 
1465	 8.37716534733772E-02 
1466	 8.39070230722427E-02 
1467	 0.084038570523262 
1468	 8.41363370418549E-02 
1469	 8.42004790902138E-02 
1470	 8.42939391732216E-02 
1471	 8.44440013170242E-02 
1472	 8.45810025930405E-02 
1473	 0.08470668643713 
1474	 8.48076045513153E-02 
1475	 8.49453955888748E-02 
1476	 8.49773436784744E-02 
1477	 8.51076617836952E-02 
1478	 8.53385850787163E-02 
1479	 8.55149999260902E-02 
1480	 8.57046768069267E-02 
1481	 8.58543068170547E-02 
1482	 8.59895870089531E-02 
1483	 8.61737504601479E-02 
1484	 8.63582119345665E-02 
1485	 8.65258276462555E-02 
1486	 8.66624340415001E-02 
1487	 8.68714228272438E-02 
1488	 8.71418863534927E-02 
1489	 8.73280614614487E-02 
1490	 8.75252783298492E-02 
1491	 8.77042338252068E-02 
1492	 0.087843582034111 
1493	 8.81047770380974E-02 
1494	 8.83225351572037E-02 
1495	 8.84462893009186E-02 
1496	 8.86488631367683E-02 
1497	 0.088917076587677 
1498	 8.91978517174721E-02 
1499	 8.94558653235435E-02 
1500	 0.089691162109375 
1501	 8.98869633674622E-02 
1502	 9.00902077555656E-02 
1503	 9.03779566287994E-02 
1504	 9.06682759523392E-02 
1505	 9.08784791827202E-02 
1506	 9.11525785923004E-02 
1507	 9.14967879652977E-02 
1508	 0.091738224029541 
1509	 9.19410660862923E-02 
1510	 9.21401083469391E-02 
1511	 9.23690944910049E-02 
1512	 9.26669836044312E-02 
1513	 9.29698273539543E-02 
1514	 9.32844132184982E-02 
1515	 9.35296937823296E-02 
1516	 9.37675833702087E-02 
1517	 9.40350219607353E-02 
1518	 9.43393036723137E-02 
1519	 9.46081727743149E-02 
1520	 9.49230790138245E-02 
1521	 9.51633006334305E-02 
1522	 0.095281720161438 
1523	 9.55541282892227E-02 
1524	 9.58764106035233E-02 
1525	 9.61591601371765E-02 
1526	 9.65403169393539E-02 
1527	 9.68797653913498E-02 
1528	 9.71545353531837E-02 
1529	 9.74108204245567E-02 
1530	 9.76438224315643E-02 
1531	 9.79692190885544E-02 
1532	 9.82901751995087E-02 
1533	 9.86102893948555E-02 
1534	 9.90595147013664E-02 
1535	 9.94101539254189E-02 
1536	 9.96679216623306E-02 
1537	 9.99786332249641E-02 
1538	 0.10035927593708 
1539	 0.100673571228981 
1540	 0.100969977676868 
1541	 0.101345457136631 
1542	 0.101796485483646 
1543	 0.102163389325142 
1544	 0.102503456175327 
1545	 0.102935306727886 
1546	 0.103252060711384 
1547	 0.103543266654015 
1548	 0.103977404534817 
1549	 0.104344636201859 
1550	 0.104710958898067 
1551	 0.105144254863262 
1552	 0.105548448860645 
1553	 0.105953328311443 
1554	 0.106318056583405 
1555	 0.106695599853992 
1556	 0.107093751430511 
1557	 0.10751111805439 
1558	 0.107990361750126 
1559	 0.108410879969597 
1560	 0.108741484582424 
1561	 0.109062939882278 
1562	 0.109475046396255 
1563	 0.109924718737602 
1564	 0.110330492258072 
1565	 0.110817655920982 
1566	 0.111292764544487 
1567	 0.111677080392838 
1568	 0.112133778631687 
1569	 0.112610541284084 
1570	 0.113049320876598 
1571	 0.113516703248024 
1572	 0.113992430269718 
1573	 0.114446081221104 
1574	 0.114902533590794 
1575	 0.115326061844826 
1576	 0.115675210952759 
1577	 0.116106674075127 
1578	 0.116587601602077 
1579	 0.117014922201633 
1580	 0.117547370493412 
1581	 0.118123188614845 
1582	 0.118610605597496 
1583	 0.11909045279026 
1584	 0.119575388729572 
1585	 0.120096229016781 
1586	 0.120679557323456 
1587	 0.121156752109528 
1588	 0.121599309146404 
1589	 0.122156605124474 
1590	 0.12264309823513 
1591	 0.123090498149395 
1592	 0.123606018722057 
1593	 0.124039337038994 
1594	 0.124530680477619 
1595	 0.125245288014412 
1596	 0.12594185769558 
1597	 0.126528292894363 
1598	 0.127073645591736 
1599	 0.127498984336853 
1600	 0.127883344888687 
1601	 0.128399521112442 
1602	 0.129000008106232 
1603	 0.129564955830574 
1604	 0.13011172413826 
1605	 0.130720123648643 
1606	 0.131333023309708 
1607	 0.131856769323349 
1608	 0.132376566529274 
1609	 0.132954746484756 
1610	 0.133454978466034 
1611	 0.133929520845413 
1612	 0.134575545787811 
1613	 0.135251551866531 
1614	 0.135746911168098 
1615	 0.1361985206604 
1616	 0.136780992150307 
1617	 0.137282595038414 
1618	 0.137755051255226 
1619	 0.138436734676361 
1620	 0.138973593711853 
1621	 0.139435261487961 
1622	 0.140151739120483 
1623	 0.140686735510826 
1624	 0.141112625598907 
1625	 0.141750544309616 
1626	 0.142323717474937 
1627	 0.142890200018883 
1628	 0.143536522984505 
1629	 0.144034311175346 
1630	 0.144449517130852 
1631	 0.145094767212868 
1632	 0.145859867334366 
1633	 0.146412894129753 
1634	 0.146830141544342 
1635	 0.147269755601883 
1636	 0.147768303751945 
1637	 0.148410096764565 
1638	 0.149114578962326 
1639	 0.149678587913513 
1640	 0.150063961744308 
1641	 0.150406837463379 
1642	 0.150904625654221 
1643	 0.151501819491386 
1644	 0.152088209986687 
1645	 0.152698010206223 
1646	 0.153268992900848 
1647	 0.153781935572624 
1648	 0.154323771595955 
1649	 0.154846906661987 
1650	 0.155314266681671 
1651	 0.155885890126228 
1652	 0.156459361314774 
1653	 0.1569594591856 
1654	 0.15758053958416 
1655	 0.158074408769608 
1656	 0.158456861972809 
1657	 0.159020498394966 
1658	 0.159562960267067 
1659	 0.160116165876389 
1660	 0.160746812820435 
1661	 0.161327362060547 
1662	 0.161843091249466 
1663	 0.162286639213562 
1664	 0.162676826119423 
1665	 0.163112044334412 
1666	 0.16366571187973 
1667	 0.164279043674469 
1668	 0.16486781835556 
1669	 0.16541750729084 
1670	 0.165939033031464 
1671	 0.166308850049973 
1672	 0.166743263602257 
1673	 0.167367100715637 
1674	 0.167801201343536 
1675	 0.168237075209618 
1676	 0.168821468949318 
1677	 0.169329017400742 
1678	 0.169933587312698 
1679	 0.170443117618561 
1680	 0.170774802565575 
1681	 0.171187713742256 
1682	 0.171579673886299 
1683	 0.171990483999252 
1684	 0.172459095716476 
1685	 0.172931149601936 
1686	 0.173454537987709 
1687	 0.17387630045414 
1688	 0.174193680286407 
1689	 0.174647554755211 
1690	 0.175149247050285 
1691	 0.175580069422722 
1692	 0.176077425479889 
1693	 0.176536351442337 
1694	 0.176864206790924 
1695	 0.177276045084 
1696	 0.177833631634712 
1697	 0.178238540887833 
1698	 0.178456619381905 
1699	 0.178907573223114 
1700	 0.17949478328228 
1701	 0.179902970790863 
1702	 0.180382072925568 
1703	 0.180795580148697 
1704	 0.180978789925575 
1705	 0.181306019425392 
1706	 0.181723043322563 
1707	 0.182145431637764 
1708	 0.182585567235947 
1709	 0.183022290468216 
1710	 0.183566987514496 
1711	 0.183947175741196 
1712	 0.184188365936279 
1713	 0.184535622596741 
1714	 0.184861823916435 
1715	 0.185212388634682 
1716	 0.185668364167213 
1717	 0.185988262295723 
1718	 0.186217457056046 
1719	 0.18650609254837 
1720	 0.186743035912514 
1721	 0.187067940831184 
1722	 0.187472105026245 
1723	 0.187818810343742 
1724	 0.188175275921822 
1725	 0.188533946871758 
1726	 0.188868969678879 
1727	 0.189219892024994 
1728	 0.189592644572258 
1729	 0.189972952008247 
1730	 0.190351068973541 
1731	 0.190733507275581 
1732	 0.19112004339695 
1733	 0.191487699747086 
1734	 0.191838130354881 
1735	 0.192155182361603 
1736	 0.192473396658897 
1737	 0.192683801054955 
1738	 0.193021669983864 
1739	 0.193499535322189 
1740	 0.193898990750313 
1741	 0.194428011775017 
1742	 0.194769993424416 
1743	 0.194876596331596 
1744	 0.195096746087074 
1745	 0.195213332772255 
1746	 0.195462390780449 
1747	 0.19591461122036 
1748	 0.196229413151741 
1749	 0.196523666381836 
1750	 0.196809768676758 
1751	 0.197010859847069 
1752	 0.197265148162842 
1753	 0.197543695569038 
1754	 0.197840735316277 
1755	 0.198166206479073 
1756	 0.198464617133141 
1757	 0.198837324976921 
1758	 0.199066698551178 
1759	 0.199117913842201 
1760	 0.199347853660583 
1761	 0.199596673250198 
1762	 0.199858903884888 
1763	 0.200248122215271 
1764	 0.200590267777443 
1765	 0.20089502632618 
1766	 0.201142340898514 
1767	 0.201383322477341 
1768	 0.201651379466057 
1769	 0.201849430799484 
1770	 0.202117994427681 
1771	 0.202463820576668 
1772	 0.202775537967682 
1773	 0.203099176287651 
1774	 0.203303575515747 
1775	 0.203494638204575 
1776	 0.203578472137451 
1777	 0.203714922070503 
1778	 0.203893840312958 
1779	 0.204140424728394 
1780	 0.204565599560738 
1781	 0.204834207892418 
1782	 0.2050651460886 
1783	 0.205294385552406 
1784	 0.205385565757751 
1785	 0.205556988716125 
1786	 0.205840528011322 
1787	 0.206049412488937 
1788	 0.206161171197891 
1789	 0.206372424960136 
1790	 0.206664264202118 
1791	 0.206878915429115 
1792	 0.207108065485954 
1793	 0.207331478595734 
1794	 0.207469120621681 
1795	 0.20765221118927 
1796	 0.207851454615593 
1797	 0.208106726408005 
1798	 0.208444178104401 
1799	 0.208648309111595 
1800	 0.2088972479105 
1801	 0.208990857005119 
1802	 0.208817586302757 
1803	 0.208905085921288 
1804	 0.209074065089226 
1805	 0.209242343902588 
1806	 0.209443375468254 
1807	 0.209458455443382 
1808	 0.209662660956383 
1809	 0.209982499480247 
1810	 0.210152089595795 
1811	 0.210418358445168 
1812	 0.210462227463722 
1813	 0.210491329431534 
1814	 0.21076238155365 
1815	 0.210871368646622 
1816	 0.211116090416908 
1817	 0.211203143000603 
1818	 0.211268350481987 
1819	 0.211294233798981 
1820	 0.211408197879791 
1821	 0.211547523736954 
1822	 0.211715146899223 
1823	 0.211989745497704 
1824	 0.212207183241844 
1825	 0.212349280714989 
1826	 0.212609380483627 
1827	 0.213016360998154 
1828	 0.21321128308773 
1829	 0.213408648967743 
1830	 0.213480949401855 
1831	 0.212979927659035 
1832	 0.213132947683334 
1833	 0.213179811835289 
1834	 0.213211596012115 
1835	 0.213222339749336 
1836	 0.213389381766319 
1837	 0.213595107197762 
1838	 0.213741615414619 
1839	 0.214108556509018 
1840	 0.214282557368279 
1841	 0.214439183473587 
1842	 0.214674532413483 
1843	 0.214824005961418 
1844	 0.214969322085381 
1845	 0.21507354080677 
1846	 0.215049520134926 
1847	 0.215149939060211 
1848	 0.215372905135155 
1849	 0.215681672096252 
1850	 0.21593114733696 
1851	 0.215994626283646 
1852	 0.216093182563782 
1853	 0.216070547699928 
1854	 0.216111347079277 
1855	 0.216292321681976 
1856	 0.216404542326927 
1857	 0.216498836874962 
1858	 0.216460987925529 
1859	 0.216384738683701 
1860	 0.216486006975174 
1861	 0.216768026351929 
1862	 0.216993182897568 
1863	 0.217058151960373 
1864	 0.217038914561272 
1865	 0.217054143548012 
1866	 0.21682308614254 
1867	 0.216883078217506 
1868	 0.217284709215164 
1869	 0.21743905544281 
1870	 0.21758870780468 
1871	 0.217650040984154 
1872	 0.217352390289307 
1873	 0.217280134558678 
1874	 0.217300176620483 
1875	 0.217451870441437 
1876	 0.217417895793915 
1877	 0.217424988746643 
1878	 0.217408880591393 
1879	 0.217197045683861 
1880	 0.216954603791237 
1881	 0.217125907540321 
1882	 0.217233881354332 
1883	 0.217197805643082 
1884	 0.21713787317276 
1885	 0.217030048370361 
1886	 0.216736242175102 
1887	 0.216534897685051 
1888	 0.216333955526352 
1889	 0.21628700196743 
1890	 0.216398298740387 
1891	 0.216419771313667 
1892	 0.216463357210159 
1893	 0.216398105025291 
1894	 0.216246098279953 
1895	 0.216011583805084 
1896	 0.215733274817467 
1897	 0.215371653437614 
1898	 0.215209618210793 
1899	 0.215016350150108 
1900	 0.214655011892319 
1901	 0.214642122387886 
1902	 0.214604020118713 
1903	 0.214241832494736 
1904	 0.214135259389877 
1905	 0.214017108082771 
1906	 0.213652059435844 
1907	 0.213432177901268 
1908	 0.213278815150261 
1909	 0.213235303759575 
1910	 0.213189989328384 
1911	 0.213127642869949 
1912	 0.213137686252594 
1913	 0.213042318820953 
1914	 0.212807863950729 
1915	 0.212771520018578 
1916	 0.2128074914217 
1917	 0.212778657674789 
1918	 0.21279688179493 
1919	 0.212896063923836 
1920	 0.212914556264877 
1921	 0.212874561548233 
1922	 0.213037475943565 
1923	 0.21298636496067 
1924	 0.212838634848595 
1925	 0.213061526417732 
1926	 0.213164299726486 
1927	 0.213253974914551 
1928	 0.213687300682068 
1929	 0.213874071836472 
1930	 0.213900163769722 
1931	 0.213746681809425 
1932	 0.213999196887016 
1933	 0.214221403002739 
1934	 0.214228138327599 
1935	 0.214343056082726 
1936	 0.21444396674633 
1937	 0.214257150888443 
1938	 0.214249804615974 
1939	 0.214445918798447 
1940	 0.214564844965935 
1941	 0.214577242732048 
1942	 0.214814692735672 
1943	 0.215003371238708 
1944	 0.215130835771561 
1945	 0.215341374278069 
1946	 0.215146422386169 
1947	 0.214932039380074 
1948	 0.215022414922714 
1949	 0.215117588639259 
1950	 0.215105459094048 
1951	 0.215163230895996 
1952	 0.215277761220932 
1953	 0.2153430134058 
1954	 0.21533203125 
1955	 0.215448692440987 
1956	 0.21560837328434 
1957	 0.215629950165749 
1958	 0.215440258383751 
1959	 0.215291023254395 
1960	 0.215496450662613 
1961	 0.2156902551651 
1962	 0.215777084231377 
1963	 0.216043949127197 
1964	 0.216100707650185 
1965	 0.216101124882698 
1966	 0.215913608670235 
1967	 0.216008573770523 
1968	 0.215981751680374 
1969	 0.215843573212624 
1970	 0.215974539518356 
1971	 0.216159418225288 
1972	 0.216358080506325 
1973	 0.216659620404243 
1974	 0.216739326715469 
1975	 0.216658130288124 
1976	 0.216655418276787 
1977	 0.216587051749229 
1978	 0.216607600450516 
1979	 0.216735705733299 
1980	 0.216885164380074 
1981	 0.217165648937225 
1982	 0.217424035072327 
1983	 0.217429533600807 
1984	 0.217468947172165 
1985	 0.217346236109734 
1986	 0.217036724090576 
1987	 0.217073306441307 
1988	 0.217249423265457 
1989	 0.2174192070961 
1990	 0.217709094285965 
1991	 0.218004301190376 
1992	 0.217949658632278 
1993	 0.217786684632301 
1994	 0.217656448483467 
1995	 0.217703193426132 
1996	 0.217985346913338 
1997	 0.218242928385735 
1998	 0.218396067619324 
1999	 0.218447983264923 
2000	 0.218361869454384 
2001	 0.218296319246292 
2002	 0.218303859233856 
2003	 0.218365028500557 
2004	 0.218341082334518 
2005	 0.218292593955994 
2006	 0.218334347009659 
2007	 0.218410819768906 
2008	 0.218363955616951 
2009	 0.218356907367706 
2010	 0.218360424041748 
2011	 0.218153700232506 
2012	 0.218119725584984 
2013	 0.21813178062439 
2014	 0.218132942914963 
2015	 0.218220874667168 
2016	 0.218483313918114 
2017	 0.218497663736343 
2018	 0.218486860394478 
2019	 0.218296706676483 
2020	 0.218175604939461 
2021	 0.218102306127548 
2022	 0.21798774600029 
2023	 0.218072950839996 
2024	 0.218107655644417 
2025	 0.217997908592224 
2026	 0.217996656894684 
2027	 0.218193098902702 
2028	 0.218315571546555 
2029	 0.218539074063301 
2030	 0.218554109334946 
2031	 0.218471959233284 
2032	 0.218260511755943 
2033	 0.218229427933693 
2034	 0.21820741891861 
2035	 0.218142196536064 
2036	 0.21820355951786 
2037	 0.218182161450386 
2038	 0.217959374189377 
2039	 0.217744559049606 
2040	 0.217690140008926 
2041	 0.217808708548546 
2042	 0.217863351106644 
2043	 0.217802315950394 
2044	 0.21774622797966 
2045	 0.217777416110039 
2046	 0.217685744166374 
2047	 0.2176333963871 
2048	 0.217844635248184 
2049	 0.218039035797119 
2050	 0.217867001891136 
2051	 0.217559933662415 
2052	 0.217401653528214 
2053	 0.217314749956131 
2054	 0.217329353094101 
2055	 0.217528089880943 
2056	 0.217575177550316 
2057	 0.217451721429825 
2058	 0.217424482107162 
2059	 0.217350512742996 
2060	 0.217259988188744 
2061	 0.217147424817085 
2062	 0.217250734567642 
2063	 0.217161893844604 
2064	 0.217083320021629 
2065	 0.217133194208145 
2066	 0.216921761631966 
2067	 0.216755986213684 
2068	 0.216906577348709 
2069	 0.216826945543289 
2070	 0.216707065701485 
2071	 0.216705411672592 
2072	 0.216349676251411 
2073	 0.216272547841072 
2074	 0.216500326991081 
2075	 0.21653014421463 
2076	 0.216514885425568 
2077	 0.216625213623047 
2078	 0.216490313410759 
2079	 0.216150715947151 
2080	 0.216280326247215 
2081	 0.216470703482628 
2082	 0.216402634978294 
2083	 0.216327041387558 
2084	 0.216223120689392 
2085	 0.215975567698479 
2086	 0.215701475739479 
2087	 0.215681120753288 
2088	 0.215725317597389 
2089	 0.215721637010574 
2090	 0.215644538402557 
2091	 0.215791463851929 
2092	 0.215856298804283 
2093	 0.215758308768272 
2094	 0.215618908405304 
2095	 0.215743720531464 
2096	 0.215724527835846 
2097	 0.215678289532661 
2098	 0.215790301561356 
2099	 0.215825140476227 
2100	 0.215758785605431 
2101	 0.21548829972744 
2102	 0.215111777186394 
2103	 0.214806094765663 
2104	 0.214743986725807 
2105	 0.21478608250618 
2106	 0.215202316641808 
2107	 0.215209499001503 
2108	 0.215087592601776 
2109	 0.215100884437561 
2110	 0.21497631072998 
2111	 0.214920327067375 
2112	 0.215120047330856 
2113	 0.21522231400013 
2114	 0.215202137827873 
2115	 0.215254247188568 
2116	 0.215280443429947 
2117	 0.215382933616638 
2118	 0.215299293398857 
2119	 0.215152889490128 
2120	 0.215305387973785 
2121	 0.215240195393562 
2122	 0.214904859662056 
2123	 0.214798554778099 
2124	 0.214733123779297 
2125	 0.214603781700134 
2126	 0.214448630809784 
2127	 0.214340090751648 
2128	 0.214393630623817 
2129	 0.214498341083527 
2130	 0.214451849460602 
2131	 0.214473769068718 
2132	 0.214665353298187 
2133	 0.214462026953697 
2134	 0.214510038495064 
2135	 0.214877635240555 
2136	 0.21484637260437 
2137	 0.214687436819077 
2138	 0.214594542980194 
2139	 0.214297845959663 
2140	 0.214153692126274 
2141	 0.214106351137161 
2142	 0.214040964841843 
2143	 0.214045748114586 
2144	 0.214366972446442 
2145	 0.214478671550751 
2146	 0.214601546525955 
2147	 0.214601129293442 
2148	 0.214425131678581 
2149	 0.21425986289978 
2150	 0.21414914727211 
2151	 0.2139922529459 
2152	 0.214214012026787 
2153	 0.214184612035751 
2154	 0.213938072323799 
2155	 0.214243471622467 
2156	 0.214573487639427 
2157	 0.214271023869514 
2158	 0.213816672563553 
2159	 0.213686257600784 
2160	 0.213478103280067 
2161	 0.213427424430847 
2162	 0.213351622223854 
2163	 0.213368743658066 
2164	 0.21338814496994 
2165	 0.213344991207123 
2166	 0.213448464870453 
2167	 0.214133381843567 
2168	 0.214117512106895 
2169	 0.213665917515755 
2170	 0.213151022791862 
2171	 0.212932139635086 
2172	 0.212830305099487 
2173	 0.213018476963043 
2174	 0.21319617331028 
2175	 0.213151305913925 
2176	 0.213113352656364 
2177	 0.213284775614738 
2178	 0.213453039526939 
2179	 0.213196307420731 
2180	 0.212701797485352 
2181	 0.212622687220573 
2182	 0.212876990437508 
2183	 0.212870955467224 
2184	 0.212840482592583 
2185	 0.213076755404472 
2186	 0.213418707251549 
2187	 0.213382884860039 
2188	 0.213601335883141 
2189	 0.21350485086441 
2190	 0.212509274482727 
2191	 0.212214425206184 
2192	 0.21227753162384 
2193	 0.2124302983284 
2194	 0.212368354201317 
2195	 0.211992740631104 
2196	 0.211765363812447 
2197	 0.211853757500648 
2198	 0.211962893605232 
2199	 0.211945250630379 
2200	 0.211884155869484 
2201	 0.211416020989418 
2202	 0.210743069648743 
2203	 0.211136683821678 
2204	 0.211164072155952 
2205	 0.210645899176598 
2206	 0.210947081446648 
2207	 0.210897773504257 
2208	 0.211007833480835 
2209	 0.211471155285835 
2210	 0.211371049284935 
2211	 0.210740834474564 
2212	 0.210609942674637 
2213	 0.210380807518959 
2214	 0.210178688168526 
2215	 0.210519999265671 
2216	 0.210443750023842 
2217	 0.209917187690735 
2218	 0.209602802991867 
2219	 0.209618732333183 
2220	 0.209508046507835 
2221	 0.209792584180832 
2222	 0.209832951426506 
2223	 0.209257245063782 
2224	 0.209046572446823 
2225	 0.208723276853561 
2226	 0.208163172006607 
2227	 0.208126530051231 
2228	 0.208031445741653 
2229	 0.207710132002831 
2230	 0.207778662443161 
2231	 0.207832053303719 
2232	 0.207474946975708 
2233	 0.207431450486183 
2234	 0.207612544298172 
2235	 0.207563683390617 
2236	 0.20771798491478 
2237	 0.207590088248253 
2238	 0.206925764679909 
2239	 0.206636250019073 
2240	 0.206410810351372 
2241	 0.206244319677353 
2242	 0.206538259983063 
2243	 0.206483021378517 
2244	 0.206012025475502 
2245	 0.205878615379333 
2246	 0.205816477537155 
2247	 0.205701306462288 
2248	 0.205833733081818 
2249	 0.206101983785629 
2250	 0.205958396196365 
2251	 0.205612853169441 
2252	 0.205383121967316 
2253	 0.205212742090225 
2254	 0.205205112695694 
2255	 0.205312728881836 
2256	 0.20509546995163 
2257	 0.204706341028214 
2258	 0.204609572887421 
2259	 0.20427031815052 
2260	 0.203929901123047 
2261	 0.204215154051781 
2262	 0.204118087887764 
2263	 0.203476935625076 
2264	 0.203415736556053 
2265	 0.203115478157997 
2266	 0.202662646770477 
2267	 0.202874839305878 
2268	 0.20269563794136 
2269	 0.202042937278748 
2270	 0.201787084341049 
2271	 0.202028825879097 
2272	 0.201879993081093 
2273	 0.201613873243332 
2274	 0.201475009322166 
2275	 0.201102539896965 
2276	 0.20089964568615 
2277	 0.201165542006493 
2278	 0.201108545064926 
2279	 0.200629681348801 
2280	 0.200427561998367 
2281	 0.200163036584854 
2282	 0.200317546725273 
2283	 0.200406894087791 
2284	 0.200293347239494 
2285	 0.199958652257919 
2286	 0.199506521224976 
2287	 0.199078544974327 
2288	 0.198968783020973 
2289	 0.199291065335274 
2290	 0.199236184358597 
2291	 0.198662430047989 
2292	 0.198255762457848 
2293	 0.197736963629723 
2294	 0.196834340691566 
2295	 0.19682177901268 
2296	 0.197351291775703 
2297	 0.196934059262276 
2298	 0.196683868765831 
2299	 0.1962890625 
2300	 0.195300102233887 
2301	 0.195363074541092 
2302	 0.195572406053543 
2303	 0.195106506347656 
2304	 0.195002362132072 
2305	 0.194981351494789 
2306	 0.194517150521278 
2307	 0.194149494171143 
2308	 0.194108173251152 
2309	 0.193984895944595 
2310	 0.194072812795639 
2311	 0.194598689675331 
2312	 0.194613352417946 
2313	 0.194108679890633 
2314	 0.194142386317253 
2315	 0.194131150841713 
2316	 0.194175004959106 
2317	 0.195200026035309 
2318	 0.195898056030273 
2319	 0.19593870639801 
2320	 0.19631116092205 
2321	 0.196518555283546 
2322	 0.196358293294907 
2323	 0.196359694004059 
2324	 0.196781918406487 
2325	 0.196885645389557 
2326	 0.196684420108795 
2327	 0.196570262312889 
2328	 0.196565121412277 
2329	 0.196525990962982 
2330	 0.196348741650581 
2331	 0.19639678299427 
2332	 0.196539252996445 
2333	 0.196397095918655 
2334	 0.196370512247086 
2335	 0.196176499128342 
2336	 0.196054443717003 
2337	 0.196089163422585 
2338	 0.195871233940125 
2339	 0.195637881755829 
2340	 0.194936230778694 
2341	 0.194286122918129 
2342	 0.19415095448494 
2343	 0.194271475076675 
2344	 0.194551393389702 
2345	 0.194275543093681 
2346	 0.194025218486786 
2347	 0.19392141699791 
2348	 0.193470910191536 
2349	 0.193670526146889 
2350	 0.194020420312881 
2351	 0.193654447793961 
2352	 0.193607479333878 
2353	 0.193857625126839 
2354	 0.193872436881065 
2355	 0.194069147109985 
2356	 0.194556280970573 
2357	 0.194459170103073 
2358	 0.193799510598183 
2359	 0.193245857954025 
2360	 0.192756250500679 
2361	 0.193290621042252 
2362	 0.194168269634247 
2363	 0.19406321644783 
2364	 0.193872019648552 
2365	 0.193699941039085 
2366	 0.193603172898293 
2367	 0.193730443716049 
2368	 0.193625539541245 
2369	 0.193597912788391 
2370	 0.193426057696342 
2371	 0.192444294691086 
2372	 0.192108333110809 
2373	 0.192281097173691 
2374	 0.191589787602425 
2375	 0.192300885915756 
2376	 0.193344280123711 
2377	 0.192347154021263 
2378	 0.191903680562973 
2379	 0.192205265164375 
2380	 0.192135825753212 
2381	 0.192223459482193 
2382	 0.1920265853405 
2383	 0.191524192690849 
2384	 0.190397650003433 
2385	 0.189335495233536 
2386	 0.189933300018311 
2387	 0.190278366208076 
2388	 0.189771249890327 
2389	 0.190266653895378 
2390	 0.190440282225609 
2391	 0.189489886164665 
2392	 0.18945500254631 
2393	 0.189941316843033 
2394	 0.189398154616356 
2395	 0.189314767718315 
2396	 0.189784288406372 
2397	 0.190130621194839 
2398	 0.190584719181061 
2399	 0.190485626459122 
2400	 0.190834924578667 
2401	 0.190882533788681 
2402	 0.190343290567398 
2403	 0.191174268722534 
2404	 0.19066458940506 
2405	 0.188549175858498 
2406	 0.188527405261993 
2407	 0.18911375105381 
2408	 0.189152508974075 
2409	 0.189740493893623 
2410	 0.190329283475876 
2411	 0.190111175179482 
2412	 0.18872943520546 
2413	 0.18893013894558 
2414	 0.190482527017593 
2415	 0.190363049507141 
2416	 0.190797045826912 
2417	 0.191347718238831 
2418	 0.190328150987625 
2419	 0.189545065164566 
2420	 0.189434006810188 
2421	 0.190002992749214 
2422	 0.190478503704071 
2423	 0.190100267529488 
2424	 0.190776318311691 
2425	 0.191659465432167 
2426	 0.190220087766647 
2427	 0.188949093222618 
2428	 0.187695175409317 
2429	 0.186203584074974 
2430	 0.18674635887146 
2431	 0.188171237707138 
2432	 0.189832627773285 
2433	 0.190115705132484 
2434	 0.189215704798698 
2435	 0.188432574272156 
2436	 0.187345772981644 
2437	 0.187007054686546 
2438	 0.187075346708298 
2439	 0.187418058514595 
2440	 0.188136830925941 
2441	 0.188376933336258 
2442	 0.188413426280022 
2443	 0.188268423080444 
2444	 0.187426328659058 
2445	 0.187422811985016 
2446	 0.188192963600159 
2447	 0.18816214799881 
2448	 0.188105240464211 
2449	 0.187102884054184 
2450	 0.185173183679581 
2451	 0.184901908040047 
2452	 0.185378074645996 
2453	 0.18439319729805 
2454	 0.183787703514099 
2455	 0.183791533112526 
2456	 0.182860031723976 
2457	 0.183168902993202 
2458	 0.184569239616394 
2459	 0.183267310261726 
2460	 0.183419421315193 
2461	 0.184872567653656 
2462	 0.184629559516907 
2463	 0.184032246470451 
2464	 0.183349132537842 
2465	 0.180139347910881 
2466	 0.179572686553001 
2467	 0.181968346238136 
2468	 0.182638794183731 
2469	 0.183943867683411 
2470	 0.183946743607521 
2471	 0.181351855397224 
2472	 0.181402251124382 
2473	 0.182356476783752 
2474	 0.183197870850563 
2475	 0.185711219906807 
2476	 0.185708686709404 
2477	 0.184970527887344 
2478	 0.183308899402618 
2479	 0.182015061378479 
2480	 0.183973863720894 
2481	 0.182680875062943 
2482	 0.180957153439522 
2483	 0.180229067802429 
2484	 0.178097918629646 
2485	 0.178095385432243 
2486	 0.179401472210884 
2487	 0.180915981531143 
2488	 0.183721974492073 
2489	 0.183167025446892 
2490	 0.180144861340523 
2491	 0.179188847541809 
2492	 0.175310835242271 
2493	 0.17436246573925 
2494	 0.177726700901985 
2495	 0.179400786757469 
2496	 0.183350428938866 
2497	 0.182001695036888 
2498	 0.179486036300659 
2499	 0.180434212088585 
2500	 0.184332460165024 
