350	 0.112698018550873 
351	 0.113139167428017 
352	 0.120872244238853 
353	 0.124428763985634 
354	 0.119182772934437 
355	 0.122131340205669 
356	 0.123106010258198 
357	 0.121098786592484 
358	 0.119014322757721 
359	 0.1203393638134 
360	 0.123289592564106 
361	 0.126296728849411 
362	 0.128154307603836 
363	 0.126229465007782 
364	 0.124884314835072 
365	 0.12621220946312 
366	 0.126499593257904 
367	 0.128812894225121 
368	 0.13122470676899 
369	 0.131491124629974 
370	 0.131548434495926 
371	 0.131681263446808 
372	 0.132040172815323 
373	 0.132676973938942 
374	 0.133783504366875 
375	 0.134309232234955 
376	 0.134475111961365 
377	 0.136417150497437 
378	 0.137303695082664 
379	 0.138325393199921 
380	 0.140361830592155 
381	 0.140236809849739 
382	 0.139839053153992 
383	 0.140486001968384 
384	 0.142500936985016 
385	 0.141634538769722 
386	 0.142368718981743 
387	 0.145400419831276 
388	 0.146414071321487 
389	 0.146087616682053 
390	 0.147216081619263 
391	 0.150582507252693 
392	 0.150651022791862 
393	 0.150637596845627 
394	 0.152034446597099 
395	 0.154985383152962 
396	 0.156568214297295 
397	 0.157503426074982 
398	 0.158016130328178 
399	 0.15762597322464 
400	 0.158994004130363 
401	 0.16077946126461 
402	 0.161731064319611 
403	 0.162532031536102 
404	 0.16467858850956 
405	 0.16662985086441 
406	 0.16642190515995 
407	 0.166656970977783 
408	 0.168493986129761 
409	 0.171076729893684 
410	 0.171908721327782 
411	 0.172489061951637 
412	 0.173903524875641 
413	 0.176002502441406 
414	 0.175956800580025 
415	 0.176469549536705 
416	 0.177412554621696 
417	 0.177892401814461 
418	 0.1794054210186 
419	 0.180787369608879 
420	 0.181618869304657 
421	 0.182396173477173 
422	 0.183597311377525 
423	 0.18481619656086 
424	 0.185778871178627 
425	 0.186942473053932 
426	 0.188227370381355 
427	 0.189432993531227 
428	 0.19042894244194 
429	 0.1919334679842 
430	 0.19327475130558 
431	 0.194395393133163 
432	 0.195973768830299 
433	 0.197389245033264 
434	 0.198830768465996 
435	 0.200570032000542 
436	 0.202644526958466 
437	 0.204572141170502 
438	 0.206324592232704 
439	 0.208136796951294 
440	 0.210324823856354 
441	 0.212089911103249 
442	 0.21335856616497 
443	 0.215157836675644 
444	 0.216543436050415 
445	 0.217377707362175 
446	 0.217871159315109 
447	 0.218713596463203 
448	 0.218933612108231 
449	 0.218678846955299 
450	 0.218829616904259 
451	 0.218972519040108 
452	 0.218858256936073 
453	 0.218558698892593 
454	 0.218697279691696 
455	 0.218784868717194 
456	 0.219014376401901 
457	 0.219652190804482 
458	 0.220205962657928 
459	 0.22077913582325 
460	 0.221563160419464 
461	 0.222778007388115 
462	 0.22375151515007 
463	 0.224709793925285 
464	 0.225902780890465 
465	 0.227208137512207 
466	 0.228184446692467 
467	 0.229153871536255 
468	 0.230710849165916 
469	 0.232596039772034 
470	 0.234224066138268 
471	 0.23558109998703 
472	 0.237408488988876 
473	 0.23936402797699 
474	 0.241422355175018 
475	 0.243592515587807 
476	 0.245805665850639 
477	 0.247677728533745 
478	 0.249309957027435 
479	 0.251070946455002 
480	 0.252335578203201 
481	 0.253397285938263 
482	 0.254446655511856 
483	 0.255208939313889 
484	 0.256110608577728 
485	 0.257109522819519 
486	 0.258041262626648 
487	 0.258928090333939 
488	 0.259710192680359 
489	 0.26058629155159 
490	 0.261964380741119 
491	 0.263108432292938 
492	 0.264297246932983 
493	 0.265841543674469 
494	 0.267573773860931 
495	 0.269434660673141 
496	 0.271539002656937 
497	 0.274029403924942 
498	 0.276606827974319 
499	 0.279196918010712 
500	 0.281772941350937 
501	 0.284365355968475 
502	 0.286432385444641 
503	 0.288297474384308 
504	 0.290356397628784 
505	 0.292165994644165 
506	 0.293710589408875 
507	 0.295103013515472 
508	 0.296528279781342 
509	 0.297775119543076 
510	 0.298933953046799 
511	 0.300103843212128 
512	 0.301252096891403 
513	 0.302325218915939 
514	 0.303355604410172 
515	 0.304417133331299 
516	 0.305631518363953 
517	 0.306755810976028 
518	 0.30771142244339 
519	 0.308656722307205 
520	 0.309660375118256 
521	 0.310728430747986 
522	 0.311797052621841 
523	 0.312694162130356 
524	 0.313690423965454 
525	 0.314771056175232 
526	 0.31572288274765 
527	 0.316848695278168 
528	 0.318046033382416 
529	 0.319219768047333 
530	 0.320440411567688 
531	 0.321637749671936 
532	 0.322796851396561 
533	 0.323961019515991 
534	 0.325309365987778 
535	 0.326638132333755 
536	 0.327871084213257 
537	 0.329119890928268 
538	 0.330376178026199 
539	 0.331558465957642 
540	 0.332635581493378 
541	 0.333832889795303 
542	 0.334977179765701 
543	 0.336046189069748 
544	 0.337121725082397 
545	 0.338138341903687 
546	 0.339118480682373 
547	 0.340085476636887 
548	 0.341017425060272 
549	 0.341890066862106 
550	 0.342742681503296 
551	 0.343617498874664 
552	 0.344403505325317 
553	 0.345093101263046 
554	 0.345706045627594 
555	 0.34628826379776 
556	 0.346743375062943 
557	 0.347171604633331 
558	 0.347649663686752 
559	 0.347945779561996 
560	 0.348229110240936 
561	 0.34855318069458 
562	 0.348882466554642 
563	 0.349164694547653 
564	 0.349357634782791 
565	 0.349469929933548 
566	 0.349595814943314 
567	 0.349711447954178 
568	 0.349776089191437 
569	 0.349747896194458 
570	 0.349711865186691 
571	 0.349520802497864 
572	 0.349179923534393 
573	 0.348934024572372 
574	 0.348592162132263 
575	 0.348211050033569 
576	 0.347870290279388 
577	 0.347457855939865 
578	 0.347043633460999 
579	 0.346690148115158 
580	 0.346431642770767 
581	 0.346212774515152 
582	 0.345960974693298 
583	 0.345630675554276 
584	 0.345253348350525 
585	 0.344809502363205 
586	 0.344398081302643 
587	 0.344130426645279 
588	 0.343754768371582 
589	 0.343185782432556 
590	 0.342405140399933 
591	 0.341460943222046 
592	 0.340823650360107 
593	 0.340467661619186 
594	 0.340208977460861 
595	 0.339903920888901 
596	 0.339514464139938 
597	 0.339057505130768 
598	 0.338578224182129 
599	 0.337946742773056 
600	 0.337209701538086 
601	 0.336512446403503 
602	 0.336108505725861 
603	 0.335882782936096 
604	 0.335709095001221 
605	 0.33543387055397 
606	 0.334903240203857 
607	 0.334085077047348 
608	 0.333033949136734 
609	 0.331910371780396 
610	 0.330915331840515 
611	 0.329978585243225 
612	 0.32901930809021 
613	 0.328255742788315 
614	 0.327579110860825 
615	 0.326911091804504 
616	 0.326208025217056 
617	 0.325361311435699 
618	 0.324457973241806 
619	 0.323562800884247 
620	 0.322626143693924 
621	 0.321648865938187 
622	 0.320731818675995 
623	 0.319993734359741 
624	 0.319304794073105 
625	 0.318603575229645 
626	 0.317917019128799 
627	 0.317355334758759 
628	 0.316827088594437 
629	 0.316352009773254 
630	 0.315949022769928 
631	 0.315551966428757 
632	 0.315221101045609 
633	 0.31494927406311 
634	 0.314690232276917 
635	 0.314517468214035 
636	 0.314388930797577 
637	 0.314297646284103 
638	 0.314336091279984 
639	 0.314344346523285 
640	 0.314360290765762 
641	 0.314473420381546 
642	 0.314616411924362 
643	 0.314796209335327 
644	 0.315029472112656 
645	 0.315330922603607 
646	 0.315568178892136 
647	 0.315822809934616 
648	 0.316171824932098 
649	 0.316560178995132 
650	 0.31692510843277 
651	 0.317257672548294 
652	 0.31757727265358 
653	 0.317917704582214 
654	 0.318254768848419 
655	 0.318587511777878 
656	 0.318992525339127 
657	 0.319299519062042 
658	 0.319561153650284 
659	 0.319847226142883 
660	 0.320016235113144 
661	 0.320130318403244 
662	 0.320208251476288 
663	 0.320232748985291 
664	 0.320295542478561 
665	 0.320342212915421 
666	 0.320322096347809 
667	 0.320265114307404 
668	 0.320214658975601 
669	 0.320104211568832 
670	 0.319865375757217 
671	 0.319654405117035 
672	 0.319512367248535 
673	 0.319368451833725 
674	 0.31905922293663 
675	 0.318811893463135 
676	 0.318604826927185 
677	 0.318363666534424 
678	 0.317986726760864 
679	 0.317604035139084 
680	 0.317203313112259 
681	 0.316706210374832 
682	 0.316206395626068 
683	 0.315731376409531 
684	 0.315261125564575 
685	 0.314733296632767 
686	 0.314142465591431 
687	 0.313543260097504 
688	 0.31296494603157 
689	 0.312349438667297 
690	 0.311705976724625 
691	 0.311066746711731 
692	 0.310464322566986 
693	 0.309878706932068 
694	 0.309283941984177 
695	 0.308660268783569 
696	 0.308017998933792 
697	 0.307352483272552 
698	 0.306657612323761 
699	 0.305933147668839 
700	 0.305257618427277 
701	 0.304590612649918 
702	 0.303865998983383 
703	 0.303007900714874 
704	 0.302253544330597 
705	 0.301442116498947 
706	 0.300489485263824 
707	 0.299578934907913 
708	 0.298778176307678 
709	 0.297969400882721 
710	 0.297009587287903 
711	 0.296072781085968 
712	 0.295194834470749 
713	 0.294333577156067 
714	 0.293384701013565 
715	 0.292436093091965 
716	 0.291532456874847 
717	 0.290655821561813 
718	 0.289682686328888 
719	 0.28867694735527 
720	 0.287705510854721 
721	 0.286797702312469 
722	 0.285788416862488 
723	 0.284783512353897 
724	 0.283840090036392 
725	 0.282950758934021 
726	 0.28200575709343 
727	 0.281009703874588 
728	 0.280017405748367 
729	 0.279137492179871 
730	 0.278169840574265 
731	 0.277139216661453 
732	 0.276148498058319 
733	 0.275219529867172 
734	 0.274308353662491 
735	 0.273366272449493 
736	 0.272354483604431 
737	 0.271305441856384 
738	 0.270260632038116 
739	 0.269235551357269 
740	 0.268202751874924 
741	 0.267118066549301 
742	 0.266028225421906 
743	 0.264991819858551 
744	 0.263951659202576 
745	 0.262841641902924 
746	 0.261725664138794 
747	 0.26074954867363 
748	 0.259728729724884 
749	 0.258642554283142 
750	 0.257530897855759 
751	 0.256482243537903 
752	 0.255416661500931 
753	 0.254325479269028 
754	 0.253239750862122 
755	 0.25225442647934 
756	 0.251263201236725 
757	 0.250252217054367 
758	 0.249269127845764 
759	 0.248312413692474 
760	 0.247361660003662 
761	 0.246386170387268 
762	 0.245346635580063 
763	 0.244351387023926 
764	 0.243375808000565 
765	 0.242376759648323 
766	 0.241336047649384 
767	 0.240409657359123 
768	 0.239528447389603 
769	 0.238559231162071 
770	 0.23764605820179 
771	 0.236726239323616 
772	 0.235803678631783 
773	 0.234941124916077 
774	 0.234113991260529 
775	 0.233242645859718 
776	 0.232335940003395 
777	 0.231584176421165 
778	 0.230751574039459 
779	 0.229887947440147 
780	 0.229094862937927 
781	 0.228308528661728 
782	 0.22748951613903 
783	 0.226672723889351 
784	 0.225925520062447 
785	 0.225200608372688 
786	 0.224403440952301 
787	 0.223583489656448 
788	 0.222945317625999 
789	 0.222281932830811 
790	 0.221564829349518 
791	 0.220823243260384 
792	 0.220131784677505 
793	 0.219428017735481 
794	 0.218752592802048 
795	 0.218134447932243 
796	 0.217403322458267 
797	 0.216712027788162 
798	 0.216096237301826 
799	 0.215498402714729 
800	 0.214914113283157 
801	 0.214303493499756 
802	 0.21366374194622 
803	 0.213036105036736 
804	 0.212482511997223 
805	 0.211936146020889 
806	 0.211345478892326 
807	 0.210751190781593 
808	 0.210179165005684 
809	 0.209608659148216 
810	 0.209014296531677 
811	 0.208398163318634 
812	 0.207905828952789 
813	 0.207483410835266 
814	 0.206976547837257 
815	 0.20648430287838 
816	 0.206017315387726 
817	 0.205554500222206 
818	 0.205054566264153 
819	 0.204585939645767 
820	 0.20408371090889 
821	 0.203521862626076 
822	 0.202997401356697 
823	 0.202471971511841 
824	 0.201988860964775 
825	 0.20155157148838 
826	 0.200974002480507 
827	 0.20053468644619 
828	 0.200199276208878 
829	 0.199814885854721 
830	 0.199353590607643 
831	 0.19893816113472 
832	 0.198560014367104 
833	 0.198118075728416 
834	 0.197643294930458 
835	 0.197236642241478 
836	 0.196890518069267 
837	 0.196488484740257 
838	 0.196052193641663 
839	 0.195644557476044 
840	 0.195290923118591 
841	 0.194931045174599 
842	 0.194588661193848 
843	 0.194211944937706 
844	 0.193781062960625 
845	 0.193413257598877 
846	 0.193071559071541 
847	 0.192729517817497 
848	 0.192371785640717 
849	 0.192068204283714 
850	 0.191620200872421 
851	 0.191139623522758 
852	 0.190849155187607 
853	 0.190570279955864 
854	 0.190191358327866 
855	 0.189790308475494 
856	 0.189552947878838 
857	 0.189198851585388 
858	 0.188840225338936 
859	 0.188539788126945 
860	 0.188247263431549 
861	 0.187981739640236 
862	 0.187678962945938 
863	 0.187317252159119 
864	 0.18697664141655 
865	 0.186667934060097 
866	 0.186361253261566 
867	 0.186038836836815 
868	 0.18572162091732 
869	 0.185442999005318 
870	 0.185132905840874 
871	 0.184760168194771 
872	 0.184458389878273 
873	 0.184159189462662 
874	 0.183852627873421 
875	 0.18354132771492 
876	 0.183155432343483 
877	 0.182805076241493 
878	 0.182529792189598 
879	 0.182288452982903 
880	 0.181874811649323 
881	 0.181453555822372 
882	 0.181068867444992 
883	 0.180678874254227 
884	 0.180182859301567 
885	 0.17975902557373 
886	 0.179417908191681 
887	 0.17903259396553 
888	 0.178786054253578 
889	 0.178418844938278 
890	 0.177926614880562 
891	 0.177564650774002 
892	 0.177189558744431 
893	 0.176781013607979 
894	 0.176298201084137 
895	 0.175706312060356 
896	 0.175313144922256 
897	 0.17503397166729 
898	 0.174705997109413 
899	 0.174184516072273 
900	 0.173593789339066 
901	 0.173113808035851 
902	 0.172741323709488 
903	 0.172201246023178 
904	 0.17177614569664 
905	 0.171320348978043 
906	 0.170787185430527 
907	 0.170458793640137 
908	 0.169935882091522 
909	 0.169415488839149 
910	 0.169041007757187 
911	 0.168604463338852 
912	 0.16815173625946 
913	 0.167591229081154 
914	 0.166981846094131 
915	 0.166723698377609 
916	 0.166260242462158 
917	 0.165636211633682 
918	 0.165045723319054 
919	 0.164628595113754 
920	 0.164073243737221 
921	 0.163507461547852 
922	 0.163044974207878 
923	 0.162511050701141 
924	 0.161820709705353 
925	 0.161299288272858 
926	 0.161037519574165 
927	 0.160420089960098 
928	 0.159796416759491 
929	 0.159173980355263 
930	 0.158517360687256 
931	 0.157872200012207 
932	 0.157531887292862 
933	 0.157068490982056 
934	 0.156277984380722 
935	 0.155761897563934 
936	 0.155266150832176 
937	 0.15460316836834 
938	 0.153831139206886 
939	 0.153381511569023 
940	 0.152813822031021 
941	 0.152232930064201 
942	 0.151694923639297 
943	 0.15100371837616 
944	 0.150683179497719 
945	 0.150339856743813 
946	 0.149683848023415 
947	 0.148900702595711 
948	 0.148426026105881 
949	 0.147944688796997 
950	 0.14732438325882 
951	 0.146846190094948 
952	 0.146252706646919 
953	 0.145676538348198 
954	 0.145253553986549 
955	 0.144986018538475 
956	 0.144463866949081 
957	 0.144046768546104 
958	 0.143670111894608 
959	 0.142913594841957 
960	 0.142417818307877 
961	 0.141883879899979 
962	 0.141220346093178 
963	 0.140584349632263 
964	 0.140164703130722 
965	 0.139853447675705 
966	 0.139480397105217 
967	 0.138887122273445 
968	 0.137978732585907 
969	 0.137517690658569 
970	 0.137467786669731 
971	 0.137351229786873 
972	 0.136686086654663 
973	 0.136166974902153 
974	 0.135692149400711 
975	 0.135049685835838 
976	 0.134474501013756 
977	 0.134326860308647 
978	 0.133935779333115 
979	 0.133058831095695 
980	 0.132681250572205 
981	 0.13238263130188 
982	 0.132155165076256 
983	 0.131909042596817 
984	 0.131423220038414 
985	 0.130983456969261 
986	 0.130696162581444 
987	 0.130304917693138 
988	 0.129517987370491 
989	 0.129667297005653 
990	 0.129340916872025 
991	 0.128728926181793 
992	 0.128726124763489 
993	 0.128196194767952 
994	 0.127788290381432 
995	 0.127620980143547 
996	 0.12752640247345 
997	 0.12730099260807 
998	 0.126468673348427 
999	 0.125853344798088 
1000	 0.125896409153938 
1001	 0.127517446875572 
1002	 0.12685938179493 
1003	 0.126414969563484 
1004	 0.126283958554268 
1005	 0.125970065593719 
1006	 0.125730633735657 
1007	 0.125676825642586 
1008	 0.12543249130249 
1009	 0.124967232346535 
1010	 0.124780796468258 
1011	 0.124702706933022 
1012	 0.12452956289053 
1013	 0.124392218887806 
1014	 0.124449953436852 
1015	 0.124066643416882 
1016	 0.123802058398724 
1017	 0.123672686517239 
1018	 0.12326680123806 
1019	 0.123078234493732 
1020	 0.123070158064365 
1021	 0.122915081679821 
1022	 0.122753746807575 
1023	 0.122577160596848 
1024	 0.122394189238548 
1025	 0.122142635285854 
1026	 0.121802769601345 
1027	 0.121529497206211 
1028	 0.121244378387928 
1029	 0.120882079005241 
1030	 0.12073615193367 
1031	 0.120722897350788 
1032	 0.120720095932484 
1033	 0.120773799717426 
1034	 0.120693013072014 
1035	 0.120555900037289 
1036	 0.120356239378452 
1037	 0.120000466704369 
1038	 0.119817346334457 
1039	 0.119639486074448 
1040	 0.11954340338707 
1041	 0.119596540927887 
1042	 0.119552709162235 
1043	 0.119532518088818 
1044	 0.119432032108307 
1045	 0.11928328871727 
1046	 0.119258008897305 
1047	 0.119254432618618 
1048	 0.119333483278751 
1049	 0.119290105998516 
1050	 0.119239911437035 
1051	 0.119198672473431 
1052	 0.119025930762291 
1053	 0.11900007724762 
1054	 0.119089163839817 
1055	 0.119150891900063 
1056	 0.119206994771957 
1057	 0.119332797825336 
1058	 0.119528397917747 
1059	 0.119721688330173 
1060	 0.119919873774052 
1061	 0.119929626584053 
1062	 0.119921624660492 
1063	 0.119683563709259 
1064	 0.119756676256657 
1065	 0.119969360530376 
1066	 0.120094299316406 
1067	 0.120419181883335 
1068	 0.120494566857815 
1069	 0.120150484144688 
1070	 0.12026921659708 
1071	 0.120730392634869 
1072	 0.120892249047756 
1073	 0.121192090213299 
1074	 0.121371902525425 
1075	 0.121334783732891 
1076	 0.121048755943775 
1077	 0.121130466461182 
1078	 0.121359907090664 
1079	 0.121610231697559 
1080	 0.122051820158958 
1081	 0.122314743697643 
1082	 0.122608281672001 
1083	 0.122780956327915 
1084	 0.122714795172215 
1085	 0.122864179313183 
1086	 0.123077996075153 
1087	 0.12328028678894 
1088	 0.123585104942322 
1089	 0.123862065374851 
1090	 0.124241165816784 
1091	 0.12438278645277 
1092	 0.124460883438587 
1093	 0.124418802559376 
1094	 0.124568313360214 
1095	 0.124612219631672 
1096	 0.124813422560692 
1097	 0.125271052122116 
1098	 0.125570520758629 
1099	 0.125753208994865 
1100	 0.126071110367775 
1101	 0.126574665307999 
1102	 0.126864805817604 
1103	 0.127085879445076 
1104	 0.127321049571037 
1105	 0.127351090312004 
1106	 0.127526164054871 
1107	 0.127773195505142 
1108	 0.128164574503899 
1109	 0.128396272659302 
1110	 0.128622472286224 
1111	 0.128830045461655 
1112	 0.128919869661331 
1113	 0.129134893417358 
1114	 0.129397824406624 
1115	 0.129686743021011 
1116	 0.13015253841877 
1117	 0.13036622107029 
1118	 0.130351603031158 
1119	 0.130559325218201 
1120	 0.130664139986038 
1121	 0.130915150046349 
1122	 0.13145138323307 
1123	 0.131967261433601 
1124	 0.132252916693687 
1125	 0.13243468105793 
1126	 0.132638692855835 
1127	 0.132667288184166 
1128	 0.132891833782196 
1129	 0.133247196674347 
1130	 0.133488193154335 
1131	 0.13371230661869 
1132	 0.133969485759735 
1133	 0.134222805500031 
1134	 0.134456291794777 
1135	 0.134689629077911 
1136	 0.134951055049896 
1137	 0.1351547986269 
1138	 0.135435357689857 
1139	 0.135824292898178 
1140	 0.136204406619072 
1141	 0.136496722698212 
1142	 0.136769905686378 
1143	 0.137005418539047 
1144	 0.137154698371887 
1145	 0.13735044002533 
1146	 0.13753579556942 
1147	 0.137775719165802 
1148	 0.13803805410862 
1149	 0.1382946819067 
1150	 0.138578981161118 
1151	 0.138850226998329 
1152	 0.139172181487083 
1153	 0.139385089278221 
1154	 0.139490634202957 
1155	 0.139708265662193 
1156	 0.139925897121429 
1157	 0.140094041824341 
1158	 0.140447661280632 
1159	 0.140813931822777 
1160	 0.141023278236389 
1161	 0.141097903251648 
1162	 0.141303390264511 
1163	 0.141444101929665 
1164	 0.141682460904121 
1165	 0.142070829868317 
1166	 0.142344817519188 
1167	 0.142619535326958 
1168	 0.142818987369537 
1169	 0.14291450381279 
1170	 0.143098145723343 
1171	 0.143266692757607 
1172	 0.143450066447258 
1173	 0.143728852272034 
1174	 0.143921181559563 
1175	 0.144064500927925 
1176	 0.144244194030762 
1177	 0.144433885812759 
1178	 0.144623145461082 
1179	 0.144829824566841 
1180	 0.145090520381927 
1181	 0.145266473293304 
1182	 0.145404383540154 
1183	 0.145562663674355 
1184	 0.145644694566727 
1185	 0.145810320973396 
1186	 0.146052673459053 
1187	 0.146241337060928 
1188	 0.146500825881958 
1189	 0.146683424711227 
1190	 0.14678592979908 
1191	 0.146874979138374 
1192	 0.14713317155838 
1193	 0.14726784825325 
1194	 0.147397831082344 
1195	 0.147607237100601 
1196	 0.147802799940109 
1197	 0.14794035255909 
1198	 0.148115873336792 
1199	 0.148412138223648 
1200	 0.148572012782097 
1201	 0.14855968952179 
1202	 0.148753583431244 
1203	 0.149050086736679 
1204	 0.149233773350716 
1205	 0.149470895528793 
1206	 0.149689048528671 
1207	 0.149825304746628 
1208	 0.149982884526253 
1209	 0.150178909301758 
1210	 0.150361523032188 
1211	 0.150540113449097 
1212	 0.150711566209793 
1213	 0.150944039225578 
1214	 0.151188418269157 
1215	 0.151404976844788 
1216	 0.151568368077278 
1217	 0.151745215058327 
1218	 0.15192386507988 
1219	 0.15211820602417 
1220	 0.152294382452965 
1221	 0.1525047570467 
1222	 0.15275539457798 
1223	 0.152952507138252 
1224	 0.153128325939178 
1225	 0.153338894248009 
1226	 0.153555393218994 
1227	 0.153783947229385 
1228	 0.154078498482704 
1229	 0.154250934720039 
1230	 0.154434069991112 
1231	 0.154561340808868 
1232	 0.154713213443756 
1233	 0.154970496892929 
1234	 0.155230432748795 
1235	 0.155484184622765 
1236	 0.155774548649788 
1237	 0.155994549393654 
1238	 0.156185895204544 
1239	 0.156326085329056 
1240	 0.156553342938423 
1241	 0.156776010990143 
1242	 0.157010406255722 
1243	 0.157319635152817 
1244	 0.15755669772625 
1245	 0.157723873853683 
1246	 0.15793265402317 
1247	 0.158126816153526 
1248	 0.158406853675842 
1249	 0.15863536298275 
1250	 0.158873900771141 
1251	 0.159119114279747 
1252	 0.159297555685043 
1253	 0.159476011991501 
1254	 0.159715905785561 
1255	 0.160018667578697 
1256	 0.160270407795906 
1257	 0.16041012108326 
1258	 0.1606075912714 
1259	 0.160832077264786 
1260	 0.160992547869682 
1261	 0.161230161786079 
1262	 0.161569491028786 
1263	 0.161864891648293 
1264	 0.162223622202873 
1265	 0.162454873323441 
1266	 0.162579402327538 
1267	 0.162819117307663 
1268	 0.163016930222511 
1269	 0.163233190774918 
1270	 0.163630142807961 
1271	 0.163985311985016 
1272	 0.164235219359398 
1273	 0.164526551961899 
1274	 0.164856433868408 
1275	 0.165252134203911 
1276	 0.165628552436829 
1277	 0.165892884135246 
1278	 0.166084975004196 
1279	 0.166320845484734 
1280	 0.166713297367096 
1281	 0.167076975107193 
1282	 0.16739746928215 
1283	 0.16769802570343 
1284	 0.168053150177002 
1285	 0.16837215423584 
1286	 0.16874523460865 
1287	 0.169218495488167 
1288	 0.169619038701057 
1289	 0.169986188411713 
1290	 0.170340418815613 
1291	 0.170647487044334 
1292	 0.170984283089638 
1293	 0.171416744589806 
1294	 0.171838089823723 
1295	 0.172238975763321 
1296	 0.172623604536057 
1297	 0.173000261187553 
1298	 0.17339888215065 
1299	 0.173759549856186 
1300	 0.174252599477768 
1301	 0.174802094697952 
1302	 0.175114959478378 
1303	 0.175444722175598 
1304	 0.17584140598774 
1305	 0.176266819238663 
1306	 0.176698863506317 
1307	 0.17714236676693 
1308	 0.177671775221825 
1309	 0.178122028708458 
1310	 0.178427070379257 
1311	 0.178845778107643 
1312	 0.179342851042747 
1313	 0.179809153079987 
1314	 0.180258572101593 
1315	 0.18084342777729 
1316	 0.181282684206963 
1317	 0.181609347462654 
1318	 0.182054072618484 
1319	 0.182464092969894 
1320	 0.182959362864494 
1321	 0.183522582054138 
1322	 0.18391840159893 
1323	 0.184274360537529 
1324	 0.184756472706795 
1325	 0.185258165001869 
1326	 0.185688316822052 
1327	 0.186150506138802 
1328	 0.186557129025459 
1329	 0.186995700001717 
1330	 0.187509268522263 
1331	 0.188240319490433 
1332	 0.188746526837349 
1333	 0.189175024628639 
1334	 0.189650923013687 
1335	 0.190001413226128 
1336	 0.190492585301399 
1337	 0.191144615411758 
1338	 0.191622465848923 
1339	 0.191981956362724 
1340	 0.192567184567451 
1341	 0.193119779229164 
1342	 0.193611949682236 
1343	 0.194265931844711 
1344	 0.19483408331871 
1345	 0.195242583751678 
1346	 0.195681065320969 
1347	 0.196134701371193 
1348	 0.196581959724426 
1349	 0.197064340114594 
1350	 0.197527289390564 
1351	 0.197921991348267 
1352	 0.198371514678001 
1353	 0.198923274874687 
1354	 0.199436739087105 
1355	 0.199884384870529 
1356	 0.200444146990776 
1357	 0.20110847055912 
1358	 0.20174215734005 
1359	 0.202374011278152 
1360	 0.203112319111824 
1361	 0.203751772642136 
1362	 0.204258769750595 
1363	 0.20490163564682 
1364	 0.205661758780479 
1365	 0.206288382411003 
1366	 0.206910625100136 
1367	 0.207504451274872 
1368	 0.207889944314957 
1369	 0.208132416009903 
1370	 0.208323433995247 
1371	 0.208257779479027 
1372	 0.208001330494881 
1373	 0.20771524310112 
1374	 0.207234859466553 
1375	 0.206556215882301 
1376	 0.205905839800835 
1377	 0.205280900001526 
1378	 0.204573273658752 
1379	 0.203967228531837 
1380	 0.203462913632393 
1381	 0.202922910451889 
1382	 0.202554702758789 
1383	 0.202398121356964 
1384	 0.202323690056801 
1385	 0.202247202396393 
1386	 0.202241018414497 
1387	 0.202434077858925 
1388	 0.202794566750526 
1389	 0.203306809067726 
1390	 0.203974187374115 
1391	 0.204800471663475 
1392	 0.205797433853149 
1393	 0.206860855221748 
1394	 0.208260238170624 
1395	 0.209955006837845 
1396	 0.211794540286064 
1397	 0.213722035288811 
1398	 0.215760171413422 
1399	 0.217839419841766 
1400	 0.2199327647686 
1401	 0.222010508179665 
1402	 0.22400438785553 
1403	 0.225897833704948 
1404	 0.227611511945724 
1405	 0.22921022772789 
1406	 0.230758875608444 
1407	 0.232160940766335 
1408	 0.233519241213799 
1409	 0.234816327691078 
1410	 0.236012578010559 
1411	 0.237223386764526 
1412	 0.238354116678238 
1413	 0.239427834749222 
1414	 0.24052269756794 
1415	 0.241533994674683 
1416	 0.242500722408295 
1417	 0.243514150381088 
1418	 0.244581028819084 
1419	 0.245627984404564 
1420	 0.246608108282089 
1421	 0.247551009058952 
1422	 0.248474314808846 
1423	 0.249446108937263 
1424	 0.250479876995087 
1425	 0.251472055912018 
1426	 0.252464294433594 
1427	 0.253475248813629 
1428	 0.254466861486435 
1429	 0.255458921194077 
1430	 0.256481230258942 
1431	 0.257500141859055 
1432	 0.258468002080917 
1433	 0.259437292814255 
1434	 0.260483175516129 
1435	 0.261544018983841 
1436	 0.262601286172867 
1437	 0.263652682304382 
1438	 0.264661461114883 
1439	 0.265671253204346 
1440	 0.266692370176315 
1441	 0.267791360616684 
1442	 0.268946260213852 
1443	 0.269996523857117 
1444	 0.271036356687546 
1445	 0.272128313779831 
1446	 0.273212999105453 
1447	 0.274301439523697 
1448	 0.275385767221451 
1449	 0.276485711336136 
1450	 0.277597665786743 
1451	 0.278689563274384 
1452	 0.279817938804626 
1453	 0.280866265296936 
1454	 0.281888753175735 
1455	 0.283091157674789 
1456	 0.284264266490936 
1457	 0.28537705540657 
1458	 0.28653085231781 
1459	 0.287657231092453 
1460	 0.288771092891693 
1461	 0.289892464876175 
1462	 0.291070610284805 
1463	 0.292232692241669 
1464	 0.29335942864418 
1465	 0.294490069150925 
1466	 0.295633912086487 
1467	 0.296699076890945 
1468	 0.297854512929916 
1469	 0.299121797084808 
1470	 0.30031156539917 
1471	 0.30145338177681 
1472	 0.302622407674789 
1473	 0.303766369819641 
1474	 0.304944962263107 
1475	 0.306129395961761 
1476	 0.307305961847305 
1477	 0.308532118797302 
1478	 0.30962735414505 
1479	 0.310764312744141 
1480	 0.312063068151474 
1481	 0.313217401504517 
1482	 0.314369440078735 
1483	 0.315618187189102 
1484	 0.316779851913452 
1485	 0.317939519882202 
1486	 0.3191958963871 
1487	 0.320415735244751 
1488	 0.321565121412277 
1489	 0.322820991277695 
1490	 0.324087858200073 
1491	 0.325221478939056 
1492	 0.326421737670898 
1493	 0.32763335108757 
1494	 0.328720420598984 
1495	 0.329910963773727 
1496	 0.331208974123001 
1497	 0.332398891448975 
1498	 0.333613157272339 
1499	 0.334882587194443 
1500	 0.336025208234787 
1501	 0.337203234434128 
1502	 0.338532030582428 
1503	 0.339811891317368 
1504	 0.341038972139359 
1505	 0.342264503240585 
1506	 0.343446344137192 
1507	 0.344652831554413 
1508	 0.345873206853867 
1509	 0.347107768058777 
1510	 0.3483926653862 
1511	 0.349618852138519 
1512	 0.350776106119156 
1513	 0.351940244436264 
1514	 0.353141278028488 
1515	 0.354356378316879 
1516	 0.355598449707031 
1517	 0.356814861297607 
1518	 0.357995390892029 
1519	 0.359209537506104 
1520	 0.360431849956512 
1521	 0.361660689115524 
1522	 0.363004565238953 
1523	 0.364211738109589 
1524	 0.365238636732101 
1525	 0.366462796926498 
1526	 0.367756724357605 
1527	 0.368929862976074 
1528	 0.370201081037521 
1529	 0.371434837579727 
1530	 0.372506886720657 
1531	 0.37366458773613 
1532	 0.37486332654953 
1533	 0.376043766736984 
1534	 0.377275973558426 
1535	 0.378492444753647 
1536	 0.379706025123596 
1537	 0.380966246128082 
1538	 0.382192045450211 
1539	 0.383356899023056 
1540	 0.384630352258682 
1541	 0.385890662670136 
1542	 0.387165635824203 
1543	 0.388432323932648 
1544	 0.389606982469559 
1545	 0.390901952981949 
1546	 0.392236560583115 
1547	 0.393421947956085 
1548	 0.394533753395081 
1549	 0.39569228887558 
1550	 0.396833062171936 
1551	 0.39790877699852 
1552	 0.399112343788147 
1553	 0.400348961353302 
1554	 0.401442110538483 
1555	 0.402573138475418 
1556	 0.403779298067093 
1557	 0.404949575662613 
1558	 0.406229645013809 
1559	 0.407500743865967 
1560	 0.408552318811417 
1561	 0.409677863121033 
1562	 0.41080042719841 
1563	 0.411847323179245 
1564	 0.413132220506668 
1565	 0.414389073848724 
1566	 0.415517568588257 
1567	 0.416749238967896 
1568	 0.417836636304855 
1569	 0.418834567070007 
1570	 0.419978350400925 
1571	 0.421132028102875 
1572	 0.422312378883362 
1573	 0.42354679107666 
1574	 0.424708962440491 
1575	 0.425740927457809 
1576	 0.426808059215546 
1577	 0.427974492311478 
1578	 0.429104804992676 
1579	 0.430244535207748 
1580	 0.43137601017952 
1581	 0.432454138994217 
1582	 0.43344584107399 
1583	 0.434439420700073 
1584	 0.435577660799026 
1585	 0.436667293310165 
1586	 0.437722027301788 
1587	 0.438852220773697 
1588	 0.439858824014664 
1589	 0.440842390060425 
1590	 0.441945642232895 
1591	 0.442982912063599 
1592	 0.444028586149216 
1593	 0.445149123668671 
1594	 0.44616886973381 
1595	 0.44711047410965 
1596	 0.448093354701996 
1597	 0.449115991592407 
1598	 0.450160712003708 
1599	 0.451165944337845 
1600	 0.452168405056 
1601	 0.453226894140244 
1602	 0.454210251569748 
1603	 0.455134987831116 
1604	 0.456029236316681 
1605	 0.456894069910049 
1606	 0.457880407571793 
1607	 0.458995878696442 
1608	 0.460053831338882 
1609	 0.460971534252167 
1610	 0.461780279874802 
1611	 0.462584137916565 
1612	 0.463566839694977 
1613	 0.464563339948654 
1614	 0.465463876724243 
1615	 0.466424614191055 
1616	 0.46723398566246 
1617	 0.467938005924225 
1618	 0.468841314315796 
1619	 0.469708532094955 
1620	 0.470589876174927 
1621	 0.47152578830719 
1622	 0.472262561321259 
1623	 0.472970724105835 
1624	 0.473758518695831 
1625	 0.474592536687851 
1626	 0.475459486246109 
1627	 0.476283937692642 
1628	 0.477028399705887 
1629	 0.477759450674057 
1630	 0.478509724140167 
1631	 0.479281336069107 
1632	 0.480106323957443 
1633	 0.480851173400879 
1634	 0.481643170118332 
1635	 0.482484102249146 
1636	 0.483179867267609 
1637	 0.483970254659653 
1638	 0.484774470329285 
1639	 0.485437244176865 
1640	 0.48619145154953 
1641	 0.48689267039299 
1642	 0.487526714801788 
1643	 0.488300830125809 
1644	 0.4890978038311 
1645	 0.489782840013504 
1646	 0.49044269323349 
1647	 0.491233944892883 
1648	 0.492080241441727 
1649	 0.492833405733109 
1650	 0.49348172545433 
1651	 0.49399521946907 
1652	 0.494507014751434 
1653	 0.495267659425735 
1654	 0.496124029159546 
1655	 0.496758878231049 
1656	 0.497246205806732 
1657	 0.497689872980118 
1658	 0.498110473155975 
1659	 0.4988654255867 
1660	 0.499689787626266 
1661	 0.500230193138123 
1662	 0.500778555870056 
1663	 0.50128298997879 
1664	 0.501641094684601 
1665	 0.502093017101288 
1666	 0.502658367156982 
1667	 0.503189384937286 
1668	 0.503763198852539 
1669	 0.504386842250824 
1670	 0.504879772663116 
1671	 0.505277752876282 
1672	 0.505723178386688 
1673	 0.506161391735077 
1674	 0.506576478481293 
1675	 0.50703901052475 
1676	 0.507610142230988 
1677	 0.508115649223328 
1678	 0.508625507354736 
1679	 0.509139776229858 
1680	 0.509570717811584 
1681	 0.5100177526474 
1682	 0.510434985160828 
1683	 0.510966420173645 
1684	 0.511660695075989 
1685	 0.512138068675995 
1686	 0.512538194656372 
1687	 0.512982070446014 
1688	 0.513307273387909 
1689	 0.513657689094543 
1690	 0.514106869697571 
1691	 0.514513075351715 
1692	 0.514813303947449 
1693	 0.51518589258194 
1694	 0.515660166740417 
1695	 0.516090273857117 
1696	 0.51654839515686 
1697	 0.516905426979065 
1698	 0.517155766487122 
1699	 0.517514586448669 
1700	 0.517824709415436 
1701	 0.5181725025177 
1702	 0.518664002418518 
1703	 0.519061088562012 
1704	 0.519388973712921 
1705	 0.519768953323364 
1706	 0.520195066928864 
1707	 0.520509302616119 
1708	 0.520781397819519 
1709	 0.521041035652161 
1710	 0.521214246749878 
1711	 0.52140736579895 
1712	 0.521669864654541 
1713	 0.521799623966217 
1714	 0.521784663200378 
1715	 0.521986544132233 
1716	 0.522309899330139 
1717	 0.522404193878174 
1718	 0.522485911846161 
1719	 0.522618591785431 
1720	 0.522567212581635 
1721	 0.522691667079926 
1722	 0.523101091384888 
1723	 0.523203134536743 
1724	 0.523070394992828 
1725	 0.523210763931274 
1726	 0.523413777351379 
1727	 0.523565173149109 
1728	 0.523841619491577 
1729	 0.524010956287384 
1730	 0.524073541164398 
1731	 0.52409702539444 
1732	 0.524201154708862 
1733	 0.524282097816467 
1734	 0.524309933185577 
1735	 0.524470865726471 
1736	 0.524570643901825 
1737	 0.524529933929443 
1738	 0.524578154087067 
1739	 0.52473109960556 
1740	 0.524771869182587 
1741	 0.524743735790253 
1742	 0.524785578250885 
1743	 0.524813950061798 
1744	 0.524827241897583 
1745	 0.524918854236603 
1746	 0.524952948093414 
1747	 0.524845540523529 
1748	 0.524843513965607 
1749	 0.524860084056854 
1750	 0.52494889497757 
1751	 0.525216817855835 
1752	 0.525329828262329 
1753	 0.525417983531952 
1754	 0.525463938713074 
1755	 0.525394260883331 
1756	 0.525332689285278 
1757	 0.525255143642426 
1758	 0.525198578834534 
1759	 0.525104522705078 
1760	 0.525034368038177 
1761	 0.524993002414703 
1762	 0.524989187717438 
1763	 0.524977684020996 
1764	 0.52503114938736 
1765	 0.525219738483429 
1766	 0.525191068649292 
1767	 0.525065541267395 
1768	 0.525002479553223 
1769	 0.524832308292389 
1770	 0.524814784526825 
1771	 0.524908244609833 
1772	 0.52494889497757 
1773	 0.525000512599945 
1774	 0.525075197219849 
1775	 0.525205910205841 
1776	 0.525155305862427 
1777	 0.525138020515442 
1778	 0.525104522705078 
1779	 0.525030672550201 
1780	 0.525193870067596 
1781	 0.525222599506378 
1782	 0.525187611579895 
1783	 0.525137305259705 
1784	 0.524994313716888 
1785	 0.524919807910919 
1786	 0.524836540222168 
1787	 0.5248082280159 
1788	 0.524878025054932 
1789	 0.524840891361237 
1790	 0.524778485298157 
1791	 0.52471649646759 
1792	 0.524588823318481 
1793	 0.524488091468811 
1794	 0.524408519268036 
1795	 0.524347722530365 
1796	 0.524261236190796 
1797	 0.524169504642487 
1798	 0.524142026901245 
1799	 0.524033010005951 
1800	 0.523817420005798 
1801	 0.523714482784271 
1802	 0.523654162883759 
1803	 0.523473918437958 
1804	 0.523282408714294 
1805	 0.523047924041748 
1806	 0.522943139076233 
1807	 0.522777497768402 
1808	 0.52275687456131 
1809	 0.522901952266693 
1810	 0.522822737693787 
1811	 0.522707402706146 
1812	 0.522631406784058 
1813	 0.522440493106842 
1814	 0.522247612476349 
1815	 0.522364139556885 
1816	 0.522470891475677 
1817	 0.522420823574066 
1818	 0.522438406944275 
1819	 0.522386968135834 
1820	 0.522464573383331 
1821	 0.522684037685394 
1822	 0.522788643836975 
1823	 0.522934675216675 
1824	 0.522974908351898 
1825	 0.522861242294312 
1826	 0.522866010665894 
1827	 0.522942900657654 
1828	 0.522935569286346 
1829	 0.522923350334167 
1830	 0.522750794887543 
1831	 0.523132503032684 
1832	 0.523084998130798 
1833	 0.5229771733284 
1834	 0.522781789302826 
1835	 0.522442162036896 
1836	 0.522206485271454 
1837	 0.521939277648926 
1838	 0.521746456623077 
1839	 0.521577954292297 
1840	 0.521287500858307 
1841	 0.520982801914215 
1842	 0.520718097686768 
1843	 0.520427048206329 
1844	 0.52014297246933 
1845	 0.519892275333405 
1846	 0.51975804567337 
1847	 0.51938658952713 
1848	 0.518882691860199 
1849	 0.518536925315857 
1850	 0.518090605735779 
1851	 0.517640650272369 
1852	 0.517396807670593 
1853	 0.517048716545105 
1854	 0.516596078872681 
1855	 0.515978455543518 
1856	 0.515532195568085 
1857	 0.515077888965607 
1858	 0.514564096927643 
1859	 0.514298141002655 
1860	 0.514328479766846 
1861	 0.513887524604797 
1862	 0.513252675533295 
1863	 0.512904465198517 
1864	 0.512533664703369 
1865	 0.511967122554779 
1866	 0.511419057846069 
1867	 0.511238753795624 
1868	 0.510485529899597 
1869	 0.509474098682404 
1870	 0.508863210678101 
1871	 0.508103370666504 
1872	 0.507348001003265 
1873	 0.506905019283295 
1874	 0.506103157997131 
1875	 0.504983305931091 
1876	 0.504011690616608 
1877	 0.503071546554565 
1878	 0.501920938491821 
1879	 0.500655889511108 
1880	 0.499585896730423 
1881	 0.498218655586243 
1882	 0.496507167816162 
1883	 0.494997531175613 
1884	 0.493715047836304 
1885	 0.492233157157898 
1886	 0.490693926811218 
1887	 0.489234626293182 
1888	 0.48756331205368 
1889	 0.485480576753616 
1890	 0.48373731970787 
1891	 0.48199138045311 
1892	 0.479942888021469 
1893	 0.477998375892639 
1894	 0.4758320748806 
1895	 0.473254978656769 
1896	 0.470978021621704 
1897	 0.46880978345871 
1898	 0.466826736927032 
1899	 0.464557230472565 
1900	 0.462099343538284 
1901	 0.459444046020508 
1902	 0.456677049398422 
1903	 0.45416647195816 
1904	 0.45187696814537 
1905	 0.449449390172958 
1906	 0.447081357240677 
1907	 0.444885671138763 
1908	 0.442690640687943 
1909	 0.440633952617645 
1910	 0.438821583986282 
1911	 0.436842322349548 
1912	 0.434973567724228 
1913	 0.433279007673264 
1914	 0.431506752967834 
1915	 0.430099606513977 
1916	 0.428743958473206 
1917	 0.427371561527252 
1918	 0.42624706029892 
1919	 0.425491094589233 
1920	 0.424607127904892 
1921	 0.423653244972229 
1922	 0.422884613275528 
1923	 0.421860426664352 
1924	 0.420940667390823 
1925	 0.420491069555283 
1926	 0.419958412647247 
1927	 0.419368952512741 
1928	 0.41905489563942 
1929	 0.418680816888809 
1930	 0.418229579925537 
1931	 0.417697131633759 
1932	 0.417401850223541 
1933	 0.41721698641777 
1934	 0.416801005601883 
1935	 0.416253238916397 
1936	 0.415912568569183 
1937	 0.415383219718933 
1938	 0.414895504713058 
1939	 0.414907395839691 
1940	 0.414846271276474 
1941	 0.41487592458725 
1942	 0.414840072393417 
1943	 0.414789110422134 
1944	 0.414532661437988 
1945	 0.414208799600601 
1946	 0.413843393325806 
1947	 0.413659781217575 
1948	 0.413526833057404 
1949	 0.413282215595245 
1950	 0.413085877895355 
1951	 0.412833631038666 
1952	 0.412621408700943 
1953	 0.412401646375656 
1954	 0.412161827087402 
1955	 0.411791324615479 
1956	 0.411630481481552 
1957	 0.411464631557465 
1958	 0.411081224679947 
1959	 0.410866379737854 
1960	 0.410811424255371 
1961	 0.410654425621033 
1962	 0.410519778728485 
1963	 0.410487025976181 
1964	 0.410286337137222 
1965	 0.410028606653214 
1966	 0.409578621387482 
1967	 0.40934681892395 
1968	 0.409098207950592 
1969	 0.408659964799881 
1970	 0.408440113067627 
1971	 0.408531844615936 
1972	 0.40851828455925 
1973	 0.408580929040909 
1974	 0.408750295639038 
1975	 0.408591240644455 
1976	 0.408523827791214 
1977	 0.408406257629395 
1978	 0.408672660589218 
1979	 0.408851981163025 
1980	 0.408850938081741 
1981	 0.409041702747345 
1982	 0.409239888191223 
1983	 0.409201622009277 
1984	 0.409290254116058 
1985	 0.409592121839523 
1986	 0.409719556570053 
1987	 0.409805715084076 
1988	 0.410273551940918 
1989	 0.410675585269928 
1990	 0.411171019077301 
1991	 0.411266028881073 
1992	 0.411488473415375 
1993	 0.412003070116043 
1994	 0.412280172109604 
1995	 0.412889182567596 
1996	 0.413566380739212 
1997	 0.413776069879532 
1998	 0.414201319217682 
1999	 0.414753526449203 
2000	 0.415208220481873 
2001	 0.415811032056808 
2002	 0.416324198246002 
2003	 0.416739910840988 
2004	 0.416948884725571 
2005	 0.417498886585236 
2006	 0.418063342571259 
2007	 0.41801643371582 
2008	 0.418145447969437 
2009	 0.41864687204361 
2010	 0.419065237045288 
2011	 0.419568240642548 
2012	 0.420313388109207 
2013	 0.420937210321426 
2014	 0.420966148376465 
2015	 0.421211987733841 
2016	 0.421830892562866 
2017	 0.422048807144165 
2018	 0.421908557415009 
2019	 0.421837210655212 
2020	 0.422162473201752 
2021	 0.42220401763916 
2022	 0.422304093837738 
2023	 0.422668278217316 
2024	 0.422847867012024 
2025	 0.423051297664642 
2026	 0.423528134822845 
2027	 0.423989981412888 
2028	 0.424300700426102 
2029	 0.424428462982178 
2030	 0.424761861562729 
2031	 0.424989581108093 
2032	 0.425389289855957 
2033	 0.426169604063034 
2034	 0.426745742559433 
2035	 0.427241742610931 
2036	 0.427951991558075 
2037	 0.428269296884537 
2038	 0.428685784339905 
2039	 0.429348111152649 
2040	 0.429818689823151 
2041	 0.43059229850769 
2042	 0.431537926197052 
2043	 0.43224510550499 
2044	 0.432680189609528 
2045	 0.433376789093018 
2046	 0.434064239263535 
2047	 0.434884071350098 
2048	 0.4358891248703 
2049	 0.436936140060425 
2050	 0.438011229038239 
2051	 0.438781827688217 
2052	 0.439414083957672 
2053	 0.440207272768021 
2054	 0.440858066082001 
2055	 0.441510945558548 
2056	 0.442214637994766 
2057	 0.442897200584412 
2058	 0.443379789590836 
2059	 0.443462282419205 
2060	 0.443909466266632 
2061	 0.444437772035599 
2062	 0.444981753826141 
2063	 0.445482790470123 
2064	 0.445921897888184 
2065	 0.445976048707962 
2066	 0.445828706026077 
2067	 0.445863872766495 
2068	 0.446215778589249 
2069	 0.446097522974014 
2070	 0.445793449878693 
2071	 0.445642590522766 
2072	 0.445015698671341 
2073	 0.444654881954193 
2074	 0.444735080003738 
2075	 0.444445818662643 
2076	 0.443908333778381 
2077	 0.443476408720016 
2078	 0.443240344524384 
2079	 0.442779570817947 
2080	 0.442242175340652 
2081	 0.441718637943268 
2082	 0.441013932228088 
2083	 0.440143793821335 
2084	 0.43936562538147 
2085	 0.438949316740036 
2086	 0.438477545976639 
2087	 0.437756597995758 
2088	 0.437231779098511 
2089	 0.436779886484146 
2090	 0.436291009187698 
2091	 0.435844779014587 
2092	 0.43535777926445 
2093	 0.434800356626511 
2094	 0.434384971857071 
2095	 0.433971166610718 
2096	 0.433855265378952 
2097	 0.434014588594437 
2098	 0.433866232633591 
2099	 0.433433592319489 
2100	 0.433022975921631 
2101	 0.432414263486862 
2102	 0.431740194559097 
2103	 0.431338578462601 
2104	 0.430990785360336 
2105	 0.430569738149643 
2106	 0.430282324552536 
2107	 0.429853200912476 
2108	 0.429159104824066 
2109	 0.428837031126022 
2110	 0.428655833005905 
2111	 0.428524255752563 
2112	 0.428405791521072 
2113	 0.428519397974014 
2114	 0.428829789161682 
2115	 0.429144322872162 
2116	 0.429474413394928 
2117	 0.429648458957672 
2118	 0.429614961147308 
2119	 0.429423063993454 
2120	 0.429617017507553 
2121	 0.430104315280914 
2122	 0.430052518844604 
2123	 0.4298095703125 
2124	 0.429534077644348 
2125	 0.42892998456955 
2126	 0.42829841375351 
2127	 0.427490592002869 
2128	 0.427023649215698 
2129	 0.426475554704666 
2130	 0.426174253225327 
2131	 0.42640095949173 
2132	 0.426757454872131 
2133	 0.427088111639023 
2134	 0.427413910627365 
2135	 0.427890419960022 
2136	 0.428772658109665 
2137	 0.429635375738144 
2138	 0.43066880106926 
2139	 0.431886315345764 
2140	 0.432989239692688 
2141	 0.43398529291153 
2142	 0.435015678405762 
2143	 0.435992926359177 
2144	 0.436825662851334 
2145	 0.43765851855278 
2146	 0.438576489686966 
2147	 0.439401417970657 
2148	 0.440059274435043 
2149	 0.440741389989853 
2150	 0.441455036401749 
2151	 0.442292302846909 
2152	 0.443141341209412 
2153	 0.443431854248047 
2154	 0.443643420934677 
2155	 0.444196045398712 
2156	 0.444554656744003 
2157	 0.44464448094368 
2158	 0.4449343085289 
2159	 0.445304691791534 
2160	 0.445659726858139 
2161	 0.446374148130417 
2162	 0.446751713752747 
2163	 0.447047650814056 
2164	 0.447073996067047 
2165	 0.446634322404861 
2166	 0.44647940993309 
2167	 0.446357905864716 
2168	 0.446289300918579 
2169	 0.44623014330864 
2170	 0.446329236030579 
2171	 0.446558773517609 
2172	 0.446473330259323 
2173	 0.446348398923874 
2174	 0.446226716041565 
2175	 0.445773333311081 
2176	 0.445660829544067 
2177	 0.446029186248779 
2178	 0.446283757686615 
2179	 0.446232885122299 
2180	 0.445979684591293 
2181	 0.445699691772461 
2182	 0.445350617170334 
2183	 0.44497686624527 
2184	 0.444894373416901 
2185	 0.444618493318558 
2186	 0.443929702043533 
2187	 0.443624436855316 
2188	 0.443732500076294 
2189	 0.443438112735748 
2190	 0.443076580762863 
2191	 0.442655950784683 
2192	 0.442158848047256 
2193	 0.441278010606766 
2194	 0.440425753593445 
2195	 0.440059006214142 
2196	 0.439811557531357 
2197	 0.439520865678787 
2198	 0.439242362976074 
2199	 0.438756108283997 
2200	 0.438038438558578 
2201	 0.437097907066345 
2202	 0.436111092567444 
2203	 0.435451060533524 
2204	 0.435138463973999 
2205	 0.434799045324326 
2206	 0.434585779905319 
2207	 0.434644192457199 
2208	 0.434065133333206 
2209	 0.433340013027191 
2210	 0.432673662900925 
2211	 0.431931734085083 
2212	 0.430954843759537 
2213	 0.430033296346664 
2214	 0.429097056388855 
2215	 0.428167134523392 
2216	 0.426989525556564 
2217	 0.425843298435211 
2218	 0.424019813537598 
2219	 0.422262370586395 
2220	 0.42073929309845 
2221	 0.419256776571274 
2222	 0.417821049690247 
2223	 0.416038781404495 
2224	 0.414305329322815 
2225	 0.412453830242157 
2226	 0.410297602415085 
2227	 0.408335834741592 
2228	 0.406211078166962 
2229	 0.403863549232483 
2230	 0.40143346786499 
2231	 0.398710995912552 
2232	 0.395846426486969 
2233	 0.39320296049118 
2234	 0.390861570835114 
2235	 0.388223052024841 
2236	 0.385374575853348 
2237	 0.38304814696312 
2238	 0.380828201770782 
2239	 0.378608793020248 
2240	 0.37688821554184 
2241	 0.375154852867126 
2242	 0.372959434986115 
2243	 0.371435612440109 
2244	 0.370714843273163 
2245	 0.369332492351532 
2246	 0.367712646722794 
2247	 0.366692095994949 
2248	 0.365577787160873 
2249	 0.364599466323853 
2250	 0.364108711481094 
2251	 0.363318145275116 
2252	 0.362263888120651 
2253	 0.361151576042175 
2254	 0.360205322504044 
2255	 0.359146773815155 
2256	 0.357660442590714 
2257	 0.355876475572586 
2258	 0.353531837463379 
2259	 0.351040601730347 
2260	 0.348644196987152 
2261	 0.346046984195709 
2262	 0.343480795621872 
2263	 0.340718805789948 
2264	 0.337674617767334 
2265	 0.334684818983078 
2266	 0.331723749637604 
2267	 0.328920066356659 
2268	 0.326462119817734 
2269	 0.324371695518494 
2270	 0.323216319084167 
2271	 0.322307199239731 
2272	 0.321268737316132 
2273	 0.320569217205048 
2274	 0.319860100746155 
2275	 0.31886151432991 
2276	 0.318342566490173 
2277	 0.318042397499084 
2278	 0.317870140075684 
2279	 0.318223029375076 
2280	 0.317995578050613 
2281	 0.317639887332916 
2282	 0.317533820867538 
2283	 0.316569775342941 
2284	 0.315429359674454 
2285	 0.314931929111481 
2286	 0.313963502645493 
2287	 0.313063383102417 
2288	 0.312330514192581 
2289	 0.311213135719299 
2290	 0.310188323259354 
2291	 0.309200286865234 
2292	 0.308345675468445 
2293	 0.307560324668884 
2294	 0.306660979986191 
2295	 0.305598616600037 
2296	 0.304550319910049 
2297	 0.30341362953186 
2298	 0.301931530237198 
2299	 0.300504326820374 
2300	 0.298883140087128 
2301	 0.296716392040253 
2302	 0.294735491275787 
2303	 0.29314649105072 
2304	 0.291343480348587 
2305	 0.289703994989395 
2306	 0.287915647029877 
2307	 0.285394936800003 
2308	 0.283043712377548 
2309	 0.281025171279907 
2310	 0.278936475515366 
2311	 0.276808977127075 
2312	 0.274946421384811 
2313	 0.27293786406517 
2314	 0.270774602890015 
2315	 0.269114017486572 
2316	 0.267062097787857 
2317	 0.26496633887291 
2318	 0.263363927602768 
2319	 0.26175582408905 
2320	 0.26060876250267 
2321	 0.259718596935272 
2322	 0.259070992469788 
2323	 0.258204847574234 
2324	 0.25688561797142 
2325	 0.256291836500168 
2326	 0.256184607744217 
2327	 0.255932211875916 
2328	 0.256026953458786 
2329	 0.256433635950089 
2330	 0.256978094577789 
2331	 0.257285684347153 
2332	 0.257928729057312 
2333	 0.258819669485092 
2334	 0.259262830018997 
2335	 0.259630531072617 
2336	 0.261017650365829 
2337	 0.263136506080627 
2338	 0.265902698040009 
2339	 0.268546342849731 
2340	 0.2707659304142 
2341	 0.273622035980225 
2342	 0.275988608598709 
2343	 0.278692483901978 
2344	 0.282556504011154 
2345	 0.286128789186478 
2346	 0.289942234754562 
2347	 0.293737143278122 
2348	 0.295772403478622 
2349	 0.296947211027145 
2350	 0.298762023448944 
2351	 0.300516039133072 
2352	 0.302683025598526 
2353	 0.30527526140213 
2354	 0.307256251573563 
2355	 0.308649331331253 
2356	 0.309708267450333 
2357	 0.310315400362015 
2358	 0.310335040092468 
2359	 0.310484051704407 
2360	 0.310347199440002 
2361	 0.30937135219574 
2362	 0.308470755815506 
2363	 0.307378172874451 
2364	 0.306045144796371 
2365	 0.305292665958405 
2366	 0.304685533046722 
2367	 0.303172737360001 
2368	 0.301012277603149 
2369	 0.299950271844864 
2370	 0.29878693819046 
2371	 0.297354221343994 
2372	 0.298039585351944 
2373	 0.298405021429062 
2374	 0.297856152057648 
2375	 0.298167169094086 
2376	 0.297668308019638 
2377	 0.296637296676636 
2378	 0.296185731887817 
2379	 0.295700997114182 
2380	 0.294988214969635 
2381	 0.293851286172867 
2382	 0.292985439300537 
2383	 0.292951673269272 
2384	 0.292860299348831 
2385	 0.292803734540939 
2386	 0.293434053659439 
2387	 0.293288439512253 
2388	 0.292058229446411 
2389	 0.29086822271347 
2390	 0.289062678813934 
2391	 0.288102090358734 
2392	 0.289069682359695 
2393	 0.289525419473648 
2394	 0.289405435323715 
2395	 0.289172559976578 
2396	 0.287463992834091 
2397	 0.286832213401794 
2398	 0.287633210420609 
2399	 0.286924540996552 
2400	 0.287073314189911 
2401	 0.287795931100845 
2402	 0.287326902151108 
2403	 0.287068724632263 
2404	 0.286472827196121 
2405	 0.285334914922714 
2406	 0.28538790345192 
2407	 0.286347925662994 
2408	 0.286402106285095 
2409	 0.286442458629608 
2410	 0.28593698143959 
2411	 0.285377651453018 
2412	 0.285247445106506 
2413	 0.284830659627914 
2414	 0.28561195731163 
2415	 0.284968048334122 
2416	 0.283939808607101 
2417	 0.284226357936859 
2418	 0.282560557126999 
2419	 0.281922906637192 
2420	 0.283070623874664 
2421	 0.282074689865112 
2422	 0.281666368246078 
2423	 0.282411992549896 
2424	 0.281804829835892 
2425	 0.281935006380081 
2426	 0.281912982463837 
2427	 0.279778033494949 
2428	 0.27667498588562 
2429	 0.274782061576843 
2430	 0.274118483066559 
2431	 0.273568212985992 
2432	 0.274852126836777 
2433	 0.274953871965408 
2434	 0.272437334060669 
2435	 0.271462768316269 
2436	 0.270802468061447 
2437	 0.26980659365654 
2438	 0.271014451980591 
2439	 0.272103279829025 
2440	 0.271327137947083 
2441	 0.271249055862427 
2442	 0.271274358034134 
2443	 0.27112752199173 
2444	 0.272489160299301 
2445	 0.273947507143021 
2446	 0.275609225034714 
2447	 0.277216345071793 
2448	 0.277625232934952 
2449	 0.279101639986038 
2450	 0.28084060549736 
2451	 0.281635075807571 
2452	 0.281152904033661 
2453	 0.279518902301788 
2454	 0.27888011932373 
2455	 0.278885394334793 
2456	 0.280462980270386 
2457	 0.281815022230148 
2458	 0.279301106929779 
2459	 0.275010764598846 
2460	 0.272618889808655 
2461	 0.270095616579056 
2462	 0.269131898880005 
2463	 0.269176781177521 
2464	 0.269328564405441 
2465	 0.271398961544037 
2466	 0.271365523338318 
2467	 0.271254867315292 
2468	 0.270516157150269 
2469	 0.266646265983582 
2470	 0.265377253293991 
2471	 0.266541689634323 
2472	 0.265059590339661 
2473	 0.262989640235901 
2474	 0.262629926204681 
2475	 0.261120527982712 
2476	 0.259133815765381 
2477	 0.259430557489395 
2478	 0.255480736494064 
2479	 0.251632690429688 
2480	 0.254238456487656 
2481	 0.255192339420319 
2482	 0.254468977451324 
2483	 0.256484627723694 
2484	 0.25479257106781 
2485	 0.252417117357254 
2486	 0.252145290374756 
2487	 0.252086937427521 
2488	 0.253827691078186 
2489	 0.255032181739807 
2490	 0.255146712064743 
2491	 0.256606072187424 
2492	 0.256954252719879 
2493	 0.256295770406723 
2494	 0.256399124860764 
2495	 0.2521932721138 
2496	 0.247171014547348 
2497	 0.244600713253021 
2498	 0.240248307585716 
2499	 0.243546158075333 
2500	 0.249553069472313 
