350	 0.107511445879936 
351	 0.106950171291828 
352	 0.112168326973915 
353	 0.112511470913887 
354	 0.104198180139065 
355	 0.107090830802917 
356	 0.108737610280514 
357	 0.107153348624706 
358	 0.104887127876282 
359	 0.105688847601414 
360	 0.107245080173016 
361	 0.108623340725899 
362	 0.110138975083828 
363	 0.108185768127441 
364	 0.106339626014233 
365	 0.106541022658348 
366	 0.106021620333195 
367	 0.107046149671078 
368	 0.108127318322659 
369	 0.107790887355804 
370	 0.108865089714527 
371	 0.108571760356426 
372	 0.107031188905239 
373	 0.10627268999815 
374	 0.1067725867033 
375	 0.107284843921661 
376	 0.107132866978645 
377	 0.106679484248161 
378	 0.108572505414486 
379	 0.110143318772316 
380	 0.109201967716217 
381	 0.108977824449539 
382	 0.108624964952469 
383	 0.108342528343201 
384	 0.10863983631134 
385	 0.10848680883646 
386	 0.108385905623436 
387	 0.108763106167316 
388	 0.109749011695385 
389	 0.108507059514523 
390	 0.106900528073311 
391	 0.106847666203976 
392	 0.107893578708172 
393	 0.108759626746178 
394	 0.108693473041058 
395	 0.107747375965118 
396	 0.108772821724415 
397	 0.109770908951759 
398	 0.109669893980026 
399	 0.108763322234154 
400	 0.109136246144772 
401	 0.109737686812878 
402	 0.109517097473145 
403	 0.108750738203526 
404	 0.109118357300758 
405	 0.109724402427673 
406	 0.109167851507664 
407	 0.109464876353741 
408	 0.109449371695518 
409	 0.109193257987499 
410	 0.110011026263237 
411	 0.109725825488567 
412	 0.109472274780273 
413	 0.110130839049816 
414	 0.110739141702652 
415	 0.110639862716198 
416	 0.110384188592434 
417	 0.110779441893101 
418	 0.11107049882412 
419	 0.111218340694904 
420	 0.11126883327961 
421	 0.111305952072144 
422	 0.111256577074528 
423	 0.111598126590252 
424	 0.112450413405895 
425	 0.112949095666409 
426	 0.112977959215641 
427	 0.112724304199219 
428	 0.112567625939846 
429	 0.113099366426468 
430	 0.113369323313236 
431	 0.113197326660156 
432	 0.113336153328419 
433	 0.113696306943893 
434	 0.113997600972652 
435	 0.114077679812908 
436	 0.114188149571419 
437	 0.114375524222851 
438	 0.11460342258215 
439	 0.114805869758129 
440	 0.115085959434509 
441	 0.115236349403858 
442	 0.115299642086029 
443	 0.115681819617748 
444	 0.116061970591545 
445	 0.11620207875967 
446	 0.116135761141777 
447	 0.116821981966496 
448	 0.117126010358334 
449	 0.117047443985939 
450	 0.117350041866302 
451	 0.117667064070702 
452	 0.117861345410347 
453	 0.117948979139328 
454	 0.118167012929916 
455	 0.118406519293785 
456	 0.118643626570702 
457	 0.118868827819824 
458	 0.119025938212872 
459	 0.119319655001163 
460	 0.119650825858116 
461	 0.119665049016476 
462	 0.11991760879755 
463	 0.120260886847973 
464	 0.120508722960949 
465	 0.120714381337166 
466	 0.120997749269009 
467	 0.1212043389678 
468	 0.121165931224823 
469	 0.121570184826851 
470	 0.12201901525259 
471	 0.122238337993622 
472	 0.122244499623775 
473	 0.122429370880127 
474	 0.122718386352062 
475	 0.122959919273853 
476	 0.123223192989826 
477	 0.123416170477867 
478	 0.12354838848114 
479	 0.12370029091835 
480	 0.123889312148094 
481	 0.124164402484894 
482	 0.124458074569702 
483	 0.124463967978954 
484	 0.124530084431171 
485	 0.124786153435707 
486	 0.125199899077415 
487	 0.125317096710205 
488	 0.125247418880463 
489	 0.125252798199654 
490	 0.125676274299622 
491	 0.125958502292633 
492	 0.126064360141754 
493	 0.126141116023064 
494	 0.126558065414429 
495	 0.126742675900459 
496	 0.126703768968582 
497	 0.126745373010635 
498	 0.126847147941589 
499	 0.127003133296967 
500	 0.127231895923615 
501	 0.127613246440887 
502	 0.127705112099648 
503	 0.127733945846558 
504	 0.127991452813148 
505	 0.128133341670036 
506	 0.128253355622292 
507	 0.128353551030159 
508	 0.128359347581863 
509	 0.128485843539238 
510	 0.128711551427841 
511	 0.128963887691498 
512	 0.129176303744316 
513	 0.129104912281036 
514	 0.129007995128632 
515	 0.129286780953407 
516	 0.129611924290657 
517	 0.129735305905342 
518	 0.129690110683441 
519	 0.129856035113335 
520	 0.130002722144127 
521	 0.130154579877853 
522	 0.130330100655556 
523	 0.130282387137413 
524	 0.130356386303902 
525	 0.130591481924057 
526	 0.130785077810287 
527	 0.130942806601524 
528	 0.131064623594284 
529	 0.131148979067802 
530	 0.131151363253593 
531	 0.131372660398483 
532	 0.131588265299797 
533	 0.131477549672127 
534	 0.131668269634247 
535	 0.131891295313835 
536	 0.13200818002224 
537	 0.132137969136238 
538	 0.132303178310394 
539	 0.132411569356918 
540	 0.132423222064972 
541	 0.132616817951202 
542	 0.132746279239655 
543	 0.13279002904892 
544	 0.132893308997154 
545	 0.132997751235962 
546	 0.133130803704262 
547	 0.133279114961624 
548	 0.133290618658066 
549	 0.133364289999008 
550	 0.133527398109436 
551	 0.133715510368347 
552	 0.133800029754639 
553	 0.133870333433151 
554	 0.133975759148598 
555	 0.134089887142181 
556	 0.134208813309669 
557	 0.134361252188683 
558	 0.134550526738167 
559	 0.134647652506828 
560	 0.134724199771881 
561	 0.134873524308205 
562	 0.135176807641983 
563	 0.135299369692802 
564	 0.135333359241486 
565	 0.135389447212219 
566	 0.13544262945652 
567	 0.13554547727108 
568	 0.135639220476151 
569	 0.135649472475052 
570	 0.135765016078949 
571	 0.135881930589676 
572	 0.135975033044815 
573	 0.136163294315338 
574	 0.13635016977787 
575	 0.136517152190208 
576	 0.136654525995255 
577	 0.136692449450493 
578	 0.136748030781746 
579	 0.136821553111076 
580	 0.136821314692497 
581	 0.136864587664604 
582	 0.136893510818481 
583	 0.136892586946487 
584	 0.137018337845802 
585	 0.137215450406075 
586	 0.137493371963501 
587	 0.137879446148872 
588	 0.138352185487747 
589	 0.138701379299164 
590	 0.138834327459335 
591	 0.138842105865479 
592	 0.138722315430641 
593	 0.138488695025444 
594	 0.138187289237976 
595	 0.137936264276505 
596	 0.137817233800888 
597	 0.137881681323051 
598	 0.138137668371201 
599	 0.138402357697487 
600	 0.138702109456062 
601	 0.13905693590641 
602	 0.139381527900696 
603	 0.139566212892532 
604	 0.139629021286964 
605	 0.13964207470417 
606	 0.13958428800106 
607	 0.139462187886238 
608	 0.139341682195663 
609	 0.139369919896126 
610	 0.139466091990471 
611	 0.139593407511711 
612	 0.139729723334312 
613	 0.139874428510666 
614	 0.140067562460899 
615	 0.140291318297386 
616	 0.140488564968109 
617	 0.140624850988388 
618	 0.140765219926834 
619	 0.140943914651871 
620	 0.141098827123642 
621	 0.141201257705688 
622	 0.141285300254822 
623	 0.141414076089859 
624	 0.14160643517971 
625	 0.141696929931641 
626	 0.141719534993172 
627	 0.141952335834503 
628	 0.142139285802841 
629	 0.142239794135094 
630	 0.142289891839027 
631	 0.142389997839928 
632	 0.142540603876114 
633	 0.142662271857262 
634	 0.142651289701462 
635	 0.142765775322914 
636	 0.142941012978554 
637	 0.143092587590218 
638	 0.143186271190643 
639	 0.14324714243412 
640	 0.143312454223633 
641	 0.143407881259918 
642	 0.143463253974915 
643	 0.143506303429604 
644	 0.143590554594994 
645	 0.143778249621391 
646	 0.143807455897331 
647	 0.143803030252457 
648	 0.143905401229858 
649	 0.144066736102104 
650	 0.144149839878082 
651	 0.144189596176147 
652	 0.144298866391182 
653	 0.144399896264076 
654	 0.14447782933712 
655	 0.144534200429916 
656	 0.144597694277763 
657	 0.144663363695145 
658	 0.144748568534851 
659	 0.144862800836563 
660	 0.144968509674072 
661	 0.145061582326889 
662	 0.145141288638115 
663	 0.145211309194565 
664	 0.145325779914856 
665	 0.14543516933918 
666	 0.145499810576439 
667	 0.14554338157177 
668	 0.145602107048035 
669	 0.145721718668938 
670	 0.145908683538437 
671	 0.145944908261299 
672	 0.145979985594749 
673	 0.146075129508972 
674	 0.146172106266022 
675	 0.146217077970505 
676	 0.14629627764225 
677	 0.146478354930878 
678	 0.146695762872696 
679	 0.146811112761497 
680	 0.146835312247276 
681	 0.146872997283936 
682	 0.147084042429924 
683	 0.147241860628128 
684	 0.147265568375587 
685	 0.147332653403282 
686	 0.147409662604332 
687	 0.147522762417793 
688	 0.147677034139633 
689	 0.147803708910942 
690	 0.147876143455505 
691	 0.147942781448364 
692	 0.148082748055458 
693	 0.148195803165436 
694	 0.14828035235405 
695	 0.148350447416306 
696	 0.148429453372955 
697	 0.148579984903336 
698	 0.148753777146339 
699	 0.148874312639236 
700	 0.148933172225952 
701	 0.149039894342422 
702	 0.149168461561203 
703	 0.149186015129089 
704	 0.149148404598236 
705	 0.149213090538979 
706	 0.149391755461693 
707	 0.149375334382057 
708	 0.149500280618668 
709	 0.149655446410179 
710	 0.14965258538723 
711	 0.14975106716156 
712	 0.149871900677681 
713	 0.14997099339962 
714	 0.150042444467545 
715	 0.150041595101357 
716	 0.150101736187935 
717	 0.150264993309975 
718	 0.150330781936646 
719	 0.15037477016449 
720	 0.15042482316494 
721	 0.150488555431366 
722	 0.150541499257088 
723	 0.150573328137398 
724	 0.150619342923164 
725	 0.150744304060936 
726	 0.150827288627625 
727	 0.150884106755257 
728	 0.150939449667931 
729	 0.15097439289093 
730	 0.151021674275398 
731	 0.151097893714905 
732	 0.151195347309113 
733	 0.151219919323921 
734	 0.151222705841064 
735	 0.151269108057022 
736	 0.151412427425385 
737	 0.151422366499901 
738	 0.15144582092762 
739	 0.151572436094284 
740	 0.151668176054955 
741	 0.151654794812202 
742	 0.151648551225662 
743	 0.151768401265144 
744	 0.151802465319633 
745	 0.151847243309021 
746	 0.151912078261375 
747	 0.151946201920509 
748	 0.152048781514168 
749	 0.152145847678185 
750	 0.152187451720238 
751	 0.15219347178936 
752	 0.152318358421326 
753	 0.152419686317444 
754	 0.152370363473892 
755	 0.152421727776527 
756	 0.15250138938427 
757	 0.152558505535126 
758	 0.152568563818932 
759	 0.15256156027317 
760	 0.15258814394474 
761	 0.152663603425026 
762	 0.152754202485085 
763	 0.152881041169167 
764	 0.152953699231148 
765	 0.152936711907387 
766	 0.153018191456795 
767	 0.152960434556007 
768	 0.152894914150238 
769	 0.153040736913681 
770	 0.153137192130089 
771	 0.153116568922997 
772	 0.153085812926292 
773	 0.153264626860619 
774	 0.153322547674179 
775	 0.153318956494331 
776	 0.153347164392471 
777	 0.153434783220291 
778	 0.153471574187279 
779	 0.153515100479126 
780	 0.15362673997879 
781	 0.153675094246864 
782	 0.153675079345703 
783	 0.153669133782387 
784	 0.153710722923279 
785	 0.15380522608757 
786	 0.153863593935966 
787	 0.153882712125778 
788	 0.153960630297661 
789	 0.153927743434906 
790	 0.153956547379494 
791	 0.154109835624695 
792	 0.154037490487099 
793	 0.154044508934021 
794	 0.154144510626793 
795	 0.154241725802422 
796	 0.154251053929329 
797	 0.154226928949356 
798	 0.154233708977699 
799	 0.154318183660507 
800	 0.154417037963867 
801	 0.154447183012962 
802	 0.154405727982521 
803	 0.154385402798653 
804	 0.154467925429344 
805	 0.154583036899567 
806	 0.154663115739822 
807	 0.154727652668953 
808	 0.15472948551178 
809	 0.154705405235291 
810	 0.15471225976944 
811	 0.154749095439911 
812	 0.154847517609596 
813	 0.154908031225204 
814	 0.154811471700668 
815	 0.154880106449127 
816	 0.154946401715279 
817	 0.154950141906738 
818	 0.154983684420586 
819	 0.155031800270081 
820	 0.155087605118752 
821	 0.155159547924995 
822	 0.15529927611351 
823	 0.155287072062492 
824	 0.155249059200287 
825	 0.155316218733788 
826	 0.155342862010002 
827	 0.155329927802086 
828	 0.155345648527145 
829	 0.155448868870735 
830	 0.155497252941132 
831	 0.15552493929863 
832	 0.155561208724976 
833	 0.155609637498856 
834	 0.155569434165955 
835	 0.155590116977692 
836	 0.155646428465843 
837	 0.15553879737854 
838	 0.155712246894836 
839	 0.155872911214828 
840	 0.155837446451187 
841	 0.155823111534119 
842	 0.155903995037079 
843	 0.156018301844597 
844	 0.156065568327904 
845	 0.155948966741562 
846	 0.155959904193878 
847	 0.156045913696289 
848	 0.156071022152901 
849	 0.156159818172455 
850	 0.156146392226219 
851	 0.156146392226219 
852	 0.156346648931503 
853	 0.156426221132278 
854	 0.156350985169411 
855	 0.156276166439056 
856	 0.156428679823875 
857	 0.156411960721016 
858	 0.156372398138046 
859	 0.156408086419106 
860	 0.156481847167015 
861	 0.156579151749611 
862	 0.156634345650673 
863	 0.156625583767891 
864	 0.156622484326363 
865	 0.156661346554756 
866	 0.156714022159576 
867	 0.156760409474373 
868	 0.15683026611805 
869	 0.156817346811295 
870	 0.156834304332733 
871	 0.156972452998161 
872	 0.157037109136581 
873	 0.157004803419113 
874	 0.157003566622734 
875	 0.157134667038918 
876	 0.157125920057297 
877	 0.15710324048996 
878	 0.157147988677025 
879	 0.157282873988152 
880	 0.157405942678452 
881	 0.157445058226585 
882	 0.157402217388153 
883	 0.157340452075005 
884	 0.157238155603409 
885	 0.157340973615646 
886	 0.157511621713638 
887	 0.15738083422184 
888	 0.157451003789902 
889	 0.157448455691338 
890	 0.157364815473557 
891	 0.157481580972672 
892	 0.157566085457802 
893	 0.157671928405762 
894	 0.157749518752098 
895	 0.157638296484947 
896	 0.157580196857452 
897	 0.157653987407684 
898	 0.15781033039093 
899	 0.157884165644646 
900	 0.157898873090744 
901	 0.157873511314392 
902	 0.157850801944733 
903	 0.157891049981117 
904	 0.15792141854763 
905	 0.157863095402718 
906	 0.157801151275635 
907	 0.158088967204094 
908	 0.158097803592682 
909	 0.157922625541687 
910	 0.157832339406013 
911	 0.158058971166611 
912	 0.158125773072243 
913	 0.158023178577423 
914	 0.157909572124481 
915	 0.158015564084053 
916	 0.158180847764015 
917	 0.158207103610039 
918	 0.158090904355049 
919	 0.15822522342205 
920	 0.158241242170334 
921	 0.1582051217556 
922	 0.158220142126083 
923	 0.158207610249519 
924	 0.158292219042778 
925	 0.158416554331779 
926	 0.158484935760498 
927	 0.158435359597206 
928	 0.158527731895447 
929	 0.158540338277817 
930	 0.158375054597855 
931	 0.158434569835663 
932	 0.158477887511253 
933	 0.158418998122215 
934	 0.158315554261208 
935	 0.158425033092499 
936	 0.158491626381874 
937	 0.158440977334976 
938	 0.158350095152855 
939	 0.158445224165916 
940	 0.158378124237061 
941	 0.158284083008766 
942	 0.158281818032265 
943	 0.158288612961769 
944	 0.158450856804848 
945	 0.15862663090229 
946	 0.158626273274422 
947	 0.158340349793434 
948	 0.158522054553032 
949	 0.158615455031395 
950	 0.158399865031242 
951	 0.158387646079063 
952	 0.158375039696693 
953	 0.158340632915497 
954	 0.158350914716721 
955	 0.158485099673271 
956	 0.158457159996033 
957	 0.158546298742294 
958	 0.158673569560051 
959	 0.158470273017883 
960	 0.158424824476242 
961	 0.158435076475143 
962	 0.158444374799728 
963	 0.158474445343018 
964	 0.158548220992088 
965	 0.15857358276844 
966	 0.158561587333679 
967	 0.158544659614563 
968	 0.158316016197205 
969	 0.158237084746361 
970	 0.15832231938839 
971	 0.158420547842979 
972	 0.158475086092949 
973	 0.15851041674614 
974	 0.158520877361298 
975	 0.158430010080338 
976	 0.157985508441925 
977	 0.158257469534874 
978	 0.158522069454193 
979	 0.158284991979599 
980	 0.158365726470947 
981	 0.158529698848724 
982	 0.158656567335129 
983	 0.158623456954956 
984	 0.158363521099091 
985	 0.158379286527634 
986	 0.158548057079315 
987	 0.158612459897995 
988	 0.158407673239708 
989	 0.158448100090027 
990	 0.15827864408493 
991	 0.158201426267624 
992	 0.158628359436989 
993	 0.158260077238083 
994	 0.15800367295742 
995	 0.158104196190834 
996	 0.158430755138397 
997	 0.158788815140724 
998	 0.15794825553894 
999	 0.157596915960312 
1000	 0.158466577529907 
1001	 0.158570289611816 
1002	 0.158230900764465 
1003	 0.158097594976425 
1004	 0.158082634210587 
1005	 0.158249884843826 
1006	 0.158403739333153 
1007	 0.158656656742096 
1008	 0.158665806055069 
1009	 0.158678770065308 
1010	 0.15865483880043 
1011	 0.158408135175705 
1012	 0.158406332135201 
1013	 0.15862725675106 
1014	 0.158582434058189 
1015	 0.158560708165169 
1016	 0.158409282565117 
1017	 0.158282533288002 
1018	 0.158039703965187 
1019	 0.157871916890144 
1020	 0.157786250114441 
1021	 0.157654657959938 
1022	 0.157397523522377 
1023	 0.157432049512863 
1024	 0.157587841153145 
1025	 0.157741084694862 
1026	 0.15821298956871 
1027	 0.158277541399002 
1028	 0.158015429973602 
1029	 0.158105581998825 
1030	 0.157834574580193 
1031	 0.157833233475685 
1032	 0.158126473426819 
1033	 0.158053934574127 
1034	 0.158064529299736 
1035	 0.158108323812485 
1036	 0.158029392361641 
1037	 0.157801881432533 
1038	 0.157708272337914 
1039	 0.157577499747276 
1040	 0.157539516687393 
1041	 0.157722800970078 
1042	 0.157705813646317 
1043	 0.15765069425106 
1044	 0.157475307583809 
1045	 0.157284393906593 
1046	 0.157034561038017 
1047	 0.156986817717552 
1048	 0.157119438052177 
1049	 0.157088071107864 
1050	 0.157131776213646 
1051	 0.157066985964775 
1052	 0.156787499785423 
1053	 0.156727150082588 
1054	 0.156736493110657 
1055	 0.156723126769066 
1056	 0.156889200210571 
1057	 0.156914919614792 
1058	 0.156790524721146 
1059	 0.156779706478119 
1060	 0.156840324401855 
1061	 0.156593322753906 
1062	 0.156502023339272 
1063	 0.156394258141518 
1064	 0.156392648816109 
1065	 0.156483575701714 
1066	 0.156498357653618 
1067	 0.156629621982574 
1068	 0.156585723161697 
1069	 0.156377792358398 
1070	 0.156192719936371 
1071	 0.155762866139412 
1072	 0.155683666467667 
1073	 0.155857369303703 
1074	 0.155941247940063 
1075	 0.156270921230316 
1076	 0.156474709510803 
1077	 0.156511694192886 
1078	 0.156307220458984 
1079	 0.156269744038582 
1080	 0.156214386224747 
1081	 0.156159371137619 
1082	 0.156035587191582 
1083	 0.156114637851715 
1084	 0.156355619430542 
1085	 0.156434133648872 
1086	 0.156612068414688 
1087	 0.156712904572487 
1088	 0.156575307250023 
1089	 0.156561389565468 
1090	 0.156596481800079 
1091	 0.156713217496872 
1092	 0.156773149967194 
1093	 0.156842783093452 
1094	 0.156881958246231 
1095	 0.156901851296425 
1096	 0.156942665576935 
1097	 0.156955748796463 
1098	 0.157013356685638 
1099	 0.15716341137886 
1100	 0.157204076647758 
1101	 0.157246336340904 
1102	 0.157220065593719 
1103	 0.156989991664886 
1104	 0.15695396065712 
1105	 0.157054275274277 
1106	 0.157060191035271 
1107	 0.157074749469757 
1108	 0.157176107168198 
1109	 0.15719348192215 
1110	 0.157095715403557 
1111	 0.157082080841064 
1112	 0.15716478228569 
1113	 0.157106012105942 
1114	 0.156952023506165 
1115	 0.156855255365372 
1116	 0.156698435544968 
1117	 0.156598836183548 
1118	 0.156570494174957 
1119	 0.156504154205322 
1120	 0.156440451741219 
1121	 0.156353145837784 
1122	 0.156148836016655 
1123	 0.156127527356148 
1124	 0.156031236052513 
1125	 0.15593820810318 
1126	 0.155820563435555 
1127	 0.155728176236153 
1128	 0.155579075217247 
1129	 0.155361145734787 
1130	 0.155206605792046 
1131	 0.154982388019562 
1132	 0.154914453625679 
1133	 0.155049920082092 
1134	 0.154999628663063 
1135	 0.154972031712532 
1136	 0.154883220791817 
1137	 0.154576748609543 
1138	 0.154399767518044 
1139	 0.154253453016281 
1140	 0.154213532805443 
1141	 0.154112994670868 
1142	 0.154039233922958 
1143	 0.153971165418625 
1144	 0.153864711523056 
1145	 0.153818905353546 
1146	 0.153843194246292 
1147	 0.153821721673012 
1148	 0.153854981064796 
1149	 0.153775215148926 
1150	 0.153529107570648 
1151	 0.153455957770348 
1152	 0.153398558497429 
1153	 0.153385445475578 
1154	 0.153583183884621 
1155	 0.15363547205925 
1156	 0.153616234660149 
1157	 0.153538286685944 
1158	 0.153547659516335 
1159	 0.153523251414299 
1160	 0.153502389788628 
1161	 0.153503581881523 
1162	 0.153532117605209 
1163	 0.153562039136887 
1164	 0.153567001223564 
1165	 0.153580248355865 
1166	 0.15361912548542 
1167	 0.153661251068115 
1168	 0.15364271402359 
1169	 0.153620690107346 
1170	 0.153624102473259 
1171	 0.15357731282711 
1172	 0.153534382581711 
1173	 0.153530016541481 
1174	 0.153543278574944 
1175	 0.153471425175667 
1176	 0.15346685051918 
1177	 0.153468862175941 
1178	 0.153524830937386 
1179	 0.153540566563606 
1180	 0.153543412685394 
1181	 0.153520241379738 
1182	 0.153444409370422 
1183	 0.153477966785431 
1184	 0.153561279177666 
1185	 0.153609082102776 
1186	 0.15377676486969 
1187	 0.153778031468391 
1188	 0.153595417737961 
1189	 0.153559401631355 
1190	 0.153553783893585 
1191	 0.153538838028908 
1192	 0.153482601046562 
1193	 0.153426647186279 
1194	 0.153375416994095 
1195	 0.153243854641914 
1196	 0.153222009539604 
1197	 0.153328821063042 
1198	 0.153380751609802 
1199	 0.153468742966652 
1200	 0.153476059436798 
1201	 0.153410747647285 
1202	 0.153422668576241 
1203	 0.153446525335312 
1204	 0.153437048196793 
1205	 0.153513506054878 
1206	 0.153493881225586 
1207	 0.153267934918404 
1208	 0.153214007616043 
1209	 0.153200477361679 
1210	 0.153285562992096 
1211	 0.153413012623787 
1212	 0.153465554118156 
1213	 0.153332367539406 
1214	 0.15328460931778 
1215	 0.153317794203758 
1216	 0.153336316347122 
1217	 0.153343498706818 
1218	 0.15339706838131 
1219	 0.153426125645638 
1220	 0.153449729084969 
1221	 0.153403341770172 
1222	 0.15331181883812 
1223	 0.153284728527069 
1224	 0.153193131089211 
1225	 0.153165563941002 
1226	 0.153265729546547 
1227	 0.153302401304245 
1228	 0.153350532054901 
1229	 0.15326564013958 
1230	 0.153179973363876 
1231	 0.153194516897202 
1232	 0.153173729777336 
1233	 0.153203964233398 
1234	 0.153244763612747 
1235	 0.153186663985252 
1236	 0.153208270668983 
1237	 0.153122678399086 
1238	 0.153043776750565 
1239	 0.152996778488159 
1240	 0.152957931160927 
1241	 0.152787566184998 
1242	 0.152813002467155 
1243	 0.153012186288834 
1244	 0.153052061796188 
1245	 0.153158009052277 
1246	 0.153185203671455 
1247	 0.153104275465012 
1248	 0.152989894151688 
1249	 0.152943104505539 
1250	 0.152921736240387 
1251	 0.152944192290306 
1252	 0.152971044182777 
1253	 0.152981877326965 
1254	 0.152899995446205 
1255	 0.152871459722519 
1256	 0.152935937047005 
1257	 0.152959585189819 
1258	 0.153076261281967 
1259	 0.153068318963051 
1260	 0.152897834777832 
1261	 0.152891367673874 
1262	 0.152928739786148 
1263	 0.152926057577133 
1264	 0.153030589222908 
1265	 0.153045311570168 
1266	 0.152952879667282 
1267	 0.152926400303841 
1268	 0.152899608016014 
1269	 0.15292039513588 
1270	 0.152975872159004 
1271	 0.152993589639664 
1272	 0.153019621968269 
1273	 0.15297843515873 
1274	 0.152876779437065 
1275	 0.152790397405624 
1276	 0.152712136507034 
1277	 0.152654036879539 
1278	 0.152713105082512 
1279	 0.152774468064308 
1280	 0.15270334482193 
1281	 0.152644976973534 
1282	 0.152603924274445 
1283	 0.152471378445625 
1284	 0.152421489357948 
1285	 0.152443706989288 
1286	 0.152433678507805 
1287	 0.152482241392136 
1288	 0.152427494525909 
1289	 0.152273684740067 
1290	 0.152214199304581 
1291	 0.152262672781944 
1292	 0.15218985080719 
1293	 0.152144491672516 
1294	 0.152191340923309 
1295	 0.152077734470367 
1296	 0.151931509375572 
1297	 0.151974856853485 
1298	 0.152030512690544 
1299	 0.152037367224693 
1300	 0.152007758617401 
1301	 0.15195032954216 
1302	 0.151945009827614 
1303	 0.152027294039726 
1304	 0.152210563421249 
1305	 0.152241259813309 
1306	 0.152162283658981 
1307	 0.152151420712471 
1308	 0.152043849229813 
1309	 0.152095690369606 
1310	 0.152355700731277 
1311	 0.152452409267426 
1312	 0.152474492788315 
1313	 0.152529820799828 
1314	 0.152464166283607 
1315	 0.152602970600128 
1316	 0.152854472398758 
1317	 0.153025254607201 
1318	 0.153045892715454 
1319	 0.153029009699821 
1320	 0.153024733066559 
1321	 0.152995213866234 
1322	 0.152959451079369 
1323	 0.152938812971115 
1324	 0.153019338846207 
1325	 0.153109088540077 
1326	 0.153206616640091 
1327	 0.153264388442039 
1328	 0.153127461671829 
1329	 0.15299466252327 
1330	 0.152869328856468 
1331	 0.152752295136452 
1332	 0.152631506323814 
1333	 0.152510017156601 
1334	 0.152363687753677 
1335	 0.152279824018478 
1336	 0.152096852660179 
1337	 0.151773646473885 
1338	 0.151557609438896 
1339	 0.151338338851929 
1340	 0.151144251227379 
1341	 0.150971487164497 
1342	 0.150840550661087 
1343	 0.150618031620979 
1344	 0.150270894169807 
1345	 0.150058075785637 
1346	 0.149945467710495 
1347	 0.149683222174644 
1348	 0.149361982941628 
1349	 0.14908567070961 
1350	 0.148819401860237 
1351	 0.148636981844902 
1352	 0.148535534739494 
1353	 0.148378774523735 
1354	 0.148134455084801 
1355	 0.147850126028061 
1356	 0.147668525576591 
1357	 0.14745269715786 
1358	 0.147162139415741 
1359	 0.146983206272125 
1360	 0.146895423531532 
1361	 0.146672874689102 
1362	 0.146444275975227 
1363	 0.146306991577148 
1364	 0.146168410778046 
1365	 0.145956501364708 
1366	 0.145778879523277 
1367	 0.145557820796967 
1368	 0.145341783761978 
1369	 0.145184233784676 
1370	 0.145154684782028 
1371	 0.145082116127014 
1372	 0.144904524087906 
1373	 0.144771382212639 
1374	 0.144624218344688 
1375	 0.14448869228363 
1376	 0.144363179802895 
1377	 0.144175887107849 
1378	 0.14402662217617 
1379	 0.143873080611229 
1380	 0.143660366535187 
1381	 0.143479287624359 
1382	 0.14326174557209 
1383	 0.143031865358353 
1384	 0.142867401242256 
1385	 0.142623111605644 
1386	 0.142382651567459 
1387	 0.142243325710297 
1388	 0.142012745141983 
1389	 0.141740277409554 
1390	 0.141463547945023 
1391	 0.141088292002678 
1392	 0.140773832798004 
1393	 0.140575096011162 
1394	 0.140254452824593 
1395	 0.139878332614899 
1396	 0.139508426189423 
1397	 0.139123782515526 
1398	 0.138698056340218 
1399	 0.138350531458855 
1400	 0.138045385479927 
1401	 0.137744963169098 
1402	 0.137348175048828 
1403	 0.136914893984795 
1404	 0.13658507168293 
1405	 0.136263370513916 
1406	 0.135874673724175 
1407	 0.135503455996513 
1408	 0.135142490267754 
1409	 0.134669438004494 
1410	 0.134296044707298 
1411	 0.134060934185982 
1412	 0.13369257748127 
1413	 0.133311077952385 
1414	 0.132955178618431 
1415	 0.132540881633759 
1416	 0.132239922881126 
1417	 0.131977781653404 
1418	 0.131680935621262 
1419	 0.131498292088509 
1420	 0.131247207522392 
1421	 0.130841568112373 
1422	 0.13052174448967 
1423	 0.130265191197395 
1424	 0.129975944757462 
1425	 0.129747062921524 
1426	 0.129640996456146 
1427	 0.129459455609322 
1428	 0.129256173968315 
1429	 0.129023805260658 
1430	 0.128744721412659 
1431	 0.128619626164436 
1432	 0.128492683172226 
1433	 0.128279834985733 
1434	 0.128126889467239 
1435	 0.128014355897903 
1436	 0.127893060445786 
1437	 0.12776093184948 
1438	 0.127605453133583 
1439	 0.12748309969902 
1440	 0.127367198467255 
1441	 0.127214446663857 
1442	 0.127182871103287 
1443	 0.127214685082436 
1444	 0.127126753330231 
1445	 0.126987114548683 
1446	 0.126913115382195 
1447	 0.126853376626968 
1448	 0.126771450042725 
1449	 0.126753985881805 
1450	 0.126726374030113 
1451	 0.126652836799622 
1452	 0.12660713493824 
1453	 0.126496821641922 
1454	 0.126423984766006 
1455	 0.126421198248863 
1456	 0.126373410224915 
1457	 0.126363217830658 
1458	 0.126354053616524 
1459	 0.126310721039772 
1460	 0.126339927315712 
1461	 0.12638133764267 
1462	 0.126348495483398 
1463	 0.12629297375679 
1464	 0.126260310411453 
1465	 0.126161649823189 
1466	 0.126194536685944 
1467	 0.126344457268715 
1468	 0.126410081982613 
1469	 0.126487851142883 
1470	 0.126508176326752 
1471	 0.126489907503128 
1472	 0.126513615250587 
1473	 0.126525238156319 
1474	 0.126513451337814 
1475	 0.126646339893341 
1476	 0.126676917076111 
1477	 0.12670873105526 
1478	 0.126930847764015 
1479	 0.12706346809864 
1480	 0.127066984772682 
1481	 0.127127751708031 
1482	 0.127250105142593 
1483	 0.127360612154007 
1484	 0.127483367919922 
1485	 0.127576947212219 
1486	 0.127573609352112 
1487	 0.127675428986549 
1488	 0.127854436635971 
1489	 0.127968594431877 
1490	 0.128088623285294 
1491	 0.128147512674332 
1492	 0.128136456012726 
1493	 0.128215447068214 
1494	 0.128337740898132 
1495	 0.128415659070015 
1496	 0.128522276878357 
1497	 0.128591060638428 
1498	 0.128675982356071 
1499	 0.128753378987312 
1500	 0.128743290901184 
1501	 0.128861054778099 
1502	 0.129033520817757 
1503	 0.129157155752182 
1504	 0.129290774464607 
1505	 0.129349946975708 
1506	 0.129441142082214 
1507	 0.129589810967445 
1508	 0.129682078957558 
1509	 0.129802972078323 
1510	 0.129900962114334 
1511	 0.129925683140755 
1512	 0.13000850379467 
1513	 0.130111575126648 
1514	 0.130179300904274 
1515	 0.130222275853157 
1516	 0.130251064896584 
1517	 0.130355298519135 
1518	 0.130550175905228 
1519	 0.130592033267021 
1520	 0.130628645420074 
1521	 0.130697280168533 
1522	 0.130604654550552 
1523	 0.130657851696014 
1524	 0.130878731608391 
1525	 0.130953818559647 
1526	 0.130996078252792 
1527	 0.131074786186218 
1528	 0.131144508719444 
1529	 0.131168454885483 
1530	 0.1311394572258 
1531	 0.131198361515999 
1532	 0.131257981061935 
1533	 0.131312310695648 
1534	 0.131463393568993 
1535	 0.131567001342773 
1536	 0.131606817245483 
1537	 0.131687805056572 
1538	 0.131795704364777 
1539	 0.131861701607704 
1540	 0.131911143660545 
1541	 0.13194440305233 
1542	 0.131997495889664 
1543	 0.132049754261971 
1544	 0.13208569586277 
1545	 0.132108509540558 
1546	 0.132093667984009 
1547	 0.13212126493454 
1548	 0.132154226303101 
1549	 0.132176414132118 
1550	 0.132256463170052 
1551	 0.132345408201218 
1552	 0.132361456751823 
1553	 0.132328480482101 
1554	 0.132349967956543 
1555	 0.132350236177444 
1556	 0.13232196867466 
1557	 0.132368937134743 
1558	 0.13239686191082 
1559	 0.132397264242172 
1560	 0.132439449429512 
1561	 0.132493212819099 
1562	 0.132528722286224 
1563	 0.132574737071991 
1564	 0.132614865899086 
1565	 0.132645681500435 
1566	 0.132713973522186 
1567	 0.13268706202507 
1568	 0.132620245218277 
1569	 0.132664382457733 
1570	 0.13272525370121 
1571	 0.132820323109627 
1572	 0.132864326238632 
1573	 0.132807567715645 
1574	 0.132837921380997 
1575	 0.132854253053665 
1576	 0.132813081145287 
1577	 0.132853493094444 
1578	 0.132850959897041 
1579	 0.132810160517693 
1580	 0.132885962724686 
1581	 0.133035778999329 
1582	 0.133113980293274 
1583	 0.133094921708107 
1584	 0.133136183023453 
1585	 0.133133739233017 
1586	 0.133107259869576 
1587	 0.133258387446404 
1588	 0.133258700370789 
1589	 0.133100941777229 
1590	 0.133072286844254 
1591	 0.133002772927284 
1592	 0.132975026965141 
1593	 0.133123829960823 
1594	 0.13310818374157 
1595	 0.132986560463905 
1596	 0.132999315857887 
1597	 0.132954388856888 
1598	 0.1329395622015 
1599	 0.133025541901588 
1600	 0.132922679185867 
1601	 0.132772445678711 
1602	 0.132843777537346 
1603	 0.132847219705582 
1604	 0.132697597146034 
1605	 0.132716849446297 
1606	 0.132795572280884 
1607	 0.132740393280983 
1608	 0.132806360721588 
1609	 0.132917925715446 
1610	 0.132788002490997 
1611	 0.132669523358345 
1612	 0.132614120841026 
1613	 0.132567912340164 
1614	 0.132647573947906 
1615	 0.13263675570488 
1616	 0.132585451006889 
1617	 0.132626429200172 
1618	 0.132666185498238 
1619	 0.132717475295067 
1620	 0.13271352648735 
1621	 0.132683217525482 
1622	 0.132602363824844 
1623	 0.13240085542202 
1624	 0.132321164011955 
1625	 0.132350787520409 
1626	 0.132270857691765 
1627	 0.132233247160912 
1628	 0.132175520062447 
1629	 0.131963863968849 
1630	 0.131867602467537 
1631	 0.131839126348495 
1632	 0.131858929991722 
1633	 0.131906375288963 
1634	 0.131778821349144 
1635	 0.131723433732986 
1636	 0.131727233529091 
1637	 0.131588965654373 
1638	 0.131505116820335 
1639	 0.131454631686211 
1640	 0.131314352154732 
1641	 0.13124968111515 
1642	 0.131254598498344 
1643	 0.131175369024277 
1644	 0.131091713905334 
1645	 0.131087973713875 
1646	 0.131154268980026 
1647	 0.131171807646751 
1648	 0.131085410714149 
1649	 0.131017223000526 
1650	 0.130861341953278 
1651	 0.130694732069969 
1652	 0.130718648433685 
1653	 0.130642041563988 
1654	 0.130467683076859 
1655	 0.130441337823868 
1656	 0.13038957118988 
1657	 0.130271434783936 
1658	 0.13033427298069 
1659	 0.130375802516937 
1660	 0.130148261785507 
1661	 0.130070507526398 
1662	 0.130039602518082 
1663	 0.129821300506592 
1664	 0.129780113697052 
1665	 0.12977908551693 
1666	 0.129608124494553 
1667	 0.129524111747742 
1668	 0.129574418067932 
1669	 0.129523143172264 
1670	 0.129359290003777 
1671	 0.129297330975533 
1672	 0.129222512245178 
1673	 0.128985613584518 
1674	 0.128799870610237 
1675	 0.128730341792107 
1676	 0.128632545471191 
1677	 0.128574386239052 
1678	 0.128720700740814 
1679	 0.128699019551277 
1680	 0.128554806113243 
1681	 0.128448739647865 
1682	 0.128245010972023 
1683	 0.128115713596344 
1684	 0.128035441040993 
1685	 0.127933189272881 
1686	 0.127842366695404 
1687	 0.127802208065987 
1688	 0.127857223153114 
1689	 0.127769187092781 
1690	 0.127621158957481 
1691	 0.127495050430298 
1692	 0.127204656600952 
1693	 0.127071410417557 
1694	 0.127112343907356 
1695	 0.1270871758461 
1696	 0.127117335796356 
1697	 0.127067044377327 
1698	 0.126943469047546 
1699	 0.126830562949181 
1700	 0.126625120639801 
1701	 0.126547321677208 
1702	 0.126646310091019 
1703	 0.126508325338364 
1704	 0.126256033778191 
1705	 0.126120239496231 
1706	 0.125836461782455 
1707	 0.125726774334908 
1708	 0.125895470380783 
1709	 0.125821679830551 
1710	 0.12563169002533 
1711	 0.125517815351486 
1712	 0.125347182154655 
1713	 0.125254482030869 
1714	 0.125266879796982 
1715	 0.125170931220055 
1716	 0.125030711293221 
1717	 0.124908789992332 
1718	 0.124759696424007 
1719	 0.124631635844707 
1720	 0.124515026807785 
1721	 0.124441213905811 
1722	 0.124434560537338 
1723	 0.12423787266016 
1724	 0.123935058712959 
1725	 0.123820297420025 
1726	 0.123670607805252 
1727	 0.123538322746754 
1728	 0.123584888875484 
1729	 0.123497724533081 
1730	 0.12325157225132 
1731	 0.123155504465103 
1732	 0.12311378121376 
1733	 0.123001836240292 
1734	 0.122836627066135 
1735	 0.122674986720085 
1736	 0.122542418539524 
1737	 0.122374422848225 
1738	 0.122270449995995 
1739	 0.122240975499153 
1740	 0.122203551232815 
1741	 0.12226440012455 
1742	 0.122210420668125 
1743	 0.122112646698952 
1744	 0.121967174112797 
1745	 0.121670104563236 
1746	 0.121464177966118 
1747	 0.121244341135025 
1748	 0.121094085276127 
1749	 0.121020130813122 
1750	 0.120950847864151 
1751	 0.121000289916992 
1752	 0.120902597904205 
1753	 0.120670005679131 
1754	 0.120579317212105 
1755	 0.120471335947514 
1756	 0.120396666228771 
1757	 0.12053607404232 
1758	 0.120427295565605 
1759	 0.120120152831078 
1760	 0.119944162666798 
1761	 0.119662590324879 
1762	 0.119585655629635 
1763	 0.119715042412281 
1764	 0.119682841002941 
1765	 0.119692645967007 
1766	 0.119623139500618 
1767	 0.119445897638798 
1768	 0.119284503161907 
1769	 0.119094163179398 
1770	 0.118963710963726 
1771	 0.118830017745495 
1772	 0.118743531405926 
1773	 0.118713520467281 
1774	 0.118793286383152 
1775	 0.118657797574997 
1776	 0.118593089282513 
1777	 0.11866270750761 
1778	 0.118446752429008 
1779	 0.11826203763485 
1780	 0.118024453520775 
1781	 0.117882303893566 
1782	 0.117911614477634 
1783	 0.117870755493641 
1784	 0.117808140814304 
1785	 0.117792353034019 
1786	 0.117759950459003 
1787	 0.117728464305401 
1788	 0.117854818701744 
1789	 0.117767848074436 
1790	 0.11750789731741 
1791	 0.117352493107319 
1792	 0.117062002420425 
1793	 0.116904489696026 
1794	 0.116890348494053 
1795	 0.116854548454285 
1796	 0.116824686527252 
1797	 0.116834662854671 
1798	 0.11691402643919 
1799	 0.116913445293903 
1800	 0.116915211081505 
1801	 0.116887085139751 
1802	 0.116781748831272 
1803	 0.116747975349426 
1804	 0.116783253848553 
1805	 0.116746105253696 
1806	 0.116586945950985 
1807	 0.116362616419792 
1808	 0.116053640842438 
1809	 0.115737453103065 
1810	 0.115690179169178 
1811	 0.115750290453434 
1812	 0.115701429545879 
1813	 0.115745432674885 
1814	 0.11564689874649 
1815	 0.115383446216583 
1816	 0.115286953747272 
1817	 0.11515773832798 
1818	 0.115095026791096 
1819	 0.115208655595779 
1820	 0.115156836807728 
1821	 0.115016348659992 
1822	 0.114873319864273 
1823	 0.114544808864594 
1824	 0.114417865872383 
1825	 0.114530734717846 
1826	 0.114446602761745 
1827	 0.114406235516071 
1828	 0.114168733358383 
1829	 0.11360701918602 
1830	 0.113284014165401 
1831	 0.113981895148754 
1832	 0.113926470279694 
1833	 0.114023968577385 
1834	 0.114030860364437 
1835	 0.113949425518513 
1836	 0.113915823400021 
1837	 0.114024803042412 
1838	 0.113867416977882 
1839	 0.113711930811405 
1840	 0.113661006093025 
1841	 0.113502167165279 
1842	 0.113467380404472 
1843	 0.11329760402441 
1844	 0.112999297678471 
1845	 0.112853512167931 
1846	 0.112718142569065 
1847	 0.11254071444273 
1848	 0.112614177167416 
1849	 0.112514235079288 
1850	 0.11222381144762 
1851	 0.112270876765251 
1852	 0.112353406846523 
1853	 0.112158425152302 
1854	 0.112059444189072 
1855	 0.111974731087685 
1856	 0.111915647983551 
1857	 0.111693538725376 
1858	 0.111960902810097 
1859	 0.112180158495903 
1860	 0.111849084496498 
1861	 0.111510641872883 
1862	 0.111028753221035 
1863	 0.110701493918896 
1864	 0.110413663089275 
1865	 0.110101260244846 
1866	 0.1098597869277 
1867	 0.109599523246288 
1868	 0.109115473926067 
1869	 0.108821652829647 
1870	 0.109048694372177 
1871	 0.109156586229801 
1872	 0.108988612890244 
1873	 0.108654946088791 
1874	 0.108356595039368 
1875	 0.107788130640984 
1876	 0.107324220240116 
1877	 0.106965653598309 
1878	 0.106596849858761 
1879	 0.106099225580692 
1880	 0.105472519993782 
1881	 0.104943037033081 
1882	 0.104411095380783 
1883	 0.103892415761948 
1884	 0.103242345154285 
1885	 0.102599889039993 
1886	 0.101859040558338 
1887	 0.101352922618389 
1888	 0.100825488567352 
1889	 0.10024169832468 
1890	 9.98830273747444E-02 
1891	 9.94118601083755E-02 
1892	 9.88016948103905E-02 
1893	 9.84021052718163E-02 
1894	 9.76988077163696E-02 
1895	 9.68286693096161E-02 
1896	 0.09611726552248 
1897	 9.55159962177277E-02 
1898	 9.46595519781113E-02 
1899	 9.38590317964554E-02 
1900	 9.32971090078354E-02 
1901	 9.25790369510651E-02 
1902	 9.17193293571472E-02 
1903	 9.10057425498962E-02 
1904	 9.04447957873344E-02 
1905	 8.99249687790871E-02 
1906	 8.96198749542236E-02 
1907	 8.91183614730835E-02 
1908	 8.86573567986488E-02 
1909	 8.78425016999245E-02 
1910	 8.69246125221252E-02 
1911	 8.61990749835968E-02 
1912	 8.57778638601303E-02 
1913	 8.53492394089699E-02 
1914	 8.50080475211143E-02 
1915	 0.084601953625679 
1916	 8.40130224823952E-02 
1917	 8.35723578929901E-02 
1918	 8.32100659608841E-02 
1919	 8.30272138118744E-02 
1920	 8.28095600008965E-02 
1921	 8.23196545243263E-02 
1922	 8.20059254765511E-02 
1923	 8.18220898509026E-02 
1924	 0.081340104341507 
1925	 8.11309590935707E-02 
1926	 8.11127871274948E-02 
1927	 8.09628516435623E-02 
1928	 8.05566385388374E-02 
1929	 8.02949890494347E-02 
1930	 8.00309851765633E-02 
1931	 7.99722597002983E-02 
1932	 7.97797963023186E-02 
1933	 7.98108950257301E-02 
1934	 8.02514851093292E-02 
1935	 8.02303925156593E-02 
1936	 7.97909200191498E-02 
1937	 7.96075165271759E-02 
1938	 7.92869105935097E-02 
1939	 7.88996815681458E-02 
1940	 7.87594839930534E-02 
1941	 7.88966715335846E-02 
1942	 7.91109725832939E-02 
1943	 7.91015475988388E-02 
1944	 7.90154486894608E-02 
1945	 7.91116207838058E-02 
1946	 7.91231989860535E-02 
1947	 7.91066661477089E-02 
1948	 7.91770070791245E-02 
1949	 7.91678577661514E-02 
1950	 7.91569799184799E-02 
1951	 7.91951939463615E-02 
1952	 7.93101936578751E-02 
1953	 7.95824304223061E-02 
1954	 7.96861127018929E-02 
1955	 0.079620748758316 
1956	 7.96008855104446E-02 
1957	 7.95192420482636E-02 
1958	 7.96643495559692E-02 
1959	 7.98938125371933E-02 
1960	 7.99740627408028E-02 
1961	 8.01377594470978E-02 
1962	 0.080081582069397 
1963	 7.98607692122459E-02 
1964	 8.02666693925858E-02 
1965	 8.05233269929886E-02 
1966	 8.08939635753632E-02 
1967	 8.08743089437485E-02 
1968	 8.11064094305038E-02 
1969	 8.11591967940331E-02 
1970	 8.09767544269562E-02 
1971	 8.10264199972153E-02 
1972	 8.11836048960686E-02 
1973	 8.10330361127853E-02 
1974	 8.08005407452583E-02 
1975	 8.10336694121361E-02 
1976	 8.12607780098915E-02 
1977	 0.081610269844532 
1978	 8.18228721618652E-02 
1979	 8.19882899522781E-02 
1980	 8.20995420217514E-02 
1981	 8.20435807108879E-02 
1982	 8.21605399250984E-02 
1983	 8.25507119297981E-02 
1984	 0.082635760307312 
1985	 8.27020555734634E-02 
1986	 8.27381312847137E-02 
1987	 8.26405137777328E-02 
1988	 8.29154327511787E-02 
1989	 8.31814482808113E-02 
1990	 8.35734605789185E-02 
1991	 8.37746933102608E-02 
1992	 8.40534791350365E-02 
1993	 8.41339007019997E-02 
1994	 8.39983597397804E-02 
1995	 8.39879363775253E-02 
1996	 8.41860324144363E-02 
1997	 8.45259726047516E-02 
1998	 8.45732167363167E-02 
1999	 8.45234915614128E-02 
2000	 8.47558081150055E-02 
2001	 8.50058197975159E-02 
2002	 8.51560011506081E-02 
2003	 8.54148268699646E-02 
2004	 8.57692509889603E-02 
2005	 8.58031436800957E-02 
2006	 8.56543630361557E-02 
2007	 8.58275294303894E-02 
2008	 8.61327424645424E-02 
2009	 8.61909985542297E-02 
2010	 8.63339900970459E-02 
2011	 0.086496464908123 
2012	 8.65000858902931E-02 
2013	 8.67387726902962E-02 
2014	 8.68571102619171E-02 
2015	 8.68500918149948E-02 
2016	 8.65207239985466E-02 
2017	 0.086603656411171 
2018	 8.67880433797836E-02 
2019	 8.69898796081543E-02 
2020	 8.74169319868088E-02 
2021	 8.78472402691841E-02 
2022	 8.78288671374321E-02 
2023	 8.76026377081871E-02 
2024	 8.73744860291481E-02 
2025	 8.71893391013145E-02 
2026	 8.74429419636726E-02 
2027	 8.79141613841057E-02 
2028	 8.81114453077316E-02 
2029	 8.82712751626968E-02 
2030	 8.84480997920036E-02 
2031	 8.84225443005562E-02 
2032	 0.08855389803648 
2033	 8.88659879565239E-02 
2034	 8.90924260020256E-02 
2035	 8.91994088888168E-02 
2036	 8.92281755805016E-02 
2037	 8.91231596469879E-02 
2038	 8.93082842230797E-02 
2039	 8.96514505147934E-02 
2040	 8.95684882998466E-02 
2041	 8.97696539759636E-02 
2042	 9.01132673025131E-02 
2043	 9.01803225278854E-02 
2044	 9.00737419724464E-02 
2045	 0.0900908857584 
2046	 0.090031698346138 
2047	 8.98777768015862E-02 
2048	 8.98435115814209E-02 
2049	 8.99502113461494E-02 
2050	 9.03525203466415E-02 
2051	 0.090862400829792 
2052	 9.13169831037521E-02 
2053	 9.15990769863129E-02 
2054	 9.14691239595413E-02 
2055	 9.10005941987038E-02 
2056	 9.06664505600929E-02 
2057	 9.08698812127113E-02 
2058	 9.09893661737442E-02 
2059	 0.091416098177433 
2060	 9.15045365691185E-02 
2061	 9.15078222751617E-02 
2062	 9.13591459393501E-02 
2063	 9.12145525217056E-02 
2064	 9.12562906742096E-02 
2065	 9.15601328015327E-02 
2066	 0.09176404774189 
2067	 9.15902704000473E-02 
2068	 9.16087850928307E-02 
2069	 9.18939411640167E-02 
2070	 9.19722318649292E-02 
2071	 9.20934826135635E-02 
2072	 9.23083275556564E-02 
2073	 9.22489836812019E-02 
2074	 9.15006324648857E-02 
2075	 0.091503918170929 
2076	 9.19028371572495E-02 
2077	 0.092023141682148 
2078	 9.21084806323051E-02 
2079	 9.24333930015564E-02 
2080	 9.23948884010315E-02 
2081	 9.24443528056145E-02 
2082	 9.28891450166702E-02 
2083	 9.34337377548218E-02 
2084	 9.36365276575089E-02 
2085	 9.34482216835022E-02 
2086	 9.32713150978088E-02 
2087	 9.31178405880928E-02 
2088	 9.31310281157494E-02 
2089	 0.0933872833848 
2090	 0.093478798866272 
2091	 0.093620277941227 
2092	 9.36742275953293E-02 
2093	 9.35717597603798E-02 
2094	 9.34837311506271E-02 
2095	 9.36203077435493E-02 
2096	 9.37129929661751E-02 
2097	 9.38424989581108E-02 
2098	 0.094093032181263 
2099	 9.43086445331573E-02 
2100	 9.43390503525734E-02 
2101	 9.41690504550934E-02 
2102	 9.40157994627953E-02 
2103	 9.38335582613945E-02 
2104	 9.37455222010612E-02 
2105	 9.38371866941452E-02 
2106	 9.42704007029533E-02 
2107	 9.44565534591675E-02 
2108	 9.46676209568977E-02 
2109	 9.47548896074295E-02 
2110	 9.47068333625793E-02 
2111	 0.094597116112709 
2112	 9.46778506040573E-02 
2113	 9.50879976153374E-02 
2114	 9.52574610710144E-02 
2115	 9.52433347702026E-02 
2116	 9.52698811888695E-02 
2117	 9.50765758752823E-02 
2118	 9.50416624546051E-02 
2119	 9.49862748384476E-02 
2120	 9.48176309466362E-02 
2121	 9.50079336762428E-02 
2122	 9.52656343579292E-02 
2123	 9.55162271857262E-02 
2124	 0.095662459731102 
2125	 9.57326665520668E-02 
2126	 9.57016050815582E-02 
2127	 0.09556545317173 
2128	 9.55174788832664E-02 
2129	 9.54562649130821E-02 
2130	 9.53669473528862E-02 
2131	 0.095418855547905 
2132	 9.54658910632133E-02 
2133	 9.57302823662758E-02 
2134	 9.57241654396057E-02 
2135	 9.56233963370323E-02 
2136	 9.57323834300041E-02 
2137	 9.55436229705811E-02 
2138	 9.56888124346733E-02 
2139	 9.59263667464256E-02 
2140	 9.56382304430008E-02 
2141	 9.55474153161049E-02 
2142	 9.54447686672211E-02 
2143	 9.54725965857506E-02 
2144	 9.55596268177032E-02 
2145	 0.095608077943325 
2146	 9.58582311868668E-02 
2147	 9.57953929901123E-02 
2148	 9.53967645764351E-02 
2149	 9.53884795308113E-02 
2150	 9.54399183392525E-02 
2151	 9.50537621974945E-02 
2152	 9.50433537364006E-02 
2153	 9.54972729086876E-02 
2154	 0.095374584197998 
2155	 9.53221768140793E-02 
2156	 9.55627486109734E-02 
2157	 0.095132514834404 
2158	 9.49573293328285E-02 
2159	 9.54308062791824E-02 
2160	 9.56162810325623E-02 
2161	 0.095593698322773 
2162	 9.55699533224106E-02 
2163	 9.53244119882584E-02 
2164	 9.52956005930901E-02 
2165	 9.54787507653236E-02 
2166	 9.54435914754868E-02 
2167	 9.52559635043144E-02 
2168	 9.54368337988853E-02 
2169	 9.57901254296303E-02 
2170	 9.56743061542511E-02 
2171	 9.57842990756035E-02 
2172	 9.62732806801796E-02 
2173	 9.62880104780197E-02 
2174	 9.61932614445686E-02 
2175	 9.61703658103943E-02 
2176	 9.57681313157082E-02 
2177	 9.54150334000587E-02 
2178	 9.51622277498245E-02 
2179	 9.50535982847214E-02 
2180	 0.095483809709549 
2181	 9.56067442893982E-02 
2182	 9.54608991742134E-02 
2183	 9.56540927290916E-02 
2184	 9.55947116017342E-02 
2185	 9.55962091684341E-02 
2186	 9.55732092261314E-02 
2187	 9.55596938729286E-02 
2188	 9.56942811608315E-02 
2189	 9.56738144159317E-02 
2190	 9.54804569482803E-02 
2191	 9.54982414841652E-02 
2192	 9.57455113530159E-02 
2193	 9.52940881252289E-02 
2194	 9.52420234680176E-02 
2195	 9.52587202191353E-02 
2196	 9.49595347046852E-02 
2197	 9.54178348183632E-02 
2198	 9.58611816167831E-02 
2199	 9.55958887934685E-02 
2200	 9.55470055341721E-02 
2201	 9.49604958295822E-02 
2202	 9.39621031284332E-02 
2203	 9.39669832587242E-02 
2204	 0.094186432659626 
2205	 9.42567735910416E-02 
2206	 9.43989232182503E-02 
2207	 9.42331627011299E-02 
2208	 9.41716358065605E-02 
2209	 9.40794423222542E-02 
2210	 9.39429774880409E-02 
2211	 9.39755439758301E-02 
2212	 9.39658209681511E-02 
2213	 9.37915965914726E-02 
2214	 0.093811497092247 
2215	 9.39985662698746E-02 
2216	 9.40131396055222E-02 
2217	 0.094037652015686 
2218	 0.093880832195282 
2219	 9.35697257518768E-02 
2220	 0.093628317117691 
2221	 9.35928151011467E-02 
2222	 9.32978913187981E-02 
2223	 9.32632461190224E-02 
2224	 9.30275470018387E-02 
2225	 9.26117226481438E-02 
2226	 9.26264673471451E-02 
2227	 9.24643874168396E-02 
2228	 9.22905653715134E-02 
2229	 9.22811105847359E-02 
2230	 9.21822264790535E-02 
2231	 0.092160128057003 
2232	 0.092293456196785 
2233	 9.24771353602409E-02 
2234	 9.21379253268242E-02 
2235	 9.18165072798729E-02 
2236	 9.17563512921333E-02 
2237	 9.15420353412628E-02 
2238	 9.14086401462555E-02 
2239	 9.13309305906296E-02 
2240	 9.10811647772789E-02 
2241	 0.090716540813446 
2242	 9.03617888689041E-02 
2243	 9.01279225945473E-02 
2244	 8.99862349033356E-02 
2245	 8.96262302994728E-02 
2246	 0.089234746992588 
2247	 8.88471379876137E-02 
2248	 8.84492695331573E-02 
2249	 8.84412452578545E-02 
2250	 8.90605747699738E-02 
2251	 8.91521126031876E-02 
2252	 8.88341888785362E-02 
2253	 8.89412984251976E-02 
2254	 8.87916311621666E-02 
2255	 8.85284096002579E-02 
2256	 8.87394994497299E-02 
2257	 8.85066613554955E-02 
2258	 8.76520127058029E-02 
2259	 8.71055424213409E-02 
2260	 8.69599580764771E-02 
2261	 8.68845582008362E-02 
2262	 8.67518037557602E-02 
2263	 8.70682671666145E-02 
2264	 8.72884690761566E-02 
2265	 8.67043510079384E-02 
2266	 8.67269039154053E-02 
2267	 8.69519934058189E-02 
2268	 8.61097052693367E-02 
2269	 8.54838043451309E-02 
2270	 8.54072719812393E-02 
2271	 8.50332975387573E-02 
2272	 8.47562402486801E-02 
2273	 8.50478187203407E-02 
2274	 8.48690867424011E-02 
2275	 8.41361507773399E-02 
2276	 8.38308781385422E-02 
2277	 8.35901647806168E-02 
2278	 8.35082158446312E-02 
2279	 8.37372243404388E-02 
2280	 8.37843045592308E-02 
2281	 8.38925912976265E-02 
2282	 8.39801356196404E-02 
2283	 8.33489820361137E-02 
2284	 8.29700380563736E-02 
2285	 8.32332894206047E-02 
2286	 8.28706026077271E-02 
2287	 8.27069953083992E-02 
2288	 8.29571858048439E-02 
2289	 8.24141502380371E-02 
2290	 8.18725228309631E-02 
2291	 8.23224410414696E-02 
2292	 8.23512971401215E-02 
2293	 8.16992670297623E-02 
2294	 8.15306901931763E-02 
2295	 8.12359526753426E-02 
2296	 8.07155892252922E-02 
2297	 8.06039348244667E-02 
2298	 8.06121900677681E-02 
2299	 8.05730074644089E-02 
2300	 8.04491341114044E-02 
2301	 8.03670510649681E-02 
2302	 8.06950107216835E-02 
2303	 8.08760225772858E-02 
2304	 8.06858167052269E-02 
2305	 0.080722838640213 
2306	 8.04834812879562E-02 
2307	 7.94239342212677E-02 
2308	 7.84842744469643E-02 
2309	 0.077930860221386 
2310	 7.77820348739624E-02 
2311	 7.86873772740364E-02 
2312	 7.92103633284569E-02 
2313	 7.91135355830193E-02 
2314	 0.079192042350769 
2315	 7.86565318703651E-02 
2316	 7.82513916492462E-02 
2317	 7.84060433506966E-02 
2318	 7.81361162662506E-02 
2319	 0.078024722635746 
2320	 7.86326304078102E-02 
2321	 7.84419700503349E-02 
2322	 7.78413191437721E-02 
2323	 7.77622759342194E-02 
2324	 7.74864554405212E-02 
2325	 7.73292034864426E-02 
2326	 7.79581293463707E-02 
2327	 7.80615881085396E-02 
2328	 7.77143761515617E-02 
2329	 0.077657587826252 
2330	 7.76695534586906E-02 
2331	 0.077611930668354 
2332	 7.73846879601479E-02 
2333	 7.67436996102333E-02 
2334	 7.63427913188934E-02 
2335	 7.66177624464035E-02 
2336	 0.076800249516964 
2337	 7.67597183585167E-02 
2338	 7.72132128477097E-02 
2339	 7.74674713611603E-02 
2340	 7.68450796604156E-02 
2341	 7.68288373947144E-02 
2342	 7.71076083183289E-02 
2343	 7.69022330641747E-02 
2344	 7.72304236888886E-02 
2345	 7.77971819043159E-02 
2346	 7.77493864297867E-02 
2347	 7.69015997648239E-02 
2348	 7.63803124427795E-02 
2349	 7.64685273170471E-02 
2350	 7.67763704061508E-02 
2351	 7.73709937930107E-02 
2352	 7.77422711253166E-02 
2353	 0.078248992562294 
2354	 7.82237201929092E-02 
2355	 7.80866518616676E-02 
2356	 7.89628997445107E-02 
2357	 7.88195505738258E-02 
2358	 7.83480256795883E-02 
2359	 7.87853747606277E-02 
2360	 7.87379592657089E-02 
2361	 7.95361399650574E-02 
2362	 8.04402753710747E-02 
2363	 7.99417644739151E-02 
2364	 7.93731883168221E-02 
2365	 7.93402642011642E-02 
2366	 8.01921412348747E-02 
2367	 8.06091949343681E-02 
2368	 8.04864913225174E-02 
2369	 8.07120874524117E-02 
2370	 7.98017531633377E-02 
2371	 7.89403468370438E-02 
2372	 0.079695001244545 
2373	 7.96163007616997E-02 
2374	 7.87796452641487E-02 
2375	 7.86483883857727E-02 
2376	 0.078106477856636 
2377	 7.73546099662781E-02 
2378	 7.74550586938858E-02 
2379	 7.78770372271538E-02 
2380	 7.78641924262047E-02 
2381	 7.77881741523743E-02 
2382	 7.77793601155281E-02 
2383	 7.76305645704269E-02 
2384	 7.73681253194809E-02 
2385	 7.68574774265289E-02 
2386	 7.62370675802231E-02 
2387	 7.58362784981728E-02 
2388	 7.58240073919296E-02 
2389	 7.51260966062546E-02 
2390	 7.42591172456741E-02 
2391	 7.41667672991753E-02 
2392	 7.31846615672112E-02 
2393	 0.072877936065197 
2394	 7.37469047307968E-02 
2395	 7.50572830438614E-02 
2396	 7.64661282300949E-02 
2397	 7.53066837787628E-02 
2398	 7.42148831486702E-02 
2399	 7.36501812934875E-02 
2400	 7.31431767344475E-02 
2401	 7.57313072681427E-02 
2402	 7.72045776247978E-02 
2403	 0.075687363743782 
2404	 7.39738941192627E-02 
2405	 0.071751780807972 
2406	 7.04934448003769E-02 
2407	 7.17490166425705E-02 
2408	 7.38675519824028E-02 
2409	 7.51675590872765E-02 
2410	 7.50541314482689E-02 
2411	 7.43227303028107E-02 
2412	 7.34749212861061E-02 
2413	 7.13924691081047E-02 
2414	 6.97032287716866E-02 
2415	 6.90359249711037E-02 
2416	 6.81038945913315E-02 
2417	 6.80582523345947E-02 
2418	 6.92809522151947E-02 
2419	 7.06459209322929E-02 
2420	 0.069514088332653 
2421	 0.067865327000618 
2422	 6.75464496016502E-02 
2423	 6.52858912944794E-02 
2424	 6.45864307880402E-02 
2425	 6.74702227115631E-02 
2426	 6.85263052582741E-02 
2427	 6.83829337358475E-02 
2428	 6.77659288048744E-02 
2429	 6.34483844041824E-02 
2430	 6.03197701275349E-02 
2431	 6.15315921604633E-02 
2432	 6.33603185415268E-02 
2433	 6.41361325979233E-02 
2434	 6.44227862358093E-02 
2435	 6.39052093029022E-02 
2436	 6.21847622096539E-02 
2437	 6.35919645428658E-02 
2438	 6.53176978230476E-02 
2439	 0.064087875187397 
2440	 6.43896162509918E-02 
2441	 6.49715960025787E-02 
2442	 6.50265142321587E-02 
2443	 6.49559423327446E-02 
2444	 6.47272542119026E-02 
2445	 6.35487139225006E-02 
2446	 6.17945864796638E-02 
2447	 6.28128796815872E-02 
2448	 6.33460432291031E-02 
2449	 6.30810633301735E-02 
2450	 6.32765665650368E-02 
2451	 6.26754239201546E-02 
2452	 6.34948685765266E-02 
2453	 6.23848438262939E-02 
2454	 6.07457235455513E-02 
2455	 5.95050342381001E-02 
2456	 5.62993846833706E-02 
2457	 5.75908534228802E-02 
2458	 5.95069602131844E-02 
2459	 5.68767115473747E-02 
2460	 5.62281012535095E-02 
2461	 5.32577745616436E-02 
2462	 5.14943562448025E-02 
2463	 5.14184646308422E-02 
2464	 5.26344925165176E-02 
2465	 5.60009479522705E-02 
2466	 5.72283454239368E-02 
2467	 5.95002807676792E-02 
2468	 6.04756847023964E-02 
2469	 5.79745657742023E-02 
2470	 0.057419516146183 
2471	 5.79940415918827E-02 
2472	 5.73230572044849E-02 
2473	 5.68867325782776E-02 
2474	 5.51219470798969E-02 
2475	 5.13541698455811E-02 
2476	 5.18633164465427E-02 
2477	 5.36358207464218E-02 
2478	 5.20641133189201E-02 
2479	 5.47869056463242E-02 
2480	 5.33958040177822E-02 
2481	 5.10380789637566E-02 
2482	 5.32677248120308E-02 
2483	 5.10093979537487E-02 
2484	 4.92379441857338E-02 
2485	 5.06437011063099E-02 
2486	 5.15531934797764E-02 
2487	 0.05362818390131 
2488	 5.39471879601479E-02 
2489	 5.31514994800091E-02 
2490	 5.23007288575172E-02 
2491	 5.30179478228092E-02 
2492	 5.49754425883293E-02 
2493	 5.58847300708294E-02 
2494	 5.41250146925449E-02 
2495	 4.95713241398335E-02 
2496	 4.88033406436443E-02 
2497	 4.94149923324585E-02 
2498	 4.76461797952652E-02 
2499	 4.97400313615799E-02 
2500	 4.95425015687943E-02 
