350	 6.40589967370033E-02 
351	 0.060368325561285 
352	 6.47027269005775E-02 
353	 6.55734091997147E-02 
354	 5.79100698232651E-02 
355	 6.32336214184761E-02 
356	 6.33403286337852E-02 
357	 5.94106800854206E-02 
358	 5.89387528598309E-02 
359	 6.11633248627186E-02 
360	 6.30431100726128E-02 
361	 6.35808631777763E-02 
362	 0.063455805182457 
363	 6.08852878212929E-02 
364	 6.08162619173527E-02 
365	 6.36223256587982E-02 
366	 5.98140209913254E-02 
367	 6.06830753386021E-02 
368	 0.063813790678978 
369	 6.41631707549095E-02 
370	 6.25323727726936E-02 
371	 6.25431537628174E-02 
372	 6.35451674461365E-02 
373	 6.25555515289307E-02 
374	 6.26667663455009E-02 
375	 6.37817829847336E-02 
376	 6.47762566804886E-02 
377	 6.36756643652916E-02 
378	 6.47055134177208E-02 
379	 6.67610093951225E-02 
380	 6.76494538784027E-02 
381	 6.60334601998329E-02 
382	 6.55989944934845E-02 
383	 6.66841343045235E-02 
384	 6.76476657390594E-02 
385	 6.66158646345139E-02 
386	 6.60159215331078E-02 
387	 6.67819902300835E-02 
388	 6.76837489008904E-02 
389	 6.73543587327003E-02 
390	 6.69056624174118E-02 
391	 6.75055310130119E-02 
392	 6.92726299166679E-02 
393	 6.94297477602959E-02 
394	 6.82588070631027E-02 
395	 6.76057040691376E-02 
396	 6.96786642074585E-02 
397	 7.10344091057777E-02 
398	 7.07596838474274E-02 
399	 7.08079561591148E-02 
400	 6.99519962072372E-02 
401	 6.94262161850929E-02 
402	 6.98456913232803E-02 
403	 6.91469460725784E-02 
404	 7.09439590573311E-02 
405	 7.28294402360916E-02 
406	 0.071293868124485 
407	 7.04264491796494E-02 
408	 7.09690302610397E-02 
409	 7.19638392329216E-02 
410	 7.12461993098259E-02 
411	 0.07121891528368 
412	 7.17719495296478E-02 
413	 7.23385810852051E-02 
414	 7.23868533968925E-02 
415	 7.26421624422073E-02 
416	 7.30240121483803E-02 
417	 7.32141062617302E-02 
418	 7.34565779566765E-02 
419	 7.38947466015816E-02 
420	 7.44192078709602E-02 
421	 7.47096538543701E-02 
422	 7.50375911593437E-02 
423	 7.52675384283066E-02 
424	 7.53607228398323E-02 
425	 7.56684839725494E-02 
426	 7.61627703905106E-02 
427	 7.65615850687027E-02 
428	 7.66488388180733E-02 
429	 7.73882046341896E-02 
430	 7.78002291917801E-02 
431	 7.77797400951386E-02 
432	 7.82889202237129E-02 
433	 7.85471200942993E-02 
434	 7.87886828184128E-02 
435	 7.92793557047844E-02 
436	 7.98062011599541E-02 
437	 8.01642313599586E-02 
438	 8.05530920624733E-02 
439	 8.12849476933479E-02 
440	 8.18666964769363E-02 
441	 8.22173580527306E-02 
442	 8.25276151299477E-02 
443	 8.32879245281219E-02 
444	 8.39461237192154E-02 
445	 8.41702297329903E-02 
446	 8.40475410223007E-02 
447	 8.49417224526405E-02 
448	 8.54858085513115E-02 
449	 8.55232626199722E-02 
450	 0.085752859711647 
451	 8.60341638326645E-02 
452	 8.61712321639061E-02 
453	 8.61672163009644E-02 
454	 8.64063575863838E-02 
455	 8.68476927280426E-02 
456	 8.72632041573524E-02 
457	 8.74369889497757E-02 
458	 8.76061469316483E-02 
459	 8.79597887396812E-02 
460	 8.85072201490402E-02 
461	 8.90807062387466E-02 
462	 8.93103033304214E-02 
463	 8.94807800650597E-02 
464	 8.98581296205521E-02 
465	 9.03467386960983E-02 
466	 9.06298086047173E-02 
467	 9.07429456710815E-02 
468	 9.09272208809853E-02 
469	 9.14909839630127E-02 
470	 9.20970365405083E-02 
471	 9.25453454256058E-02 
472	 9.28928405046463E-02 
473	 9.32508856058121E-02 
474	 9.36146005988121E-02 
475	 9.39900726079941E-02 
476	 9.45643484592438E-02 
477	 9.50154960155487E-02 
478	 9.53341424465179E-02 
479	 9.57316681742668E-02 
480	 9.62979272007942E-02 
481	 9.68727245926857E-02 
482	 9.73183885216713E-02 
483	 9.75808426737785E-02 
484	 9.80073809623718E-02 
485	 9.85271111130714E-02 
486	 9.89691987633705E-02 
487	 9.94678288698196E-02 
488	 9.99206155538559E-02 
489	 0.100299648940563 
490	 0.100663892924786 
491	 0.101258426904678 
492	 0.101900324225426 
493	 0.102428466081619 
494	 0.10301723331213 
495	 0.103587470948696 
496	 0.104110419750214 
497	 0.104596339166164 
498	 0.105184242129326 
499	 0.105839774012566 
500	 0.106525175273418 
501	 0.10724114626646 
502	 0.107768177986145 
503	 0.108301877975464 
504	 0.109032817184925 
505	 0.109576739370823 
506	 0.110129743814468 
507	 0.110774628818035 
508	 0.111470378935337 
509	 0.112074494361877 
510	 0.112684234976768 
511	 0.113382935523987 
512	 0.114138789474964 
513	 0.11458232998848 
514	 0.115048967301846 
515	 0.116030283272266 
516	 0.116682179272175 
517	 0.117198206484318 
518	 0.11774954944849 
519	 0.118337526917458 
520	 0.118995644152164 
521	 0.119553171098232 
522	 0.119910359382629 
523	 0.120465978980064 
524	 0.120999053120613 
525	 0.121494486927986 
526	 0.122091144323349 
527	 0.122608870267868 
528	 0.123082429170609 
529	 0.12352193146944 
530	 0.123762376606464 
531	 0.124221555888653 
532	 0.1247388869524 
533	 0.125010579824448 
534	 0.125530317425728 
535	 0.126094743609428 
536	 0.126571983098984 
537	 0.126987785100937 
538	 0.12754625082016 
539	 0.128112986683846 
540	 0.128558441996574 
541	 0.129113391041756 
542	 0.129770651459694 
543	 0.130419313907623 
544	 0.130900099873543 
545	 0.13154973089695 
546	 0.132259771227837 
547	 0.132910341024399 
548	 0.133503675460815 
549	 0.134125918149948 
550	 0.134819269180298 
551	 0.135573789477348 
552	 0.136200115084648 
553	 0.136810064315796 
554	 0.1374531686306 
555	 0.138066738843918 
556	 0.138706296682358 
557	 0.139380142092705 
558	 0.140070274472237 
559	 0.140709593892097 
560	 0.141300484538078 
561	 0.141910508275032 
562	 0.142642989754677 
563	 0.143340945243835 
564	 0.144039675593376 
565	 0.144753456115723 
566	 0.145357578992844 
567	 0.146051943302155 
568	 0.146774545311928 
569	 0.14737805724144 
570	 0.147992238402367 
571	 0.148563086986542 
572	 0.149067714810371 
573	 0.149550437927246 
574	 0.150068327784538 
575	 0.150635331869125 
576	 0.151227071881294 
577	 0.151735976338387 
578	 0.152272343635559 
579	 0.152835294604301 
580	 0.153333187103271 
581	 0.153848275542259 
582	 0.154351383447647 
583	 0.154820293188095 
584	 0.1552954018116 
585	 0.155780032277107 
586	 0.156335443258286 
587	 0.157015219330788 
588	 0.15763022005558 
589	 0.158162772655487 
590	 0.158609047532082 
591	 0.158965304493904 
592	 0.159257784485817 
593	 0.159538611769676 
594	 0.159849420189857 
595	 0.16014675796032 
596	 0.160447299480438 
597	 0.160740882158279 
598	 0.160998061299324 
599	 0.161284312605858 
600	 0.161607280373573 
601	 0.161973744630814 
602	 0.162407830357552 
603	 0.162804871797562 
604	 0.163143336772919 
605	 0.163430243730545 
606	 0.163593277335167 
607	 0.163746744394302 
608	 0.163915768265724 
609	 0.163996443152428 
610	 0.164223834872246 
611	 0.164543464779854 
612	 0.164833635091782 
613	 0.165048539638519 
614	 0.165330499410629 
615	 0.165667906403542 
616	 0.165941908955574 
617	 0.166180595755577 
618	 0.166417554020882 
619	 0.166669026017189 
620	 0.166904851794243 
621	 0.167161643505096 
622	 0.167437836527824 
623	 0.167736634612083 
624	 0.168153509497643 
625	 0.168496921658516 
626	 0.168737515807152 
627	 0.169055953621864 
628	 0.169340044260025 
629	 0.169603183865547 
630	 0.169856324791908 
631	 0.170011162757874 
632	 0.170126870274544 
633	 0.170140445232391 
634	 0.1699358522892 
635	 0.169774398207664 
636	 0.169533640146255 
637	 0.169130086898804 
638	 0.168655380606651 
639	 0.1680958122015 
640	 0.167453095316887 
641	 0.166735768318176 
642	 0.165948763489723 
643	 0.165195286273956 
644	 0.164504677057266 
645	 0.163819298148155 
646	 0.163043051958084 
647	 0.162346377968788 
648	 0.161822438240051 
649	 0.161184027791023 
650	 0.160584717988968 
651	 0.160057634115219 
652	 0.159559309482574 
653	 0.159022852778435 
654	 0.158478990197182 
655	 0.157937809824944 
656	 0.157380446791649 
657	 0.15664991736412 
658	 0.155895844101906 
659	 0.155277326703072 
660	 0.154588282108307 
661	 0.153913453221321 
662	 0.153288692235947 
663	 0.152712255716324 
664	 0.15232315659523 
665	 0.152007356286049 
666	 0.151703551411629 
667	 0.151559203863144 
668	 0.151562705636024 
669	 0.151725858449936 
670	 0.152041360735893 
671	 0.152373701334 
672	 0.152848482131958 
673	 0.153511062264442 
674	 0.154304444789886 
675	 0.155166909098625 
676	 0.156242161989212 
677	 0.157613575458527 
678	 0.159061104059219 
679	 0.160623535513878 
680	 0.162375748157501 
681	 0.164386570453644 
682	 0.166521668434143 
683	 0.168816640973091 
684	 0.171290770173073 
685	 0.173920378088951 
686	 0.176644161343575 
687	 0.179471105337143 
688	 0.182374402880669 
689	 0.185161113739014 
690	 0.187972187995911 
691	 0.190856173634529 
692	 0.19377838075161 
693	 0.196642145514488 
694	 0.199475049972534 
695	 0.202297315001488 
696	 0.205094993114471 
697	 0.208111181855202 
698	 0.211197912693024 
699	 0.214177623391151 
700	 0.217323020100594 
701	 0.220643311738968 
702	 0.22403222322464 
703	 0.227326050400734 
704	 0.230827778577805 
705	 0.234447792172432 
706	 0.238047093153 
707	 0.241493344306946 
708	 0.245079830288887 
709	 0.248753190040588 
710	 0.252344399690628 
711	 0.255817323923111 
712	 0.259268313646317 
713	 0.262712985277176 
714	 0.266083747148514 
715	 0.269368439912796 
716	 0.272635489702225 
717	 0.275888890028 
718	 0.278982818126678 
719	 0.282124876976013 
720	 0.285278052091599 
721	 0.288341820240021 
722	 0.291367948055267 
723	 0.294411271810532 
724	 0.297464042901993 
725	 0.300464481115341 
726	 0.303448170423508 
727	 0.30641895532608 
728	 0.309371292591095 
729	 0.312289386987686 
730	 0.315159738063812 
731	 0.318003714084625 
732	 0.320843279361725 
733	 0.323611497879028 
734	 0.32635223865509 
735	 0.329067945480347 
736	 0.331722170114517 
737	 0.334235310554504 
738	 0.336750894784927 
739	 0.339308142662048 
740	 0.341668903827667 
741	 0.343992114067078 
742	 0.346340000629425 
743	 0.348710119724274 
744	 0.350927025079727 
745	 0.353045672178268 
746	 0.355130404233933 
747	 0.357236474752426 
748	 0.359270125627518 
749	 0.361282140016556 
750	 0.363292545080185 
751	 0.365226179361343 
752	 0.367102324962616 
753	 0.368967801332474 
754	 0.370862871408463 
755	 0.372760593891144 
756	 0.374588042497635 
757	 0.376402705907822 
758	 0.378328680992126 
759	 0.380247563123703 
760	 0.382068961858749 
761	 0.383810967206955 
762	 0.38561686873436 
763	 0.387407898902893 
764	 0.389147311449051 
765	 0.390843093395233 
766	 0.392587453126907 
767	 0.394313991069794 
768	 0.396035462617874 
769	 0.39775937795639 
770	 0.399308323860168 
771	 0.400905817747116 
772	 0.40259450674057 
773	 0.404210776090622 
774	 0.405749827623367 
775	 0.40727362036705 
776	 0.408819377422333 
777	 0.410344898700714 
778	 0.4118632376194 
779	 0.413403958082199 
780	 0.414967864751816 
781	 0.416430085897446 
782	 0.4178386926651 
783	 0.419262766838074 
784	 0.420752972364426 
785	 0.422133475542068 
786	 0.423423916101456 
787	 0.424740195274353 
788	 0.426254451274872 
789	 0.427688986063004 
790	 0.429013341665268 
791	 0.430272072553635 
792	 0.431562840938568 
793	 0.432828217744827 
794	 0.434100836515427 
795	 0.435409128665924 
796	 0.436657428741455 
797	 0.437795281410217 
798	 0.438937902450562 
799	 0.440256625413895 
800	 0.441555857658386 
801	 0.442765414714813 
802	 0.443892538547516 
803	 0.445008188486099 
804	 0.446051031351089 
805	 0.447159707546234 
806	 0.448403686285019 
807	 0.44961616396904 
808	 0.450721353292465 
809	 0.451804518699646 
810	 0.452962040901184 
811	 0.45406848192215 
812	 0.455172657966614 
813	 0.456263393163681 
814	 0.457296192646027 
815	 0.45833683013916 
816	 0.459353566169739 
817	 0.460349291563034 
818	 0.461365193128586 
819	 0.46241894364357 
820	 0.463432669639587 
821	 0.464379459619522 
822	 0.46538919210434 
823	 0.466292589902878 
824	 0.467187941074371 
825	 0.46815299987793 
826	 0.468977242708206 
827	 0.469893306493759 
828	 0.470897734165192 
829	 0.471879571676254 
830	 0.472719103097916 
831	 0.473639309406281 
832	 0.474612563848495 
833	 0.475447833538055 
834	 0.476302236318588 
835	 0.477198272943497 
836	 0.478085964918137 
837	 0.478888392448425 
838	 0.479684948921204 
839	 0.480502486228943 
840	 0.481359273195267 
841	 0.482258349657059 
842	 0.483049750328064 
843	 0.483814537525177 
844	 0.484621316194534 
845	 0.485338568687439 
846	 0.486155062913895 
847	 0.487026572227478 
848	 0.487811058759689 
849	 0.488431721925735 
850	 0.48908931016922 
851	 0.48984569311142 
852	 0.490655779838562 
853	 0.491428732872009 
854	 0.492161452770233 
855	 0.492875307798386 
856	 0.493605077266693 
857	 0.494252949953079 
858	 0.494865715503693 
859	 0.495512932538986 
860	 0.49624502658844 
861	 0.496939331293106 
862	 0.497632890939713 
863	 0.498326689004898 
864	 0.498968452215195 
865	 0.499604523181915 
866	 0.500245094299316 
867	 0.500913977622986 
868	 0.501656055450439 
869	 0.502287209033966 
870	 0.502799510955811 
871	 0.503296613693237 
872	 0.503909647464752 
873	 0.504512190818787 
874	 0.505043566226959 
875	 0.50553971529007 
876	 0.50620573759079 
877	 0.506874263286591 
878	 0.507428228855133 
879	 0.507841885089874 
880	 0.508339405059814 
881	 0.508911073207855 
882	 0.50945907831192 
883	 0.50992226600647 
884	 0.510451197624207 
885	 0.511036813259125 
886	 0.511598885059357 
887	 0.512010514736176 
888	 0.512455701828003 
889	 0.512927949428558 
890	 0.513441443443298 
891	 0.514027953147888 
892	 0.514542758464813 
893	 0.515012264251709 
894	 0.515452802181244 
895	 0.515886962413788 
896	 0.516357183456421 
897	 0.516786754131317 
898	 0.517199039459229 
899	 0.517758786678314 
900	 0.518174588680267 
901	 0.518553912639618 
902	 0.5190110206604 
903	 0.519531846046448 
904	 0.520037412643433 
905	 0.520479917526245 
906	 0.520894467830658 
907	 0.521511256694794 
908	 0.521920323371887 
909	 0.522290349006653 
910	 0.522769153118134 
911	 0.523210346698761 
912	 0.523685932159424 
913	 0.524001240730286 
914	 0.524171948432922 
915	 0.524756550788879 
916	 0.525227606296539 
917	 0.525500893592834 
918	 0.525733411312103 
919	 0.526295125484467 
920	 0.526775419712067 
921	 0.527155101299286 
922	 0.527509689331055 
923	 0.527850806713104 
924	 0.528117716312408 
925	 0.528479397296906 
926	 0.528992831707001 
927	 0.529360830783844 
928	 0.529724895954132 
929	 0.530144214630127 
930	 0.530560791492462 
931	 0.530707657337189 
932	 0.53102833032608 
933	 0.531510591506958 
934	 0.531971156597137 
935	 0.532224416732788 
936	 0.532563149929047 
937	 0.532955646514893 
938	 0.533359885215759 
939	 0.533816874027252 
940	 0.534073531627655 
941	 0.534417450428009 
942	 0.534875154495239 
943	 0.534931838512421 
944	 0.535018086433411 
945	 0.53536194562912 
946	 0.535857260227203 
947	 0.536026775836945 
948	 0.536270916461945 
949	 0.536527156829834 
950	 0.536731481552124 
951	 0.536982953548431 
952	 0.537436246871948 
953	 0.537737786769867 
954	 0.537876665592194 
955	 0.538188874721527 
956	 0.538352966308594 
957	 0.538647353649139 
958	 0.538994669914246 
959	 0.539014756679535 
960	 0.539214313030243 
961	 0.539554119110107 
962	 0.539839744567871 
963	 0.539889395236969 
964	 0.539972603321075 
965	 0.540196597576141 
966	 0.540442109107971 
967	 0.540528833866119 
968	 0.540575802326202 
969	 0.540819525718689 
970	 0.54127025604248 
971	 0.541720390319824 
972	 0.541638255119324 
973	 0.541937232017517 
974	 0.542282044887543 
975	 0.542211651802063 
976	 0.54205060005188 
977	 0.542475581169128 
978	 0.542635679244995 
979	 0.542207837104797 
980	 0.542538464069366 
981	 0.542883098125458 
982	 0.543263733386993 
983	 0.543615341186523 
984	 0.543653786182404 
985	 0.543567955493927 
986	 0.543906807899475 
987	 0.544301509857178 
988	 0.543886482715607 
989	 0.544030070304871 
990	 0.544216811656952 
991	 0.544346749782562 
992	 0.544535040855408 
993	 0.544231414794922 
994	 0.544529259204865 
995	 0.545108675956726 
996	 0.545277059078217 
997	 0.545133173465729 
998	 0.545223593711853 
999	 0.545589327812195 
1000	 0.545917689800262 
1001	 0.545369923114777 
1002	 0.545371234416962 
1003	 0.545406699180603 
1004	 0.545413374900818 
1005	 0.545579612255096 
1006	 0.545719623565674 
1007	 0.545907497406006 
1008	 0.546047985553741 
1009	 0.546227812767029 
1010	 0.546257555484772 
1011	 0.546146988868713 
1012	 0.546197175979614 
1013	 0.546189486980438 
1014	 0.546345770359039 
1015	 0.546609699726105 
1016	 0.546890497207642 
1017	 0.54708057641983 
1018	 0.547283470630646 
1019	 0.547573804855347 
1020	 0.547950983047485 
1021	 0.548158168792725 
1022	 0.548529028892517 
1023	 0.548496007919312 
1024	 0.548046886920929 
1025	 0.54794180393219 
1026	 0.547575831413269 
1027	 0.547530472278595 
1028	 0.548035860061646 
1029	 0.548118770122528 
1030	 0.547906875610352 
1031	 0.54821789264679 
1032	 0.548242032527924 
1033	 0.548299670219421 
1034	 0.54856938123703 
1035	 0.549221038818359 
1036	 0.549435257911682 
1037	 0.549604594707489 
1038	 0.549717426300049 
1039	 0.549491226673126 
1040	 0.549517571926117 
1041	 0.549696087837219 
1042	 0.549747347831726 
1043	 0.549700498580933 
1044	 0.549957036972046 
1045	 0.550078868865967 
1046	 0.549993097782135 
1047	 0.550039291381836 
1048	 0.550118625164032 
1049	 0.550252258777618 
1050	 0.550518572330475 
1051	 0.550565421581268 
1052	 0.550478458404541 
1053	 0.550534009933472 
1054	 0.550397872924805 
1055	 0.550568580627441 
1056	 0.551252365112305 
1057	 0.551469087600708 
1058	 0.551671624183655 
1059	 0.55154550075531 
1060	 0.551249861717224 
1061	 0.551246225833893 
1062	 0.551394522190094 
1063	 0.551835894584656 
1064	 0.552044808864594 
1065	 0.552328884601593 
1066	 0.552482724189758 
1067	 0.55245840549469 
1068	 0.552546679973602 
1069	 0.552794098854065 
1070	 0.5527623295784 
1071	 0.5524662733078 
1072	 0.552452206611633 
1073	 0.552477121353149 
1074	 0.552413582801819 
1075	 0.552506327629089 
1076	 0.55259495973587 
1077	 0.552597939968109 
1078	 0.552344739437103 
1079	 0.552395462989807 
1080	 0.552638411521912 
1081	 0.552737891674042 
1082	 0.552907586097717 
1083	 0.552973031997681 
1084	 0.552863836288452 
1085	 0.552907466888428 
1086	 0.553096413612366 
1087	 0.553091824054718 
1088	 0.55292534828186 
1089	 0.552947223186493 
1090	 0.552924692630768 
1091	 0.552924156188965 
1092	 0.552888453006744 
1093	 0.552993357181549 
1094	 0.553014576435089 
1095	 0.552884995937347 
1096	 0.552894651889801 
1097	 0.553080976009369 
1098	 0.553122401237488 
1099	 0.553098499774933 
1100	 0.553106069564819 
1101	 0.553106427192688 
1102	 0.553121626377106 
1103	 0.553124010562897 
1104	 0.553179919719696 
1105	 0.553280115127563 
1106	 0.55337655544281 
1107	 0.55350399017334 
1108	 0.553714036941528 
1109	 0.553738594055176 
1110	 0.553638517856598 
1111	 0.553675949573517 
1112	 0.553625285625458 
1113	 0.553674459457397 
1114	 0.553929090499878 
1115	 0.553978383541107 
1116	 0.553884625434875 
1117	 0.553886651992798 
1118	 0.553839325904846 
1119	 0.553843379020691 
1120	 0.55396968126297 
1121	 0.553994715213776 
1122	 0.554067432880402 
1123	 0.553928673267365 
1124	 0.553792357444763 
1125	 0.553539574146271 
1126	 0.553480565547943 
1127	 0.553472101688385 
1128	 0.553425669670105 
1129	 0.553436636924744 
1130	 0.553454875946045 
1131	 0.553432464599609 
1132	 0.553426504135132 
1133	 0.553573250770569 
1134	 0.553588569164276 
1135	 0.553413510322571 
1136	 0.553403973579407 
1137	 0.553486704826355 
1138	 0.553505480289459 
1139	 0.553542613983154 
1140	 0.55369371175766 
1141	 0.553637862205505 
1142	 0.553383588790894 
1143	 0.553389608860016 
1144	 0.55345493555069 
1145	 0.553417384624481 
1146	 0.553502976894379 
1147	 0.55345606803894 
1148	 0.553159058094025 
1149	 0.553086936473846 
1150	 0.553214192390442 
1151	 0.553138494491577 
1152	 0.552925229072571 
1153	 0.552888631820679 
1154	 0.552873730659485 
1155	 0.552812993526459 
1156	 0.552869975566864 
1157	 0.55291736125946 
1158	 0.552874505519867 
1159	 0.552804827690125 
1160	 0.552727937698364 
1161	 0.552656769752502 
1162	 0.552646338939667 
1163	 0.552623808383942 
1164	 0.552586376667023 
1165	 0.552644908428192 
1166	 0.552540957927704 
1167	 0.552180290222168 
1168	 0.552084386348724 
1169	 0.552153170108795 
1170	 0.552076995372772 
1171	 0.552063822746277 
1172	 0.552023768424988 
1173	 0.55187314748764 
1174	 0.5516716837883 
1175	 0.551600992679596 
1176	 0.551587641239166 
1177	 0.55151504278183 
1178	 0.551415264606476 
1179	 0.551343023777008 
1180	 0.551302492618561 
1181	 0.551172316074371 
1182	 0.550953567028046 
1183	 0.550853967666626 
1184	 0.55076801776886 
1185	 0.550644397735596 
1186	 0.550581216812134 
1187	 0.550491154193878 
1188	 0.550327122211456 
1189	 0.550250828266144 
1190	 0.550296247005463 
1191	 0.550280332565308 
1192	 0.55016028881073 
1193	 0.549989640712738 
1194	 0.549714505672455 
1195	 0.549603641033173 
1196	 0.54958701133728 
1197	 0.549778401851654 
1198	 0.549746453762054 
1199	 0.5496666431427 
1200	 0.549631595611572 
1201	 0.549530982971191 
1202	 0.549482822418213 
1203	 0.549585282802582 
1204	 0.54956841468811 
1205	 0.549392104148865 
1206	 0.549302995204926 
1207	 0.549262344837189 
1208	 0.549205601215363 
1209	 0.549123883247375 
1210	 0.549165368080139 
1211	 0.549088299274445 
1212	 0.549007475376129 
1213	 0.549149751663208 
1214	 0.549181699752808 
1215	 0.549136400222778 
1216	 0.549272179603577 
1217	 0.549306988716125 
1218	 0.549161732196808 
1219	 0.549226462841034 
1220	 0.549444019794464 
1221	 0.549589276313782 
1222	 0.549810647964478 
1223	 0.549964308738709 
1224	 0.550042569637299 
1225	 0.550131261348724 
1226	 0.550196707248688 
1227	 0.550313413143158 
1228	 0.550489604473114 
1229	 0.550570666790009 
1230	 0.550574719905853 
1231	 0.550559759140015 
1232	 0.55053049325943 
1233	 0.550590991973877 
1234	 0.550807416439056 
1235	 0.550946235656738 
1236	 0.550905048847198 
1237	 0.550974130630493 
1238	 0.551081597805023 
1239	 0.551235854625702 
1240	 0.55124568939209 
1241	 0.551253020763397 
1242	 0.551289975643158 
1243	 0.551183462142944 
1244	 0.55119663476944 
1245	 0.551392614841461 
1246	 0.551492750644684 
1247	 0.551554381847382 
1248	 0.551559269428253 
1249	 0.5516277551651 
1250	 0.551613390445709 
1251	 0.55156672000885 
1252	 0.551629662513733 
1253	 0.551663041114807 
1254	 0.551655948162079 
1255	 0.551695108413696 
1256	 0.55164647102356 
1257	 0.551608681678772 
1258	 0.551690340042114 
1259	 0.551673829555511 
1260	 0.551632583141327 
1261	 0.551585793495178 
1262	 0.551437020301819 
1263	 0.551415324211121 
1264	 0.551455438137054 
1265	 0.551447093486786 
1266	 0.551553606987 
1267	 0.551594018936157 
1268	 0.5515496134758 
1269	 0.551535904407501 
1270	 0.551635801792145 
1271	 0.551681935787201 
1272	 0.551653146743774 
1273	 0.55168741941452 
1274	 0.551704168319702 
1275	 0.551523506641388 
1276	 0.551374137401581 
1277	 0.551422894001007 
1278	 0.551496922969818 
1279	 0.551506221294403 
1280	 0.551598429679871 
1281	 0.551626861095428 
1282	 0.551624953746796 
1283	 0.551539778709412 
1284	 0.551542103290558 
1285	 0.551523864269257 
1286	 0.551540553569794 
1287	 0.551597774028778 
1288	 0.55159205198288 
1289	 0.551563322544098 
1290	 0.551528751850128 
1291	 0.551486670970917 
1292	 0.551505923271179 
1293	 0.551518559455872 
1294	 0.551632583141327 
1295	 0.551733136177063 
1296	 0.551701843738556 
1297	 0.551755905151367 
1298	 0.551746487617493 
1299	 0.551638960838318 
1300	 0.551693558692932 
1301	 0.551739633083344 
1302	 0.551671922206879 
1303	 0.551683366298676 
1304	 0.551713824272156 
1305	 0.551663100719452 
1306	 0.551592707633972 
1307	 0.551578879356384 
1308	 0.551497340202332 
1309	 0.551429569721222 
1310	 0.551447153091431 
1311	 0.551336169242859 
1312	 0.551104187965393 
1313	 0.551024496555328 
1314	 0.550965785980225 
1315	 0.550870478153229 
1316	 0.550849914550781 
1317	 0.550693392753601 
1318	 0.55042290687561 
1319	 0.550279140472412 
1320	 0.550192773342133 
1321	 0.550094485282898 
1322	 0.550129950046539 
1323	 0.550113797187805 
1324	 0.549809634685516 
1325	 0.549518585205078 
1326	 0.549345910549164 
1327	 0.549157440662384 
1328	 0.549086809158325 
1329	 0.549084722995758 
1330	 0.548962652683258 
1331	 0.548682928085327 
1332	 0.548492670059204 
1333	 0.548372685909271 
1334	 0.548231065273285 
1335	 0.548049628734589 
1336	 0.547925770282745 
1337	 0.547841131687164 
1338	 0.547718465328217 
1339	 0.547609686851501 
1340	 0.547513127326965 
1341	 0.547211289405823 
1342	 0.546997725963593 
1343	 0.546951353549957 
1344	 0.54686039686203 
1345	 0.546702444553375 
1346	 0.546471178531647 
1347	 0.546218931674957 
1348	 0.545980453491211 
1349	 0.545763313770294 
1350	 0.545705497264862 
1351	 0.545607805252075 
1352	 0.54530668258667 
1353	 0.545092284679413 
1354	 0.544912219047546 
1355	 0.544602930545807 
1356	 0.544388055801392 
1357	 0.544284999370575 
1358	 0.544107615947723 
1359	 0.543915331363678 
1360	 0.543711483478546 
1361	 0.543517708778381 
1362	 0.543290555477142 
1363	 0.543097913265228 
1364	 0.542922377586365 
1365	 0.542791604995728 
1366	 0.542684435844421 
1367	 0.542529344558716 
1368	 0.542388737201691 
1369	 0.542368769645691 
1370	 0.542330920696259 
1371	 0.542201280593872 
1372	 0.542169213294983 
1373	 0.542146265506744 
1374	 0.541957914829254 
1375	 0.541853845119476 
1376	 0.541815996170044 
1377	 0.541648149490356 
1378	 0.541504085063934 
1379	 0.541475474834442 
1380	 0.541360259056091 
1381	 0.541171371936798 
1382	 0.541044473648071 
1383	 0.540829718112946 
1384	 0.540539920330048 
1385	 0.540328919887543 
1386	 0.540126383304596 
1387	 0.539906084537506 
1388	 0.539714872837067 
1389	 0.539614319801331 
1390	 0.539402842521667 
1391	 0.539166808128357 
1392	 0.538873732089996 
1393	 0.538502335548401 
1394	 0.538144469261169 
1395	 0.537735998630524 
1396	 0.537353515625 
1397	 0.537064969539642 
1398	 0.53669285774231 
1399	 0.53622305393219 
1400	 0.535775601863861 
1401	 0.535155177116394 
1402	 0.534514009952545 
1403	 0.534055352210999 
1404	 0.533421576023102 
1405	 0.532629728317261 
1406	 0.531928598880768 
1407	 0.531173706054688 
1408	 0.530336678028107 
1409	 0.529558122158051 
1410	 0.528728365898132 
1411	 0.527739763259888 
1412	 0.526787281036377 
1413	 0.525949597358704 
1414	 0.525083482265472 
1415	 0.524208605289459 
1416	 0.523452699184418 
1417	 0.522657632827759 
1418	 0.521793246269226 
1419	 0.520941197872162 
1420	 0.520089209079742 
1421	 0.519227862358093 
1422	 0.518381357192993 
1423	 0.51755678653717 
1424	 0.516751229763031 
1425	 0.516013562679291 
1426	 0.515369772911072 
1427	 0.514626502990723 
1428	 0.513869762420654 
1429	 0.513193607330322 
1430	 0.512477874755859 
1431	 0.511758029460907 
1432	 0.511258542537689 
1433	 0.510770857334137 
1434	 0.510136306285858 
1435	 0.509515702724457 
1436	 0.50897079706192 
1437	 0.508423447608948 
1438	 0.507910132408142 
1439	 0.507479965686798 
1440	 0.507087051868439 
1441	 0.506654679775238 
1442	 0.506224513053894 
1443	 0.505808591842651 
1444	 0.505361974239349 
1445	 0.504957497119904 
1446	 0.504645168781281 
1447	 0.504328846931458 
1448	 0.504007399082184 
1449	 0.503673255443573 
1450	 0.503334105014801 
1451	 0.50311154127121 
1452	 0.502931118011475 
1453	 0.502642035484314 
1454	 0.502323389053345 
1455	 0.502061903476715 
1456	 0.501878619194031 
1457	 0.501709580421448 
1458	 0.501479089260101 
1459	 0.501281023025513 
1460	 0.501053929328918 
1461	 0.500706732273102 
1462	 0.500474333763123 
1463	 0.500312209129334 
1464	 0.500081598758698 
1465	 0.499766379594803 
1466	 0.499592840671539 
1467	 0.499469548463821 
1468	 0.499315291643143 
1469	 0.499225080013275 
1470	 0.499060779809952 
1471	 0.498779028654099 
1472	 0.49860692024231 
1473	 0.498463332653046 
1474	 0.498342603445053 
1475	 0.49823334813118 
1476	 0.498075127601624 
1477	 0.497835636138916 
1478	 0.497639268636703 
1479	 0.497513383626938 
1480	 0.497332036495209 
1481	 0.497202485799789 
1482	 0.497118234634399 
1483	 0.496987283229828 
1484	 0.49687922000885 
1485	 0.49682092666626 
1486	 0.496738135814667 
1487	 0.496603965759277 
1488	 0.496647655963898 
1489	 0.496761411428452 
1490	 0.496741563081741 
1491	 0.4968181848526 
1492	 0.496903270483017 
1493	 0.496829032897949 
1494	 0.496846735477448 
1495	 0.496945858001709 
1496	 0.496989697217941 
1497	 0.497067928314209 
1498	 0.49724093079567 
1499	 0.497375577688217 
1500	 0.497422337532043 
1501	 0.4975246489048 
1502	 0.497623294591904 
1503	 0.497683107852936 
1504	 0.497826993465424 
1505	 0.498005598783493 
1506	 0.498135983943939 
1507	 0.49827629327774 
1508	 0.498454689979553 
1509	 0.498551279306412 
1510	 0.498666137456894 
1511	 0.498830407857895 
1512	 0.498930245637894 
1513	 0.499037593603134 
1514	 0.499153971672058 
1515	 0.499252915382385 
1516	 0.499351382255554 
1517	 0.499470740556717 
1518	 0.499649405479431 
1519	 0.499737054109573 
1520	 0.499757528305054 
1521	 0.49984684586525 
1522	 0.499935984611511 
1523	 0.500001072883606 
1524	 0.500103056430817 
1525	 0.50020706653595 
1526	 0.500287234783173 
1527	 0.500320971012115 
1528	 0.500373005867004 
1529	 0.50039678812027 
1530	 0.500332236289978 
1531	 0.500335812568665 
1532	 0.500402629375458 
1533	 0.500389814376831 
1534	 0.500275492668152 
1535	 0.500317752361298 
1536	 0.500412940979004 
1537	 0.500558257102966 
1538	 0.500657975673676 
1539	 0.500762641429901 
1540	 0.50077360868454 
1541	 0.500720620155334 
1542	 0.500847995281219 
1543	 0.501119077205658 
1544	 0.501276254653931 
1545	 0.501355946063995 
1546	 0.501410782337189 
1547	 0.501397609710693 
1548	 0.501394391059875 
1549	 0.501470983028412 
1550	 0.501521944999695 
1551	 0.5014768242836 
1552	 0.501495659351349 
1553	 0.501523017883301 
1554	 0.501435577869415 
1555	 0.501381933689117 
1556	 0.501351535320282 
1557	 0.501372098922729 
1558	 0.501542806625366 
1559	 0.501652657985687 
1560	 0.501645088195801 
1561	 0.501580536365509 
1562	 0.501430630683899 
1563	 0.50137722492218 
1564	 0.501427173614502 
1565	 0.501439690589905 
1566	 0.501476883888245 
1567	 0.501455724239349 
1568	 0.501283705234528 
1569	 0.501200199127197 
1570	 0.50123405456543 
1571	 0.501288235187531 
1572	 0.501327157020569 
1573	 0.501225233078003 
1574	 0.50115579366684 
1575	 0.50116902589798 
1576	 0.501235604286194 
1577	 0.501417994499207 
1578	 0.50144100189209 
1579	 0.501300513744354 
1580	 0.501248121261597 
1581	 0.501252412796021 
1582	 0.501294255256653 
1583	 0.501366019248962 
1584	 0.501357853412628 
1585	 0.501334011554718 
1586	 0.501420080661774 
1587	 0.501515746116638 
1588	 0.501611709594727 
1589	 0.501797258853912 
1590	 0.501973152160645 
1591	 0.50212287902832 
1592	 0.502338051795959 
1593	 0.502528488636017 
1594	 0.502615630626678 
1595	 0.502820730209351 
1596	 0.503097593784332 
1597	 0.503255069255829 
1598	 0.50347900390625 
1599	 0.503683090209961 
1600	 0.503876805305481 
1601	 0.504251956939697 
1602	 0.504555284976959 
1603	 0.504716515541077 
1604	 0.504858016967773 
1605	 0.504991233348846 
1606	 0.505187392234802 
1607	 0.505429089069366 
1608	 0.505654275417328 
1609	 0.505882203578949 
1610	 0.506153047084808 
1611	 0.506393849849701 
1612	 0.506539821624756 
1613	 0.506654560565948 
1614	 0.506656765937805 
1615	 0.506658017635345 
1616	 0.506852865219116 
1617	 0.507016003131866 
1618	 0.507226467132568 
1619	 0.507436454296112 
1620	 0.507545351982117 
1621	 0.507728219032288 
1622	 0.507834017276764 
1623	 0.507916808128357 
1624	 0.508128464221954 
1625	 0.508293926715851 
1626	 0.508393347263336 
1627	 0.508594214916229 
1628	 0.508705198764801 
1629	 0.50865238904953 
1630	 0.508741438388824 
1631	 0.50887143611908 
1632	 0.508931994438171 
1633	 0.509116888046265 
1634	 0.509256720542908 
1635	 0.509250342845917 
1636	 0.509321928024292 
1637	 0.509405314922333 
1638	 0.509469747543335 
1639	 0.509589314460754 
1640	 0.50967139005661 
1641	 0.509661078453064 
1642	 0.509730517864227 
1643	 0.509856343269348 
1644	 0.509916067123413 
1645	 0.509989559650421 
1646	 0.509971857070923 
1647	 0.509878993034363 
1648	 0.509948372840881 
1649	 0.510009467601776 
1650	 0.509928941726685 
1651	 0.509914577007294 
1652	 0.509899735450745 
1653	 0.509823203086853 
1654	 0.509827673435211 
1655	 0.509828567504883 
1656	 0.50964218378067 
1657	 0.509393155574799 
1658	 0.509312450885773 
1659	 0.509304225444794 
1660	 0.509275197982788 
1661	 0.509310126304626 
1662	 0.509167492389679 
1663	 0.508878469467163 
1664	 0.508599400520325 
1665	 0.508334517478943 
1666	 0.508238852024078 
1667	 0.508174240589142 
1668	 0.508126258850098 
1669	 0.508081138134003 
1670	 0.507814526557922 
1671	 0.507558166980743 
1672	 0.50742381811142 
1673	 0.50716507434845 
1674	 0.506818294525146 
1675	 0.506559073925018 
1676	 0.506266951560974 
1677	 0.505959689617157 
1678	 0.505746126174927 
1679	 0.5055011510849 
1680	 0.505114197731018 
1681	 0.504826664924622 
1682	 0.50463879108429 
1683	 0.50436794757843 
1684	 0.504173815250397 
1685	 0.503800690174103 
1686	 0.503153324127197 
1687	 0.502744913101196 
1688	 0.502377152442932 
1689	 0.501994252204895 
1690	 0.501825630664825 
1691	 0.501526474952698 
1692	 0.50107353925705 
1693	 0.500712215900421 
1694	 0.500417053699493 
1695	 0.500041544437408 
1696	 0.499602735042572 
1697	 0.499251782894135 
1698	 0.498949080705643 
1699	 0.498581677675247 
1700	 0.498217433691025 
1701	 0.497840642929077 
1702	 0.497334331274033 
1703	 0.497005343437195 
1704	 0.496854156255722 
1705	 0.496594816446304 
1706	 0.49638557434082 
1707	 0.496055871248245 
1708	 0.495591521263123 
1709	 0.495207726955414 
1710	 0.494748622179031 
1711	 0.494440644979477 
1712	 0.494337677955627 
1713	 0.493986546993256 
1714	 0.493604451417923 
1715	 0.493221133947372 
1716	 0.492686450481415 
1717	 0.492218643426895 
1718	 0.49181467294693 
1719	 0.491421729326248 
1720	 0.490962237119675 
1721	 0.49062705039978 
1722	 0.49049237370491 
1723	 0.490088313817978 
1724	 0.48953765630722 
1725	 0.48918280005455 
1726	 0.48873183131218 
1727	 0.488546222448349 
1728	 0.488613098859787 
1729	 0.488582819700241 
1730	 0.488617956638336 
1731	 0.488456249237061 
1732	 0.488504588603973 
1733	 0.488847583532333 
1734	 0.488995879888535 
1735	 0.489333003759384 
1736	 0.489513605833054 
1737	 0.489280968904495 
1738	 0.489289879798889 
1739	 0.489487797021866 
1740	 0.489554196596146 
1741	 0.489637672901154 
1742	 0.489737838506699 
1743	 0.489796668291092 
1744	 0.489799648523331 
1745	 0.489866763353348 
1746	 0.489826321601868 
1747	 0.489509642124176 
1748	 0.489423334598541 
1749	 0.48945227265358 
1750	 0.489442646503448 
1751	 0.489661782979965 
1752	 0.489620119333267 
1753	 0.489304065704346 
1754	 0.489185601472855 
1755	 0.48907658457756 
1756	 0.488916635513306 
1757	 0.488830059766769 
1758	 0.48871898651123 
1759	 0.488545030355453 
1760	 0.488322973251343 
1761	 0.488066464662552 
1762	 0.487962603569031 
1763	 0.487738609313965 
1764	 0.487809330224991 
1765	 0.488274872303009 
1766	 0.488386690616608 
1767	 0.488469362258911 
1768	 0.488495886325836 
1769	 0.488341927528381 
1770	 0.488280445337296 
1771	 0.488217532634735 
1772	 0.488295704126358 
1773	 0.488427221775055 
1774	 0.488653361797333 
1775	 0.488778412342072 
1776	 0.488525599241257 
1777	 0.488453477621078 
1778	 0.488490223884583 
1779	 0.488445490598679 
1780	 0.488616824150085 
1781	 0.488679707050323 
1782	 0.488566190004349 
1783	 0.488547116518021 
1784	 0.488650053739548 
1785	 0.488626271486282 
1786	 0.488552957773209 
1787	 0.488471150398254 
1788	 0.488154798746109 
1789	 0.488114386796951 
1790	 0.488375276327133 
1791	 0.488379806280136 
1792	 0.488381236791611 
1793	 0.488378196954727 
1794	 0.488215684890747 
1795	 0.488073706626892 
1796	 0.48797932267189 
1797	 0.487870693206787 
1798	 0.487589091062546 
1799	 0.487514495849609 
1800	 0.487629801034927 
1801	 0.487681150436401 
1802	 0.487811505794525 
1803	 0.487808793783188 
1804	 0.487738430500031 
1805	 0.487577676773071 
1806	 0.487516283988953 
1807	 0.48755618929863 
1808	 0.487624406814575 
1809	 0.487887471914291 
1810	 0.488086253404617 
1811	 0.488097220659256 
1812	 0.487982451915741 
1813	 0.487637966871262 
1814	 0.487288057804108 
1815	 0.487176835536957 
1816	 0.487161785364151 
1817	 0.487287282943726 
1818	 0.487323582172394 
1819	 0.487257033586502 
1820	 0.487290143966675 
1821	 0.487419039011002 
1822	 0.487373113632202 
1823	 0.487255990505219 
1824	 0.487289756536484 
1825	 0.487254440784454 
1826	 0.487236022949219 
1827	 0.487369984388351 
1828	 0.487369775772095 
1829	 0.487274348735809 
1830	 0.487274199724197 
1831	 0.487050801515579 
1832	 0.487135648727417 
1833	 0.487429350614548 
1834	 0.48747593164444 
1835	 0.487432569265366 
1836	 0.487497240304947 
1837	 0.487392634153366 
1838	 0.487607955932617 
1839	 0.4879469871521 
1840	 0.488118141889572 
1841	 0.488167762756348 
1842	 0.487890362739563 
1843	 0.487871527671814 
1844	 0.487864911556244 
1845	 0.487942606210709 
1846	 0.488255172967911 
1847	 0.488478451967239 
1848	 0.48819625377655 
1849	 0.487962961196899 
1850	 0.488079935312271 
1851	 0.488034844398499 
1852	 0.487914949655533 
1853	 0.487998723983765 
1854	 0.487927556037903 
1855	 0.487505704164505 
1856	 0.487300187349319 
1857	 0.48721319437027 
1858	 0.487143188714981 
1859	 0.487177342176437 
1860	 0.487203031778336 
1861	 0.487012267112732 
1862	 0.486837953329086 
1863	 0.486746281385422 
1864	 0.486494809389114 
1865	 0.486309170722961 
1866	 0.486368805170059 
1867	 0.486249357461929 
1868	 0.485885381698608 
1869	 0.48534631729126 
1870	 0.484809368848801 
1871	 0.484385579824448 
1872	 0.483881384134293 
1873	 0.483602643013 
1874	 0.483180552721024 
1875	 0.482734262943268 
1876	 0.482162356376648 
1877	 0.481614649295807 
1878	 0.480811834335327 
1879	 0.479820191860199 
1880	 0.478783696889877 
1881	 0.477795362472534 
1882	 0.476934224367142 
1883	 0.475854188203812 
1884	 0.474828898906708 
1885	 0.473726361989975 
1886	 0.472608149051666 
1887	 0.47105547785759 
1888	 0.469479769468308 
1889	 0.468155264854431 
1890	 0.466702222824097 
1891	 0.46495333313942 
1892	 0.463176250457764 
1893	 0.461129069328308 
1894	 0.458884119987488 
1895	 0.45684477686882 
1896	 0.454861551523209 
1897	 0.453082799911499 
1898	 0.451203554868698 
1899	 0.449043810367584 
1900	 0.446689963340759 
1901	 0.444281458854675 
1902	 0.44206041097641 
1903	 0.439825385808945 
1904	 0.437415301799774 
1905	 0.43529137969017 
1906	 0.433265119791031 
1907	 0.431211292743683 
1908	 0.429247885942459 
1909	 0.427521049976349 
1910	 0.42577263712883 
1911	 0.423800945281982 
1912	 0.421855032444 
1913	 0.420189321041107 
1914	 0.418441921472549 
1915	 0.4167799949646 
1916	 0.415433496236801 
1917	 0.414165079593658 
1918	 0.412900686264038 
1919	 0.411719381809235 
1920	 0.410541534423828 
1921	 0.409351140260696 
1922	 0.408282905817032 
1923	 0.407416075468063 
1924	 0.40648478269577 
1925	 0.405610591173172 
1926	 0.404921680688858 
1927	 0.404073178768158 
1928	 0.403380006551743 
1929	 0.402868419885635 
1930	 0.402539044618607 
1931	 0.402178883552551 
1932	 0.402018368244171 
1933	 0.401961207389832 
1934	 0.401761293411255 
1935	 0.401463985443115 
1936	 0.401293069124222 
1937	 0.401266932487488 
1938	 0.401280760765076 
1939	 0.401321470737457 
1940	 0.401462912559509 
1941	 0.401697337627411 
1942	 0.401797622442245 
1943	 0.402005285024643 
1944	 0.402392864227295 
1945	 0.402604818344116 
1946	 0.402832120656967 
1947	 0.403227597475052 
1948	 0.403621166944504 
1949	 0.403922617435455 
1950	 0.404283910989761 
1951	 0.404714822769165 
1952	 0.40510892868042 
1953	 0.405460357666016 
1954	 0.405946522951126 
1955	 0.406484484672546 
1956	 0.407014429569244 
1957	 0.407516688108444 
1958	 0.40792590379715 
1959	 0.408421337604523 
1960	 0.408844321966171 
1961	 0.409200489521027 
1962	 0.4097521007061 
1963	 0.410284608602524 
1964	 0.410649508237839 
1965	 0.41105854511261 
1966	 0.411444813013077 
1967	 0.412010431289673 
1968	 0.4125055372715 
1969	 0.412941366434097 
1970	 0.413575559854507 
1971	 0.414097934961319 
1972	 0.414413034915924 
1973	 0.414813935756683 
1974	 0.415264487266541 
1975	 0.415752947330475 
1976	 0.416252017021179 
1977	 0.41686999797821 
1978	 0.417550206184387 
1979	 0.417981922626495 
1980	 0.418235272169113 
1981	 0.418623834848404 
1982	 0.418953776359558 
1983	 0.419297486543655 
1984	 0.419715523719788 
1985	 0.41978731751442 
1986	 0.419902324676514 
1987	 0.420511692762375 
1988	 0.420986920595169 
1989	 0.421359479427338 
1990	 0.421833068132401 
1991	 0.42232346534729 
1992	 0.422424823045731 
1993	 0.422797530889511 
1994	 0.423427760601044 
1995	 0.423884212970734 
1996	 0.424215912818909 
1997	 0.42443859577179 
1998	 0.424731820821762 
1999	 0.425034075975418 
2000	 0.425124883651733 
2001	 0.425289243459702 
2002	 0.425476551055908 
2003	 0.425617903470993 
2004	 0.425621688365936 
2005	 0.425765633583069 
2006	 0.425747215747833 
2007	 0.425397336483002 
2008	 0.425332099199295 
2009	 0.425533175468445 
2010	 0.42553648352623 
2011	 0.425227403640747 
2012	 0.424947321414948 
2013	 0.42469647526741 
2014	 0.424474596977234 
2015	 0.42421293258667 
2016	 0.424077302217484 
2017	 0.4237961769104 
2018	 0.42338228225708 
2019	 0.422986567020416 
2020	 0.422417134046555 
2021	 0.422067284584045 
2022	 0.421579718589783 
2023	 0.420668631792068 
2024	 0.42007452249527 
2025	 0.419607520103455 
2026	 0.418861418962479 
2027	 0.41836228966713 
2028	 0.417778760194778 
2029	 0.417077749967575 
2030	 0.416354894638062 
2031	 0.415600478649139 
2032	 0.415004581212997 
2033	 0.414167255163193 
2034	 0.413260519504547 
2035	 0.412462174892426 
2036	 0.411438256502151 
2037	 0.410350888967514 
2038	 0.409585058689117 
2039	 0.408840328454971 
2040	 0.407910645008087 
2041	 0.406982004642487 
2042	 0.406077444553375 
2043	 0.405256032943726 
2044	 0.404609322547913 
2045	 0.403663396835327 
2046	 0.402632772922516 
2047	 0.401615411043167 
2048	 0.400406181812286 
2049	 0.399555653333664 
2050	 0.398975521326065 
2051	 0.398137629032135 
2052	 0.397263705730438 
2053	 0.396292716264725 
2054	 0.395347893238068 
2055	 0.394536286592484 
2056	 0.393643379211426 
2057	 0.39270082116127 
2058	 0.391908675432205 
2059	 0.391073614358902 
2060	 0.390308111906052 
2061	 0.389643669128418 
2062	 0.389265686273575 
2063	 0.388643771409988 
2064	 0.387887716293335 
2065	 0.387200504541397 
2066	 0.386331290006638 
2067	 0.385581940412521 
2068	 0.38507342338562 
2069	 0.384657353162766 
2070	 0.384238123893738 
2071	 0.383806765079498 
2072	 0.383427798748016 
2073	 0.382992476224899 
2074	 0.382627815008163 
2075	 0.382249802350998 
2076	 0.381801307201386 
2077	 0.381340682506561 
2078	 0.381085306406021 
2079	 0.38078361749649 
2080	 0.380452781915665 
2081	 0.380070894956589 
2082	 0.379542946815491 
2083	 0.378990739583969 
2084	 0.378537476062775 
2085	 0.377951323986053 
2086	 0.377537667751312 
2087	 0.377352565526962 
2088	 0.377053558826447 
2089	 0.376722723245621 
2090	 0.37648868560791 
2091	 0.376334726810455 
2092	 0.376015275716782 
2093	 0.375684022903442 
2094	 0.375244528055191 
2095	 0.374912947416306 
2096	 0.374627143144608 
2097	 0.374263525009155 
2098	 0.374196439981461 
2099	 0.374112814664841 
2100	 0.373719990253448 
2101	 0.373460590839386 
2102	 0.373321861028671 
2103	 0.372938007116318 
2104	 0.372797697782516 
2105	 0.372687160968781 
2106	 0.372706294059753 
2107	 0.372572600841522 
2108	 0.372513800859451 
2109	 0.37238821387291 
2110	 0.37203186750412 
2111	 0.372105330228806 
2112	 0.372257143259048 
2113	 0.372316747903824 
2114	 0.372487217187881 
2115	 0.372484862804413 
2116	 0.372428119182587 
2117	 0.372408449649811 
2118	 0.372285753488541 
2119	 0.372272253036499 
2120	 0.37258443236351 
2121	 0.372760891914368 
2122	 0.372834742069244 
2123	 0.37308144569397 
2124	 0.373139351606369 
2125	 0.372868984937668 
2126	 0.372782200574875 
2127	 0.372708737850189 
2128	 0.372784018516541 
2129	 0.373010039329529 
2130	 0.373077571392059 
2131	 0.373070955276489 
2132	 0.373144298791885 
2133	 0.373034566640854 
2134	 0.372781842947006 
2135	 0.373051285743713 
2136	 0.373345255851746 
2137	 0.373648673295975 
2138	 0.374386489391327 
2139	 0.374603897333145 
2140	 0.374965339899063 
2141	 0.375253826379776 
2142	 0.375315517187119 
2143	 0.375218957662582 
2144	 0.375056982040405 
2145	 0.375075340270996 
2146	 0.374991953372955 
2147	 0.375054627656937 
2148	 0.375410497188568 
2149	 0.375631660223007 
2150	 0.375563353300095 
2151	 0.375614434480667 
2152	 0.375669151544571 
2153	 0.375383257865906 
2154	 0.375192821025848 
2155	 0.375247865915298 
2156	 0.375577718019485 
2157	 0.375990748405457 
2158	 0.376137673854828 
2159	 0.376174628734589 
2160	 0.376244723796844 
2161	 0.376329660415649 
2162	 0.376520961523056 
2163	 0.377068161964417 
2164	 0.377244383096695 
2165	 0.376964449882507 
2166	 0.377101719379425 
2167	 0.377450823783875 
2168	 0.377643793821335 
2169	 0.377923876047134 
2170	 0.378351002931595 
2171	 0.37824410200119 
2172	 0.377958059310913 
2173	 0.378418654203415 
2174	 0.378821015357971 
2175	 0.379027038812637 
2176	 0.379343390464783 
2177	 0.379321843385696 
2178	 0.37931615114212 
2179	 0.379773527383804 
2180	 0.380288928747177 
2181	 0.380618870258331 
2182	 0.380974620580673 
2183	 0.381188154220581 
2184	 0.38134041428566 
2185	 0.381624758243561 
2186	 0.381926029920578 
2187	 0.382097810506821 
2188	 0.382376164197922 
2189	 0.382719486951828 
2190	 0.382914245128632 
2191	 0.383158177137375 
2192	 0.383599400520325 
2193	 0.383936047554016 
2194	 0.384142220020294 
2195	 0.384247124195099 
2196	 0.384691834449768 
2197	 0.384836226701736 
2198	 0.38457265496254 
2199	 0.38474777340889 
2200	 0.384815365076065 
2201	 0.384618252515793 
2202	 0.384961724281311 
2203	 0.385427862405777 
2204	 0.385260343551636 
2205	 0.385264307260513 
2206	 0.38589808344841 
2207	 0.3861423432827 
2208	 0.386358648538589 
2209	 0.386845856904984 
2210	 0.386991262435913 
2211	 0.386243402957916 
2212	 0.386286228895187 
2213	 0.387083172798157 
2214	 0.387216925621033 
2215	 0.387133210897446 
2216	 0.387291699647903 
2217	 0.387550503015518 
2218	 0.386923879384995 
2219	 0.38661453127861 
2220	 0.386918693780899 
2221	 0.386610746383667 
2222	 0.386496484279633 
2223	 0.387071192264557 
2224	 0.386911660432816 
2225	 0.386568665504456 
2226	 0.386585593223572 
2227	 0.386368334293365 
2228	 0.386005103588104 
2229	 0.385472655296326 
2230	 0.385200023651123 
2231	 0.384927481412888 
2232	 0.384346425533295 
2233	 0.383841812610626 
2234	 0.383247643709183 
2235	 0.382212251424789 
2236	 0.38135239481926 
2237	 0.380587369203568 
2238	 0.379818737506866 
2239	 0.379016906023026 
2240	 0.378522247076035 
2241	 0.377579092979431 
2242	 0.376162767410278 
2243	 0.375099986791611 
2244	 0.37404528260231 
2245	 0.372890025377274 
2246	 0.371838510036469 
2247	 0.370992541313171 
2248	 0.369490593671799 
2249	 0.368229418992996 
2250	 0.367449074983597 
2251	 0.366262197494507 
2252	 0.365285247564316 
2253	 0.364411741495132 
2254	 0.36293950676918 
2255	 0.36208164691925 
2256	 0.361448675394058 
2257	 0.36006236076355 
2258	 0.35878798365593 
2259	 0.357433468103409 
2260	 0.356132060289383 
2261	 0.355279415845871 
2262	 0.354326039552689 
2263	 0.353125870227814 
2264	 0.351960688829422 
2265	 0.350861966609955 
2266	 0.349758386611938 
2267	 0.34876760840416 
2268	 0.347635865211487 
2269	 0.346603572368622 
2270	 0.345687836408615 
2271	 0.344967067241669 
2272	 0.344530344009399 
2273	 0.344402283430099 
2274	 0.343900442123413 
2275	 0.343651324510574 
2276	 0.343285024166107 
2277	 0.34257909655571 
2278	 0.342178046703339 
2279	 0.341956079006195 
2280	 0.341673254966736 
2281	 0.341347873210907 
2282	 0.341066092252731 
2283	 0.341070771217346 
2284	 0.340508490800858 
2285	 0.339962601661682 
2286	 0.339848041534424 
2287	 0.339545547962189 
2288	 0.339432120323181 
2289	 0.339182287454605 
2290	 0.3387271463871 
2291	 0.338239341974258 
2292	 0.337414592504501 
2293	 0.336723744869232 
2294	 0.335904657840729 
2295	 0.335024625062943 
2296	 0.334675252437592 
2297	 0.33406275510788 
2298	 0.333185106515884 
2299	 0.332266330718994 
2300	 0.33087420463562 
2301	 0.32938089966774 
2302	 0.328424841165543 
2303	 0.327780902385712 
2304	 0.32676950097084 
2305	 0.32588404417038 
2306	 0.325493544340134 
2307	 0.324778467416763 
2308	 0.323714971542358 
2309	 0.323065727949142 
2310	 0.322839170694351 
2311	 0.322539091110229 
2312	 0.322445929050446 
2313	 0.322665691375732 
2314	 0.322449743747711 
2315	 0.322247087955475 
2316	 0.322835147380829 
2317	 0.323734968900681 
2318	 0.324381560087204 
2319	 0.324715673923492 
2320	 0.32501944899559 
2321	 0.325479865074158 
2322	 0.325627714395523 
2323	 0.3257175385952 
2324	 0.326144903898239 
2325	 0.326169669628143 
2326	 0.325443267822266 
2327	 0.325300574302673 
2328	 0.325352966785431 
2329	 0.325246870517731 
2330	 0.32513490319252 
2331	 0.325670897960663 
2332	 0.325753480195999 
2333	 0.325334399938583 
2334	 0.324617058038712 
2335	 0.323833018541336 
2336	 0.323085397481918 
2337	 0.322106063365936 
2338	 0.321522027254105 
2339	 0.321331888437271 
2340	 0.320814728736877 
2341	 0.320498049259186 
2342	 0.320818424224854 
2343	 0.320622533559799 
2344	 0.319933176040649 
2345	 0.319663643836975 
2346	 0.319109857082367 
2347	 0.317934274673462 
2348	 0.31714278459549 
2349	 0.31719309091568 
2350	 0.317174136638641 
2351	 0.317181885242462 
2352	 0.317709565162659 
2353	 0.318111211061478 
2354	 0.31800764799118 
2355	 0.31827512383461 
2356	 0.319020509719849 
2357	 0.318948358297348 
2358	 0.319305807352066 
2359	 0.319881469011307 
2360	 0.31972873210907 
2361	 0.320028483867645 
2362	 0.319793969392776 
2363	 0.319728285074234 
2364	 0.320383459329605 
2365	 0.320040374994278 
2366	 0.320276588201523 
2367	 0.320924937725067 
2368	 0.320489645004272 
2369	 0.320760309696198 
2370	 0.321756601333618 
2371	 0.322006911039352 
2372	 0.322192400693893 
2373	 0.322728842496872 
2374	 0.322552084922791 
2375	 0.322866827249527 
2376	 0.323388427495956 
2377	 0.322710990905762 
2378	 0.322566419839859 
2379	 0.321882337331772 
2380	 0.320864081382751 
2381	 0.321254462003708 
2382	 0.321340620517731 
2383	 0.32162669301033 
2384	 0.322054386138916 
2385	 0.321615666151047 
2386	 0.321363359689713 
2387	 0.320701509714127 
2388	 0.320014894008636 
2389	 0.31963786482811 
2390	 0.319512188434601 
2391	 0.319626092910767 
2392	 0.319116234779358 
2393	 0.319011688232422 
2394	 0.319206595420837 
2395	 0.320120215415955 
2396	 0.321909487247467 
2397	 0.322626203298569 
2398	 0.322531461715698 
2399	 0.321690678596497 
2400	 0.320307403802872 
2401	 0.320100963115692 
2402	 0.320757538080215 
2403	 0.321214437484741 
2404	 0.320840179920197 
2405	 0.319965243339539 
2406	 0.319707870483398 
2407	 0.319193780422211 
2408	 0.319075524806976 
2409	 0.319900631904602 
2410	 0.319299966096878 
2411	 0.318417638540268 
2412	 0.317509531974792 
2413	 0.315650522708893 
2414	 0.315094292163849 
2415	 0.314691990613937 
2416	 0.313539624214172 
2417	 0.313664704561234 
2418	 0.313827812671661 
2419	 0.31312957406044 
2420	 0.314052224159241 
2421	 0.314732044935226 
2422	 0.313205450773239 
2423	 0.312287360429764 
2424	 0.311973989009857 
2425	 0.310762405395508 
2426	 0.31059068441391 
2427	 0.31124085187912 
2428	 0.309272348880768 
2429	 0.307646811008453 
2430	 0.30732735991478 
2431	 0.305146276950836 
2432	 0.303585857152939 
2433	 0.30344745516777 
2434	 0.302528470754623 
2435	 0.300854116678238 
2436	 0.300223231315613 
2437	 0.299619197845459 
2438	 0.297366172075272 
2439	 0.296095073223114 
2440	 0.295563042163849 
2441	 0.294009000062943 
2442	 0.29267680644989 
2443	 0.292483925819397 
2444	 0.292625308036804 
2445	 0.29178911447525 
2446	 0.291941493749619 
2447	 0.291945904493332 
2448	 0.289721757173538 
2449	 0.289469212293625 
2450	 0.289366215467453 
2451	 0.288429886102676 
2452	 0.288864582777023 
2453	 0.28652623295784 
2454	 0.285398006439209 
2455	 0.285989075899124 
2456	 0.283257991075516 
2457	 0.282325655221939 
2458	 0.281796038150787 
2459	 0.28067347407341 
2460	 0.280757784843445 
2461	 0.282494306564331 
2462	 0.281696438789368 
2463	 0.278769075870514 
2464	 0.27767887711525 
2465	 0.276526421308517 
2466	 0.27576419711113 
2467	 0.278213083744049 
2468	 0.276676803827286 
2469	 0.270629286766052 
2470	 0.269159823656082 
2471	 0.267793893814087 
2472	 0.267500817775726 
2473	 0.271616011857986 
2474	 0.271665900945663 
2475	 0.269119441509247 
2476	 0.26827284693718 
2477	 0.267264664173126 
2478	 0.268008857965469 
2479	 0.267065703868866 
2480	 0.266735941171646 
2481	 0.266810953617096 
2482	 0.262897968292236 
2483	 0.26297390460968 
2484	 0.263078182935715 
2485	 0.259570956230164 
2486	 0.263111680746078 
2487	 0.265007168054581 
2488	 0.262679785490036 
2489	 0.265332460403442 
2490	 0.268712282180786 
2491	 0.267948657274246 
2492	 0.265480667352676 
2493	 0.263612806797028 
2494	 0.262305229902267 
2495	 0.263005256652832 
2496	 0.266295880079269 
2497	 0.271993488073349 
2498	 0.273791640996933 
2499	 0.268468797206879 
2500	 0.270365417003632 
