350	 0.964770674705505 
351	 0.969458281993866 
352	 0.975958406925201 
353	 0.975253820419312 
354	 0.967031300067902 
355	 0.969362318515778 
356	 0.973338901996613 
357	 0.974273920059204 
358	 0.97125232219696 
359	 0.973490536212921 
360	 0.971805274486542 
361	 0.96725857257843 
362	 0.969046115875244 
363	 0.97116631269455 
364	 0.971643090248108 
365	 0.97061824798584 
366	 0.970961034297943 
367	 0.969073474407196 
368	 0.967953681945801 
369	 0.970152735710144 
370	 0.96929943561554 
371	 0.968789756298065 
372	 0.968315184116364 
373	 0.965625882148743 
374	 0.964102983474731 
375	 0.965589642524719 
376	 0.968645930290222 
377	 0.967691600322723 
378	 0.967470407485962 
379	 0.96757698059082 
380	 0.96696674823761 
381	 0.96641993522644 
382	 0.965800821781158 
383	 0.965253949165344 
384	 0.965009331703186 
385	 0.964591026306152 
386	 0.963933706283569 
387	 0.963470757007599 
388	 0.964140594005585 
389	 0.965340495109558 
390	 0.966011524200439 
391	 0.965686500072479 
392	 0.965468287467957 
393	 0.965201437473297 
394	 0.965132653713226 
395	 0.965467393398285 
396	 0.965577006340027 
397	 0.964884996414185 
398	 0.964083194732666 
399	 0.964885413646698 
400	 0.965829491615295 
401	 0.965590059757233 
402	 0.963963985443115 
403	 0.962865114212036 
404	 0.963607668876648 
405	 0.965161323547363 
406	 0.965544521808624 
407	 0.963338553905487 
408	 0.962723016738892 
409	 0.964182317256927 
410	 0.9644935131073 
411	 0.964036107063293 
412	 0.963496685028076 
413	 0.963357865810394 
414	 0.963428497314453 
415	 0.963239192962646 
416	 0.963190615177155 
417	 0.963708817958832 
418	 0.963509142398834 
419	 0.963084995746613 
420	 0.962916612625122 
421	 0.963342666625977 
422	 0.963772892951965 
423	 0.963777184486389 
424	 0.963410019874573 
425	 0.963835775852203 
426	 0.963868618011475 
427	 0.963650703430176 
428	 0.963771462440491 
429	 0.963882327079773 
430	 0.964259445667267 
431	 0.964630663394928 
432	 0.964083850383759 
433	 0.964121699333191 
434	 0.9647296667099 
435	 0.965352654457092 
436	 0.964699685573578 
437	 0.964823842048645 
438	 0.965545415878296 
439	 0.965686678886414 
440	 0.965750634670258 
441	 0.965809643268585 
442	 0.965990602970123 
443	 0.966539323329926 
444	 0.966592609882355 
445	 0.966449677944183 
446	 0.966575801372528 
447	 0.966931939125061 
448	 0.966908037662506 
449	 0.966722130775452 
450	 0.967050671577454 
451	 0.966866612434387 
452	 0.966536045074463 
453	 0.966371119022369 
454	 0.966091275215149 
455	 0.96590530872345 
456	 0.965788960456848 
457	 0.965615630149841 
458	 0.965309321880341 
459	 0.965367257595062 
460	 0.965664327144623 
461	 0.965548038482666 
462	 0.965200662612915 
463	 0.965031743049622 
464	 0.965269386768341 
465	 0.965556383132935 
466	 0.965442955493927 
467	 0.965172111988068 
468	 0.965260863304138 
469	 0.965491890907288 
470	 0.965610921382904 
471	 0.965545833110809 
472	 0.965493738651276 
473	 0.965448439121246 
474	 0.965431094169617 
475	 0.965461313724518 
476	 0.965532898902893 
477	 0.9657963514328 
478	 0.966076850891113 
479	 0.966043174266815 
480	 0.966176927089691 
481	 0.966381967067719 
482	 0.966525256633759 
483	 0.966530680656433 
484	 0.966631412506104 
485	 0.966631889343262 
486	 0.966435372829437 
487	 0.966760635375977 
488	 0.966821014881134 
489	 0.966554939746857 
490	 0.966643810272217 
491	 0.966772317886353 
492	 0.96683794260025 
493	 0.966840982437134 
494	 0.96710467338562 
495	 0.967166364192963 
496	 0.967107653617859 
497	 0.967224657535553 
498	 0.967329978942871 
499	 0.967417895793915 
500	 0.967419981956482 
501	 0.967147946357727 
502	 0.967238903045654 
503	 0.967486917972565 
504	 0.967521488666534 
505	 0.967500329017639 
506	 0.967563271522522 
507	 0.967605292797089 
508	 0.967338383197784 
509	 0.967510044574738 
510	 0.967677712440491 
511	 0.96757298707962 
512	 0.967761278152466 
513	 0.967818439006805 
514	 0.967739522457123 
515	 0.96768593788147 
516	 0.96776294708252 
517	 0.967791736125946 
518	 0.967771470546722 
519	 0.967902421951294 
520	 0.967850565910339 
521	 0.967774510383606 
522	 0.967842876911163 
523	 0.967911601066589 
524	 0.968002796173096 
525	 0.968053936958313 
526	 0.967963039875031 
527	 0.967939078807831 
528	 0.967972576618195 
529	 0.968019843101501 
530	 0.968026459217072 
531	 0.968044579029083 
532	 0.968103468418121 
533	 0.968217611312866 
534	 0.968180656433105 
535	 0.968099355697632 
536	 0.968100368976593 
537	 0.968269646167755 
538	 0.968330562114716 
539	 0.96835994720459 
540	 0.96844756603241 
541	 0.968335807323456 
542	 0.968267738819122 
543	 0.968360602855682 
544	 0.968565046787262 
545	 0.968466460704803 
546	 0.968400239944458 
547	 0.96857613325119 
548	 0.968598008155823 
549	 0.968584477901459 
550	 0.968596398830414 
551	 0.968647599220276 
552	 0.96859884262085 
553	 0.968680024147034 
554	 0.968846440315247 
555	 0.968670606613159 
556	 0.968717455863953 
557	 0.968862056732178 
558	 0.968876481056213 
559	 0.968792140483856 
560	 0.96886020898819 
561	 0.969026148319244 
562	 0.969037532806396 
563	 0.968898296356201 
564	 0.968897044658661 
565	 0.969136357307434 
566	 0.969168186187744 
567	 0.969144642353058 
568	 0.969207882881165 
569	 0.969416856765747 
570	 0.969322860240936 
571	 0.969286918640137 
572	 0.969419658184052 
573	 0.969453871250153 
574	 0.969434678554535 
575	 0.969396650791168 
576	 0.969385981559753 
577	 0.969455420970917 
578	 0.96949565410614 
579	 0.969531655311584 
580	 0.969649791717529 
581	 0.969642639160156 
582	 0.969616115093231 
583	 0.969657361507416 
584	 0.969728291034698 
585	 0.969805777072906 
586	 0.969811797142029 
587	 0.969725251197815 
588	 0.96985137462616 
589	 0.969949305057526 
590	 0.96990031003952 
591	 0.969845235347748 
592	 0.969983696937561 
593	 0.970081448554993 
594	 0.969958245754242 
595	 0.970067858695984 
596	 0.970137715339661 
597	 0.970115542411804 
598	 0.970121741294861 
599	 0.970199644565582 
600	 0.970304489135742 
601	 0.970384538173676 
602	 0.970271646976471 
603	 0.970247328281403 
604	 0.970318496227264 
605	 0.970369219779968 
606	 0.97039669752121 
607	 0.9704549908638 
608	 0.970510363578796 
609	 0.970466613769531 
610	 0.97052389383316 
611	 0.970601916313171 
612	 0.97059553861618 
613	 0.970651090145111 
614	 0.970705687999725 
615	 0.970738112926483 
616	 0.970794022083282 
617	 0.970845699310303 
618	 0.970892071723938 
619	 0.970916211605072 
620	 0.970831871032715 
621	 0.970869660377502 
622	 0.970984518527985 
623	 0.971057295799255 
624	 0.970983147621155 
625	 0.971026659011841 
626	 0.971189618110657 
627	 0.971087038516998 
628	 0.971175789833069 
629	 0.971309065818787 
630	 0.971286833286285 
631	 0.971299290657043 
632	 0.971325397491455 
633	 0.97137838602066 
634	 0.971476256847382 
635	 0.971446633338928 
636	 0.971443891525269 
637	 0.97155225276947 
638	 0.97160530090332 
639	 0.971698760986328 
640	 0.971784055233002 
641	 0.971796691417694 
642	 0.971829116344452 
643	 0.971869230270386 
644	 0.971904695034027 
645	 0.971918344497681 
646	 0.971922874450684 
647	 0.971992909908295 
648	 0.972127497196198 
649	 0.972102284431458 
650	 0.972132325172424 
651	 0.972204327583313 
652	 0.972184538841248 
653	 0.972286403179169 
654	 0.972353041172028 
655	 0.972308576107025 
656	 0.972342789173126 
657	 0.972460031509399 
658	 0.97255676984787 
659	 0.972547292709351 
660	 0.972582340240479 
661	 0.972634613513947 
662	 0.972691416740417 
663	 0.972743928432465 
664	 0.972821235656738 
665	 0.972824037075043 
666	 0.97273588180542 
667	 0.972841203212738 
668	 0.972891688346863 
669	 0.97287780046463 
670	 0.972882270812988 
671	 0.972903370857239 
672	 0.972981154918671 
673	 0.973061859607697 
674	 0.973022401332855 
675	 0.973122179508209 
676	 0.97318834066391 
677	 0.973107755184174 
678	 0.973076999187469 
679	 0.97316187620163 
680	 0.973270237445831 
681	 0.973237633705139 
682	 0.973300218582153 
683	 0.973352909088135 
684	 0.973331034183502 
685	 0.973302066326141 
686	 0.973370671272278 
687	 0.973438918590546 
688	 0.973386108875275 
689	 0.97342437505722 
690	 0.973430991172791 
691	 0.973406851291656 
692	 0.973405718803406 
693	 0.973441958427429 
694	 0.973490118980408 
695	 0.973492980003357 
696	 0.973409056663513 
697	 0.973365545272827 
698	 0.973406076431274 
699	 0.973478674888611 
700	 0.97343647480011 
701	 0.97339129447937 
702	 0.973399460315704 
703	 0.973417937755585 
704	 0.973437607288361 
705	 0.973420679569244 
706	 0.973365604877472 
707	 0.973362565040588 
708	 0.973330676555634 
709	 0.973313808441162 
710	 0.973325908184052 
711	 0.973272144794464 
712	 0.973225057125092 
713	 0.973200619220734 
714	 0.973137557506561 
715	 0.973140895366669 
716	 0.973141372203827 
717	 0.973084032535553 
718	 0.973046362400055 
719	 0.97305166721344 
720	 0.973062992095947 
721	 0.973023056983948 
722	 0.972908973693848 
723	 0.972885072231293 
724	 0.972938418388367 
725	 0.972902595996857 
726	 0.972924530506134 
727	 0.97288054227829 
728	 0.972743511199951 
729	 0.972736120223999 
730	 0.972812116146088 
731	 0.972854673862457 
732	 0.972780644893646 
733	 0.972765207290649 
734	 0.972740888595581 
735	 0.972687304019928 
736	 0.972647786140442 
737	 0.972650110721588 
738	 0.972652554512024 
739	 0.972621440887451 
740	 0.972570180892944 
741	 0.972522377967834 
742	 0.972509264945984 
743	 0.972548723220825 
744	 0.972488760948181 
745	 0.972446620464325 
746	 0.972444713115692 
747	 0.972445368766785 
748	 0.972420334815979 
749	 0.972407102584839 
750	 0.972429692745209 
751	 0.972442507743835 
752	 0.972389101982117 
753	 0.97234171628952 
754	 0.97237366437912 
755	 0.972395718097687 
756	 0.972404420375824 
757	 0.972392916679382 
758	 0.972377061843872 
759	 0.972385585308075 
760	 0.972380995750427 
761	 0.972352921962738 
762	 0.972326576709747 
763	 0.972409844398499 
764	 0.972460567951202 
765	 0.972386419773102 
766	 0.972368001937866 
767	 0.972381293773651 
768	 0.972393274307251 
769	 0.972365319728851 
770	 0.972347378730774 
771	 0.972321212291718 
772	 0.972297728061676 
773	 0.972279846668243 
774	 0.972280204296112 
775	 0.972275197505951 
776	 0.972252666950226 
777	 0.972215294837952 
778	 0.972208976745605 
779	 0.972188830375671 
780	 0.972122251987457 
781	 0.972105503082275 
782	 0.97212165594101 
783	 0.972137093544006 
784	 0.97210830450058 
785	 0.971968352794647 
786	 0.971912682056427 
787	 0.971975326538086 
788	 0.97195690870285 
789	 0.971944868564606 
790	 0.9719158411026 
791	 0.971860468387604 
792	 0.971868634223938 
793	 0.971856594085693 
794	 0.971833646297455 
795	 0.971820652484894 
796	 0.971769213676453 
797	 0.971729636192322 
798	 0.97172212600708 
799	 0.971717059612274 
800	 0.971726894378662 
801	 0.971662521362305 
802	 0.971572577953339 
803	 0.971646547317505 
804	 0.971630990505219 
805	 0.971606850624084 
806	 0.971643805503845 
807	 0.97161191701889 
808	 0.971570551395416 
809	 0.971562027931213 
810	 0.971605062484741 
811	 0.971612572669983 
812	 0.971607029438019 
813	 0.971614301204681 
814	 0.971632301807404 
815	 0.97161740064621 
816	 0.971583068370819 
817	 0.971574664115906 
818	 0.971643149852753 
819	 0.971644461154938 
820	 0.971635401248932 
821	 0.971643447875977 
822	 0.971674919128418 
823	 0.971670985221863 
824	 0.971695601940155 
825	 0.971775054931641 
826	 0.971715331077576 
827	 0.971727669239044 
828	 0.971795260906219 
829	 0.971826136112213 
830	 0.971814393997192 
831	 0.971891164779663 
832	 0.972005188465118 
833	 0.971979260444641 
834	 0.971949934959412 
835	 0.971997320652008 
836	 0.972061574459076 
837	 0.972014248371124 
838	 0.972102761268616 
839	 0.97218531370163 
840	 0.972184181213379 
841	 0.972204506397247 
842	 0.972253382205963 
843	 0.972297370433807 
844	 0.97231113910675 
845	 0.972367465496063 
846	 0.972423195838928 
847	 0.972476541996002 
848	 0.97251957654953 
849	 0.972638547420502 
850	 0.972675025463104 
851	 0.972659766674042 
852	 0.972699761390686 
853	 0.972726464271545 
854	 0.972775638103485 
855	 0.972851693630219 
856	 0.972943127155304 
857	 0.972924292087555 
858	 0.972895205020905 
859	 0.972952663898468 
860	 0.973110616207123 
861	 0.973101615905762 
862	 0.973056435585022 
863	 0.973092317581177 
864	 0.973268508911133 
865	 0.973306119441986 
866	 0.973342418670654 
867	 0.973492324352264 
868	 0.973547160625458 
869	 0.973516881465912 
870	 0.973466277122498 
871	 0.973503530025482 
872	 0.973588705062866 
873	 0.973571300506592 
874	 0.973518908023834 
875	 0.973582923412323 
876	 0.97370582818985 
877	 0.973842620849609 
878	 0.973955154418945 
879	 0.974014520645142 
880	 0.974000573158264 
881	 0.974022686481476 
882	 0.974010586738586 
883	 0.973924577236176 
884	 0.974053144454956 
885	 0.974170446395874 
886	 0.974214375019073 
887	 0.974211513996124 
888	 0.974136710166931 
889	 0.974207818508148 
890	 0.974372863769531 
891	 0.974343836307526 
892	 0.974388122558594 
893	 0.974500238895416 
894	 0.974557518959045 
895	 0.974466800689697 
896	 0.974546372890472 
897	 0.974599003791809 
898	 0.974563837051392 
899	 0.974669754505157 
900	 0.974710404872894 
901	 0.97476726770401 
902	 0.974859237670898 
903	 0.974819481372833 
904	 0.974791705608368 
905	 0.974759638309479 
906	 0.974726438522339 
907	 0.974938035011292 
908	 0.974863648414612 
909	 0.974832892417908 
910	 0.975058674812317 
911	 0.975174725055695 
912	 0.975103259086609 
913	 0.975066721439362 
914	 0.975189507007599 
915	 0.975315868854523 
916	 0.975275576114655 
917	 0.975269675254822 
918	 0.97540420293808 
919	 0.975362181663513 
920	 0.975491762161255 
921	 0.975586891174316 
922	 0.975511014461517 
923	 0.975527763366699 
924	 0.975616335868835 
925	 0.97571724653244 
926	 0.975767433643341 
927	 0.975726842880249 
928	 0.975728273391724 
929	 0.975691735744476 
930	 0.975627541542053 
931	 0.975794732570648 
932	 0.975886940956116 
933	 0.975803434848785 
934	 0.975623905658722 
935	 0.975735604763031 
936	 0.975845456123352 
937	 0.975923240184784 
938	 0.975995719432831 
939	 0.975996196269989 
940	 0.976025342941284 
941	 0.976075291633606 
942	 0.976122379302979 
943	 0.976240158081055 
944	 0.976149141788483 
945	 0.9761603474617 
946	 0.97633558511734 
947	 0.976223766803741 
948	 0.976334691047668 
949	 0.976391851902008 
950	 0.976228952407837 
951	 0.976114928722382 
952	 0.976287364959717 
953	 0.976518869400024 
954	 0.976661622524261 
955	 0.976650416851044 
956	 0.976397335529327 
957	 0.976314783096313 
958	 0.976423621177673 
959	 0.976323306560516 
960	 0.976091682910919 
961	 0.976218104362488 
962	 0.976489245891571 
963	 0.976301670074463 
964	 0.976066827774048 
965	 0.976112067699432 
966	 0.976292729377747 
967	 0.976260960102081 
968	 0.976079821586609 
969	 0.976019740104675 
970	 0.976125776767731 
971	 0.976234197616577 
972	 0.975880861282349 
973	 0.975960373878479 
974	 0.976078808307648 
975	 0.975796043872833 
976	 0.975624203681946 
977	 0.97590959072113 
978	 0.97627329826355 
979	 0.976169168949127 
980	 0.975354075431824 
981	 0.975101172924042 
982	 0.975797832012177 
983	 0.976698756217957 
984	 0.976247847080231 
985	 0.975741922855377 
986	 0.975906729698181 
987	 0.976139068603516 
988	 0.975266993045807 
989	 0.975403428077698 
990	 0.975888550281525 
991	 0.975864350795746 
992	 0.975023210048676 
993	 0.975005149841309 
994	 0.975454688072205 
995	 0.975707173347473 
996	 0.975361227989197 
997	 0.975026488304138 
998	 0.975014805793762 
999	 0.974746286869049 
1000	 0.974355936050415 
1001	 0.975572168827057 
1002	 0.975251853466034 
1003	 0.974721431732178 
1004	 0.974627912044525 
1005	 0.974331319332123 
1006	 0.974445700645447 
1007	 0.975091814994812 
1008	 0.975149810314178 
1009	 0.975265502929688 
1010	 0.975268721580505 
1011	 0.974616229534149 
1012	 0.974310159683228 
1013	 0.974258124828339 
1014	 0.97421658039093 
1015	 0.973957061767578 
1016	 0.97384774684906 
1017	 0.973847150802612 
1018	 0.974028408527374 
1019	 0.974126279354095 
1020	 0.974314570426941 
1021	 0.974397301673889 
1022	 0.974499464035034 
1023	 0.974430561065674 
1024	 0.974242031574249 
1025	 0.974207282066345 
1026	 0.973956763744354 
1027	 0.973850786685944 
1028	 0.973821640014648 
1029	 0.974158823490143 
1030	 0.974299967288971 
1031	 0.974551856517792 
1032	 0.974710822105408 
1033	 0.974709451198578 
1034	 0.974672973155975 
1035	 0.974531829357147 
1036	 0.974397599697113 
1037	 0.974100530147552 
1038	 0.973963797092438 
1039	 0.97392612695694 
1040	 0.973809540271759 
1041	 0.97366601228714 
1042	 0.973678767681122 
1043	 0.973916292190552 
1044	 0.973731577396393 
1045	 0.97367250919342 
1046	 0.973810136318207 
1047	 0.973753273487091 
1048	 0.973505079746246 
1049	 0.973505556583405 
1050	 0.973586201667786 
1051	 0.973610043525696 
1052	 0.9737149477005 
1053	 0.973755836486816 
1054	 0.973798215389252 
1055	 0.973790526390076 
1056	 0.973661124706268 
1057	 0.97359561920166 
1058	 0.973473727703094 
1059	 0.973542273044586 
1060	 0.973210752010345 
1061	 0.973182082176209 
1062	 0.973229885101318 
1063	 0.973272204399109 
1064	 0.973289608955383 
1065	 0.973544776439667 
1066	 0.973555564880371 
1067	 0.973207414150238 
1068	 0.973279893398285 
1069	 0.973759233951569 
1070	 0.97380518913269 
1071	 0.9737508893013 
1072	 0.973770439624786 
1073	 0.973569869995117 
1074	 0.973430573940277 
1075	 0.973526954650879 
1076	 0.973521828651428 
1077	 0.973486721515656 
1078	 0.973230242729187 
1079	 0.973224341869354 
1080	 0.973450601100922 
1081	 0.973376214504242 
1082	 0.973224759101868 
1083	 0.973150372505188 
1084	 0.972799062728882 
1085	 0.972755193710327 
1086	 0.973041176795959 
1087	 0.97310608625412 
1088	 0.973156094551086 
1089	 0.973229646682739 
1090	 0.973203182220459 
1091	 0.973078191280365 
1092	 0.97312730550766 
1093	 0.973310768604279 
1094	 0.973330497741699 
1095	 0.973410308361053 
1096	 0.97339004278183 
1097	 0.973259508609772 
1098	 0.973137319087982 
1099	 0.9728644490242 
1100	 0.97287255525589 
1101	 0.973116278648376 
1102	 0.973183155059814 
1103	 0.973351716995239 
1104	 0.973498046398163 
1105	 0.973479092121124 
1106	 0.973526895046234 
1107	 0.973643243312836 
1108	 0.973921239376068 
1109	 0.973946154117584 
1110	 0.973884999752045 
1111	 0.973760962486267 
1112	 0.973351836204529 
1113	 0.973271369934082 
1114	 0.973264932632446 
1115	 0.973286926746368 
1116	 0.973567306995392 
1117	 0.973614871501923 
1118	 0.973471462726593 
1119	 0.973455607891083 
1120	 0.973483502864838 
1121	 0.973422169685364 
1122	 0.973336338996887 
1123	 0.973227143287659 
1124	 0.973170697689056 
1125	 0.97306352853775 
1126	 0.97304892539978 
1127	 0.97309285402298 
1128	 0.973263144493103 
1129	 0.973699629306793 
1130	 0.973659873008728 
1131	 0.973327040672302 
1132	 0.973401367664337 
1133	 0.973441958427429 
1134	 0.973434865474701 
1135	 0.973968982696533 
1136	 0.974043309688568 
1137	 0.973422527313232 
1138	 0.973244667053223 
1139	 0.973133504390717 
1140	 0.973141193389893 
1141	 0.973341226577759 
1142	 0.973993122577667 
1143	 0.97401350736618 
1144	 0.973839402198792 
1145	 0.973766446113586 
1146	 0.973282098770142 
1147	 0.97328132390976 
1148	 0.973723173141479 
1149	 0.973834872245789 
1150	 0.974045991897583 
1151	 0.974013328552246 
1152	 0.973586916923523 
1153	 0.973462700843811 
1154	 0.973331332206726 
1155	 0.97329044342041 
1156	 0.973562180995941 
1157	 0.973645329475403 
1158	 0.973635375499725 
1159	 0.973672688007355 
1160	 0.973653197288513 
1161	 0.973550081253052 
1162	 0.973497271537781 
1163	 0.973490059375763 
1164	 0.97338992357254 
1165	 0.973108410835266 
1166	 0.973001956939697 
1167	 0.972904324531555 
1168	 0.97282874584198 
1169	 0.97297602891922 
1170	 0.972953915596008 
1171	 0.972747325897217 
1172	 0.972674548625946 
1173	 0.972674489021301 
1174	 0.972507059574127 
1175	 0.972502648830414 
1176	 0.972607970237732 
1177	 0.972558557987213 
1178	 0.972404360771179 
1179	 0.972439467906952 
1180	 0.972557961940765 
1181	 0.972533106803894 
1182	 0.972504258155823 
1183	 0.972503244876862 
1184	 0.972430348396301 
1185	 0.972281098365784 
1186	 0.972125768661499 
1187	 0.972059011459351 
1188	 0.971932888031006 
1189	 0.971890985965729 
1190	 0.972050845623016 
1191	 0.97215074300766 
1192	 0.972175359725952 
1193	 0.972036719322205 
1194	 0.971861660480499 
1195	 0.971890926361084 
1196	 0.971891760826111 
1197	 0.971963882446289 
1198	 0.971969544887543 
1199	 0.972045719623566 
1200	 0.971988379955292 
1201	 0.971803426742554 
1202	 0.971719622612 
1203	 0.971564173698425 
1204	 0.971528887748718 
1205	 0.9716796875 
1206	 0.97165834903717 
1207	 0.971626222133636 
1208	 0.971602439880371 
1209	 0.971519410610199 
1210	 0.971361458301544 
1211	 0.971157789230347 
1212	 0.971193432807922 
1213	 0.971333563327789 
1214	 0.971274495124817 
1215	 0.971347570419312 
1216	 0.971402287483215 
1217	 0.971344947814941 
1218	 0.971072137355804 
1219	 0.971069633960724 
1220	 0.971201419830322 
1221	 0.971175134181976 
1222	 0.971172988414764 
1223	 0.971168756484985 
1224	 0.970957040786743 
1225	 0.970989882946014 
1226	 0.971339881420136 
1227	 0.971374750137329 
1228	 0.971302509307861 
1229	 0.971223592758179 
1230	 0.970959305763245 
1231	 0.970959544181824 
1232	 0.971135020256042 
1233	 0.971082270145416 
1234	 0.971045196056366 
1235	 0.970939755439758 
1236	 0.970773696899414 
1237	 0.970845222473145 
1238	 0.9708411693573 
1239	 0.970850646495819 
1240	 0.970843911170959 
1241	 0.970886409282684 
1242	 0.970889389514923 
1243	 0.970862448215485 
1244	 0.970816075801849 
1245	 0.970715165138245 
1246	 0.970682263374329 
1247	 0.970690369606018 
1248	 0.97065532207489 
1249	 0.970625996589661 
1250	 0.970590174198151 
1251	 0.970366418361664 
1252	 0.970290958881378 
1253	 0.970507025718689 
1254	 0.970501124858856 
1255	 0.970497369766235 
1256	 0.970640659332275 
1257	 0.970552921295166 
1258	 0.970384359359741 
1259	 0.970325827598572 
1260	 0.970304191112518 
1261	 0.970379769802094 
1262	 0.970643103122711 
1263	 0.970671772956848 
1264	 0.970613181591034 
1265	 0.970586121082306 
1266	 0.970404922962189 
1267	 0.970359444618225 
1268	 0.970474660396576 
1269	 0.970572590827942 
1270	 0.970528960227966 
1271	 0.970456063747406 
1272	 0.970252156257629 
1273	 0.970178306102753 
1274	 0.970234513282776 
1275	 0.970207273960114 
1276	 0.970174372196198 
1277	 0.970101714134216 
1278	 0.969847142696381 
1279	 0.969619333744049 
1280	 0.969585418701172 
1281	 0.96962833404541 
1282	 0.969594299793243 
1283	 0.969484806060791 
1284	 0.969440758228302 
1285	 0.969435274600983 
1286	 0.969351053237915 
1287	 0.96918386220932 
1288	 0.969206571578979 
1289	 0.96934187412262 
1290	 0.969176054000854 
1291	 0.96908301115036 
1292	 0.969145119190216 
1293	 0.969113230705261 
1294	 0.969129323959351 
1295	 0.969276547431946 
1296	 0.969330430030823 
1297	 0.969192445278168 
1298	 0.969028413295746 
1299	 0.968987762928009 
1300	 0.969025313854218 
1301	 0.969180822372437 
1302	 0.969428837299347 
1303	 0.96943187713623 
1304	 0.969255924224854 
1305	 0.969214498996735 
1306	 0.969221174716949 
1307	 0.969187319278717 
1308	 0.969119250774384 
1309	 0.969162464141846 
1310	 0.96921044588089 
1311	 0.969206690788269 
1312	 0.969375789165497 
1313	 0.969420850276947 
1314	 0.969356298446655 
1315	 0.969110906124115 
1316	 0.969056367874146 
1317	 0.969073474407196 
1318	 0.969019055366516 
1319	 0.968978404998779 
1320	 0.968909204006195 
1321	 0.968753397464752 
1322	 0.968549311161041 
1323	 0.968533217906952 
1324	 0.968763113021851 
1325	 0.968789994716644 
1326	 0.968714714050293 
1327	 0.968777775764465 
1328	 0.968555569648743 
1329	 0.968227386474609 
1330	 0.968068301677704 
1331	 0.968079566955566 
1332	 0.968053877353668 
1333	 0.968154966831207 
1334	 0.968145370483398 
1335	 0.968167006969452 
1336	 0.96811830997467 
1337	 0.967865884304047 
1338	 0.967851281166077 
1339	 0.967937350273132 
1340	 0.967980682849884 
1341	 0.968068540096283 
1342	 0.968061029911041 
1343	 0.968013286590576 
1344	 0.967967748641968 
1345	 0.967858135700226 
1346	 0.967898488044739 
1347	 0.967916131019592 
1348	 0.967830955982208 
1349	 0.96780800819397 
1350	 0.967733204364777 
1351	 0.967549681663513 
1352	 0.967450857162476 
1353	 0.96741259098053 
1354	 0.967379331588745 
1355	 0.96742832660675 
1356	 0.967468321323395 
1357	 0.967457592487335 
1358	 0.96749085187912 
1359	 0.967468619346619 
1360	 0.967353165149689 
1361	 0.967306077480316 
1362	 0.967288672924042 
1363	 0.967190980911255 
1364	 0.967122673988342 
1365	 0.967137038707733 
1366	 0.967160046100616 
1367	 0.967005372047424 
1368	 0.966942191123962 
1369	 0.966938018798828 
1370	 0.966839849948883 
1371	 0.966769337654114 
1372	 0.966897249221802 
1373	 0.966983616352081 
1374	 0.96678364276886 
1375	 0.966698884963989 
1376	 0.966821730136871 
1377	 0.966724812984467 
1378	 0.966624855995178 
1379	 0.966788768768311 
1380	 0.966777205467224 
1381	 0.966533780097961 
1382	 0.966581165790558 
1383	 0.966694533824921 
1384	 0.966565668582916 
1385	 0.966567516326904 
1386	 0.966664493083954 
1387	 0.966677725315094 
1388	 0.966649293899536 
1389	 0.966640591621399 
1390	 0.96665620803833 
1391	 0.966603219509125 
1392	 0.966540575027466 
1393	 0.966569125652313 
1394	 0.966586351394653 
1395	 0.966554760932922 
1396	 0.966464459896088 
1397	 0.966355979442596 
1398	 0.966293573379517 
1399	 0.966399252414703 
1400	 0.96642005443573 
1401	 0.966422855854034 
1402	 0.966539442539215 
1403	 0.966517329216003 
1404	 0.96638697385788 
1405	 0.966378748416901 
1406	 0.966371893882751 
1407	 0.966123104095459 
1408	 0.965994417667389 
1409	 0.966103434562683 
1410	 0.966123878955841 
1411	 0.966183006763458 
1412	 0.966298401355743 
1413	 0.966257750988007 
1414	 0.96621161699295 
1415	 0.966321468353271 
1416	 0.966452538967133 
1417	 0.966441214084625 
1418	 0.966452479362488 
1419	 0.966479003429413 
1420	 0.96649295091629 
1421	 0.966493368148804 
1422	 0.966475427150726 
1423	 0.966502010822296 
1424	 0.966521561145782 
1425	 0.966557085514069 
1426	 0.96666544675827 
1427	 0.966725528240204 
1428	 0.966729521751404 
1429	 0.966799259185791 
1430	 0.966890633106232 
1431	 0.966987371444702 
1432	 0.967108964920044 
1433	 0.967159509658813 
1434	 0.967061698436737 
1435	 0.966970860958099 
1436	 0.967021048069 
1437	 0.966992199420929 
1438	 0.966908097267151 
1439	 0.96698659658432 
1440	 0.967015504837036 
1441	 0.966900110244751 
1442	 0.966929137706757 
1443	 0.967059910297394 
1444	 0.967148661613464 
1445	 0.967111527919769 
1446	 0.967009603977203 
1447	 0.96696013212204 
1448	 0.966861367225647 
1449	 0.966880142688751 
1450	 0.967143654823303 
1451	 0.967155754566193 
1452	 0.966996610164642 
1453	 0.966999113559723 
1454	 0.967002332210541 
1455	 0.967072367668152 
1456	 0.96713799238205 
1457	 0.967068791389465 
1458	 0.96701455116272 
1459	 0.966991662979126 
1460	 0.967022895812988 
1461	 0.967040538787842 
1462	 0.966939687728882 
1463	 0.966863691806793 
1464	 0.96686840057373 
1465	 0.967014133930206 
1466	 0.967035949230194 
1467	 0.966928541660309 
1468	 0.966977894306183 
1469	 0.967104732990265 
1470	 0.967124044895172 
1471	 0.967186033725739 
1472	 0.967273890972137 
1473	 0.967332482337952 
1474	 0.967146992683411 
1475	 0.967088997364044 
1476	 0.967107772827148 
1477	 0.967046678066254 
1478	 0.966909348964691 
1479	 0.966922998428345 
1480	 0.966989159584045 
1481	 0.967025399208069 
1482	 0.967051804065704 
1483	 0.967095792293549 
1484	 0.967121541500092 
1485	 0.967002868652344 
1486	 0.966937065124512 
1487	 0.966926872730255 
1488	 0.966891169548035 
1489	 0.966945767402649 
1490	 0.967057466506958 
1491	 0.96702778339386 
1492	 0.966882944107056 
1493	 0.966820657253265 
1494	 0.966875612735748 
1495	 0.966878294944763 
1496	 0.966898620128632 
1497	 0.9669029712677 
1498	 0.966811656951904 
1499	 0.966863214969635 
1500	 0.967032849788666 
1501	 0.967054486274719 
1502	 0.966968655586243 
1503	 0.966889619827271 
1504	 0.966806888580322 
1505	 0.966875791549683 
1506	 0.967046082019806 
1507	 0.967074751853943 
1508	 0.967030167579651 
1509	 0.966997265815735 
1510	 0.967035472393036 
1511	 0.967207729816437 
1512	 0.967297494411469 
1513	 0.967156231403351 
1514	 0.967020273208618 
1515	 0.9669269323349 
1516	 0.966931521892548 
1517	 0.966965794563293 
1518	 0.967181742191315 
1519	 0.96718817949295 
1520	 0.967091619968414 
1521	 0.967082500457764 
1522	 0.967060208320618 
1523	 0.967038691043854 
1524	 0.967026710510254 
1525	 0.967002213001251 
1526	 0.966985166072845 
1527	 0.966966867446899 
1528	 0.966976404190063 
1529	 0.966950416564941 
1530	 0.966826617717743 
1531	 0.966829419136047 
1532	 0.966959416866302 
1533	 0.966969788074493 
1534	 0.966964960098267 
1535	 0.966994762420654 
1536	 0.967000484466553 
1537	 0.966984510421753 
1538	 0.966888010501862 
1539	 0.966921031475067 
1540	 0.966986656188965 
1541	 0.966868817806244 
1542	 0.966959834098816 
1543	 0.967140376567841 
1544	 0.967126488685608 
1545	 0.967089831829071 
1546	 0.966971278190613 
1547	 0.966850817203522 
1548	 0.966723799705505 
1549	 0.96674919128418 
1550	 0.966905415058136 
1551	 0.966892957687378 
1552	 0.966852724552155 
1553	 0.966813743114471 
1554	 0.966759383678436 
1555	 0.96677964925766 
1556	 0.966739416122437 
1557	 0.966650307178497 
1558	 0.966701328754425 
1559	 0.966708540916443 
1560	 0.96666944026947 
1561	 0.9667649269104 
1562	 0.966648817062378 
1563	 0.966455817222595 
1564	 0.966507077217102 
1565	 0.966493844985962 
1566	 0.966513454914093 
1567	 0.966660976409912 
1568	 0.966557025909424 
1569	 0.966435313224792 
1570	 0.966414034366608 
1571	 0.966296672821045 
1572	 0.966307401657104 
1573	 0.966452240943909 
1574	 0.966501772403717 
1575	 0.966530382633209 
1576	 0.96671462059021 
1577	 0.966709554195404 
1578	 0.966477036476135 
1579	 0.966520249843597 
1580	 0.966495752334595 
1581	 0.966332912445068 
1582	 0.966545224189758 
1583	 0.966580748558044 
1584	 0.966392159461975 
1585	 0.966580927371979 
1586	 0.966737151145935 
1587	 0.966656982898712 
1588	 0.966662764549255 
1589	 0.966587007045746 
1590	 0.966310799121857 
1591	 0.966217398643494 
1592	 0.966304004192352 
1593	 0.966308116912842 
1594	 0.966380596160889 
1595	 0.966435611248016 
1596	 0.96636289358139 
1597	 0.966295421123505 
1598	 0.966220140457153 
1599	 0.966121852397919 
1600	 0.966040551662445 
1601	 0.966094076633453 
1602	 0.966189026832581 
1603	 0.966203093528748 
1604	 0.966218173503876 
1605	 0.966183960437775 
1606	 0.966038823127747 
1607	 0.965969085693359 
1608	 0.96608293056488 
1609	 0.966088175773621 
1610	 0.966004133224487 
1611	 0.966045439243317 
1612	 0.966029107570648 
1613	 0.965944945812225 
1614	 0.966027736663818 
1615	 0.966030299663544 
1616	 0.965886831283569 
1617	 0.965886294841766 
1618	 0.96586138010025 
1619	 0.965734899044037 
1620	 0.965642273426056 
1621	 0.965502381324768 
1622	 0.965368688106537 
1623	 0.965355575084686 
1624	 0.965424597263336 
1625	 0.965355038642883 
1626	 0.965286254882813 
1627	 0.965358257293701 
1628	 0.965280652046204 
1629	 0.965199828147888 
1630	 0.965144038200378 
1631	 0.964855492115021 
1632	 0.964709520339966 
1633	 0.964796423912048 
1634	 0.964819848537445 
1635	 0.964855015277863 
1636	 0.964777529239655 
1637	 0.964573085308075 
1638	 0.964434206485748 
1639	 0.964406192302704 
1640	 0.964425444602966 
1641	 0.964366793632507 
1642	 0.964446067810059 
1643	 0.964485287666321 
1644	 0.964455962181091 
1645	 0.96454244852066 
1646	 0.96454519033432 
1647	 0.964443445205688 
1648	 0.964267134666443 
1649	 0.964170396327972 
1650	 0.964120388031006 
1651	 0.963991165161133 
1652	 0.96406763792038 
1653	 0.964201509952545 
1654	 0.964203834533691 
1655	 0.964345633983612 
1656	 0.964379012584686 
1657	 0.964268088340759 
1658	 0.964298486709595 
1659	 0.964330494403839 
1660	 0.964185893535614 
1661	 0.964106857776642 
1662	 0.964098989963531 
1663	 0.964074611663818 
1664	 0.96412855386734 
1665	 0.964123606681824 
1666	 0.963991641998291 
1667	 0.963761210441589 
1668	 0.963728129863739 
1669	 0.963887810707092 
1670	 0.963889539241791 
1671	 0.963849425315857 
1672	 0.963693559169769 
1673	 0.963438093662262 
1674	 0.963282942771912 
1675	 0.963200390338898 
1676	 0.963303744792938 
1677	 0.963324069976807 
1678	 0.963394403457642 
1679	 0.963388442993164 
1680	 0.963151276111603 
1681	 0.963085651397705 
1682	 0.963098227977753 
1683	 0.963043510913849 
1684	 0.963033616542816 
1685	 0.96303004026413 
1686	 0.962944805622101 
1687	 0.96289074420929 
1688	 0.962919473648071 
1689	 0.962945640087128 
1690	 0.963012754917145 
1691	 0.963019490242004 
1692	 0.963042199611664 
1693	 0.963016867637634 
1694	 0.96284157037735 
1695	 0.962859570980072 
1696	 0.963068604469299 
1697	 0.963084161281586 
1698	 0.963085770606995 
1699	 0.963073492050171 
1700	 0.962831079959869 
1701	 0.962806403636932 
1702	 0.963039219379425 
1703	 0.963046669960022 
1704	 0.962925136089325 
1705	 0.962977349758148 
1706	 0.963046431541443 
1707	 0.963064968585968 
1708	 0.963246524333954 
1709	 0.963249862194061 
1710	 0.962945461273193 
1711	 0.962966442108154 
1712	 0.963267743587494 
1713	 0.963211357593536 
1714	 0.963116705417633 
1715	 0.963055372238159 
1716	 0.962752640247345 
1717	 0.962684750556946 
1718	 0.962883532047272 
1719	 0.962897181510925 
1720	 0.96277791261673 
1721	 0.962833940982819 
1722	 0.962997138500214 
1723	 0.963034808635712 
1724	 0.963156759738922 
1725	 0.963142096996307 
1726	 0.962937355041504 
1727	 0.962937951087952 
1728	 0.963012337684631 
1729	 0.962976574897766 
1730	 0.962978601455688 
1731	 0.962990462779999 
1732	 0.962802290916443 
1733	 0.962721109390259 
1734	 0.96271413564682 
1735	 0.962713301181793 
1736	 0.962683975696564 
1737	 0.962669968605042 
1738	 0.962625205516815 
1739	 0.962409496307373 
1740	 0.962382137775421 
1741	 0.962515413761139 
1742	 0.962583839893341 
1743	 0.962876915931702 
1744	 0.962934732437134 
1745	 0.962713003158569 
1746	 0.962620258331299 
1747	 0.962361633777618 
1748	 0.962321400642395 
1749	 0.962616980075836 
1750	 0.962610900402069 
1751	 0.96254163980484 
1752	 0.962524056434631 
1753	 0.962240755558014 
1754	 0.962195336818695 
1755	 0.962459802627563 
1756	 0.962474882602692 
1757	 0.962363064289093 
1758	 0.962393403053284 
1759	 0.962441146373749 
1760	 0.962388694286346 
1761	 0.962420403957367 
1762	 0.962357759475708 
1763	 0.962069928646088 
1764	 0.961999833583832 
1765	 0.962048411369324 
1766	 0.962058305740356 
1767	 0.962092816829681 
1768	 0.962115526199341 
1769	 0.962185025215149 
1770	 0.962126910686493 
1771	 0.961984753608704 
1772	 0.961951971054077 
1773	 0.961908221244812 
1774	 0.961903691291809 
1775	 0.961958944797516 
1776	 0.961941480636597 
1777	 0.961618542671204 
1778	 0.961419582366943 
1779	 0.961329519748688 
1780	 0.961372375488281 
1781	 0.961366415023804 
1782	 0.961330652236938 
1783	 0.96132504940033 
1784	 0.96125864982605 
1785	 0.961257815361023 
1786	 0.961436331272125 
1787	 0.961477279663086 
1788	 0.961559891700745 
1789	 0.961492896080017 
1790	 0.961143016815186 
1791	 0.960974216461182 
1792	 0.960726141929626 
1793	 0.960667192935944 
1794	 0.960842251777649 
1795	 0.960918366909027 
1796	 0.961051285266876 
1797	 0.961039423942566 
1798	 0.960982978343964 
1799	 0.960911393165588 
1800	 0.960646629333496 
1801	 0.96057403087616 
1802	 0.960648357868195 
1803	 0.960500240325928 
1804	 0.960304796695709 
1805	 0.960288286209106 
1806	 0.960183918476105 
1807	 0.960463762283325 
1808	 0.960571944713593 
1809	 0.960405230522156 
1810	 0.960308432579041 
1811	 0.959984004497528 
1812	 0.95989453792572 
1813	 0.959971129894257 
1814	 0.959712266921997 
1815	 0.959596991539001 
1816	 0.959550619125366 
1817	 0.959533333778381 
1818	 0.959475040435791 
1819	 0.959449768066406 
1820	 0.959442317485809 
1821	 0.959379553794861 
1822	 0.959325790405273 
1823	 0.959214806556702 
1824	 0.959120988845825 
1825	 0.959116816520691 
1826	 0.95893532037735 
1827	 0.958655297756195 
1828	 0.958582401275635 
1829	 0.958447575569153 
1830	 0.958317160606384 
1831	 0.958627581596375 
1832	 0.958620071411133 
1833	 0.958576321601868 
1834	 0.958532333374023 
1835	 0.958581447601318 
1836	 0.958344995975494 
1837	 0.957809150218964 
1838	 0.957801222801209 
1839	 0.957564830780029 
1840	 0.957057476043701 
1841	 0.95699816942215 
1842	 0.95729672908783 
1843	 0.95737361907959 
1844	 0.957656919956207 
1845	 0.957637310028076 
1846	 0.95764833688736 
1847	 0.957084059715271 
1848	 0.956548929214478 
1849	 0.956381499767303 
1850	 0.956394195556641 
1851	 0.956598401069641 
1852	 0.957012116909027 
1853	 0.957437574863434 
1854	 0.957552194595337 
1855	 0.957498252391815 
1856	 0.957531034946442 
1857	 0.957479298114777 
1858	 0.957176566123962 
1859	 0.956894814968109 
1860	 0.95679372549057 
1861	 0.956655740737915 
1862	 0.956582486629486 
1863	 0.956645607948303 
1864	 0.957010209560394 
1865	 0.957100093364716 
1866	 0.957225561141968 
1867	 0.95706969499588 
1868	 0.957016408443451 
1869	 0.956905663013458 
1870	 0.956703901290894 
1871	 0.956708908081055 
1872	 0.956571459770203 
1873	 0.956467747688293 
1874	 0.95631617307663 
1875	 0.956018209457397 
1876	 0.955859899520874 
1877	 0.955773532390594 
1878	 0.955606460571289 
1879	 0.955730438232422 
1880	 0.955927610397339 
1881	 0.955824255943298 
1882	 0.955974221229553 
1883	 0.955956816673279 
1884	 0.955612003803253 
1885	 0.955376863479614 
1886	 0.955197155475616 
1887	 0.954862356185913 
1888	 0.954692244529724 
1889	 0.955136358737946 
1890	 0.955526351928711 
1891	 0.955470561981201 
1892	 0.955528438091278 
1893	 0.955346822738647 
1894	 0.955090999603271 
1895	 0.955141067504883 
1896	 0.955096244812012 
1897	 0.954942584037781 
1898	 0.954860389232636 
1899	 0.955042779445648 
1900	 0.955115675926209 
1901	 0.955215215682983 
1902	 0.955208778381348 
1903	 0.955049276351929 
1904	 0.955142974853516 
1905	 0.955283164978027 
1906	 0.955092310905457 
1907	 0.954905271530151 
1908	 0.954542100429535 
1909	 0.954245865345001 
1910	 0.954156816005707 
1911	 0.954309582710266 
1912	 0.954408228397369 
1913	 0.954384624958038 
1914	 0.954606890678406 
1915	 0.954616189002991 
1916	 0.954411149024963 
1917	 0.954378485679626 
1918	 0.954273760318756 
1919	 0.95390659570694 
1920	 0.953632950782776 
1921	 0.953708350658417 
1922	 0.9538254737854 
1923	 0.953952193260193 
1924	 0.953773200511932 
1925	 0.953659236431122 
1926	 0.953788757324219 
1927	 0.953462719917297 
1928	 0.953076124191284 
1929	 0.952854931354523 
1930	 0.952674150466919 
1931	 0.952312588691711 
1932	 0.952352643013 
1933	 0.952388286590576 
1934	 0.95207279920578 
1935	 0.951935052871704 
1936	 0.95180469751358 
1937	 0.951661944389343 
1938	 0.951882421970367 
1939	 0.952138185501099 
1940	 0.952187597751617 
1941	 0.952022910118103 
1942	 0.951884329319 
1943	 0.951912462711334 
1944	 0.95186048746109 
1945	 0.951770901679993 
1946	 0.951762437820435 
1947	 0.951890110969543 
1948	 0.95178610086441 
1949	 0.951493680477142 
1950	 0.951329827308655 
1951	 0.951122403144836 
1952	 0.950983881950378 
1953	 0.950884401798248 
1954	 0.95075935125351 
1955	 0.950576663017273 
1956	 0.950397968292236 
1957	 0.95001620054245 
1958	 0.949795484542847 
1959	 0.949836730957031 
1960	 0.9499232172966 
1961	 0.949681282043457 
1962	 0.949504971504211 
1963	 0.949506640434265 
1964	 0.949174821376801 
1965	 0.948969304561615 
1966	 0.948917984962463 
1967	 0.949047982692719 
1968	 0.948916435241699 
1969	 0.9487584233284 
1970	 0.948670506477356 
1971	 0.948532462120056 
1972	 0.948298871517181 
1973	 0.948151171207428 
1974	 0.947998940944672 
1975	 0.948153495788574 
1976	 0.948091208934784 
1977	 0.948027491569519 
1978	 0.947726726531982 
1979	 0.947738766670227 
1980	 0.947385787963867 
1981	 0.946995377540588 
1982	 0.947143137454987 
1983	 0.946778893470764 
1984	 0.94630378484726 
1985	 0.946379661560059 
1986	 0.946171581745148 
1987	 0.945952713489532 
1988	 0.945969700813293 
1989	 0.945819735527039 
1990	 0.945313334465027 
1991	 0.945116817951202 
1992	 0.945153057575226 
1993	 0.944888651371002 
1994	 0.944646418094635 
1995	 0.944466829299927 
1996	 0.94427877664566 
1997	 0.944130837917328 
1998	 0.943949282169342 
1999	 0.943680346012115 
2000	 0.943448901176453 
2001	 0.943233013153076 
2002	 0.942930638790131 
2003	 0.942645370960236 
2004	 0.942404925823212 
2005	 0.942122399806976 
2006	 0.941890776157379 
2007	 0.941709458827972 
2008	 0.94153505563736 
2009	 0.941389679908752 
2010	 0.941218256950378 
2011	 0.941454172134399 
2012	 0.941561043262482 
2013	 0.941096246242523 
2014	 0.940640151500702 
2015	 0.940362393856049 
2016	 0.939888000488281 
2017	 0.939622938632965 
2018	 0.939707279205322 
2019	 0.939650774002075 
2020	 0.939272463321686 
2021	 0.938820481300354 
2022	 0.938425004482269 
2023	 0.937950372695923 
2024	 0.937879383563995 
2025	 0.937791883945465 
2026	 0.937245726585388 
2027	 0.936940371990204 
2028	 0.936794281005859 
2029	 0.936616957187653 
2030	 0.936402022838593 
2031	 0.936374843120575 
2032	 0.936260342597961 
2033	 0.935989081859589 
2034	 0.935582995414734 
2035	 0.935213446617126 
2036	 0.935059726238251 
2037	 0.934590518474579 
2038	 0.934152722358704 
2039	 0.934158086776733 
2040	 0.933993875980377 
2041	 0.933474719524384 
2042	 0.933341562747955 
2043	 0.933316111564636 
2044	 0.933345675468445 
2045	 0.933151364326477 
2046	 0.933184385299683 
2047	 0.93306702375412 
2048	 0.932447671890259 
2049	 0.931965589523315 
2050	 0.931915760040283 
2051	 0.931846261024475 
2052	 0.931498348712921 
2053	 0.931493818759918 
2054	 0.931472718715668 
2055	 0.930747628211975 
2056	 0.930321335792542 
2057	 0.930235147476196 
2058	 0.929937720298767 
2059	 0.929462373256683 
2060	 0.929280579090118 
2061	 0.929313540458679 
2062	 0.929048776626587 
2063	 0.928484618663788 
2064	 0.928192913532257 
2065	 0.927988946437836 
2066	 0.92760169506073 
2067	 0.927391946315765 
2068	 0.927432239055634 
2069	 0.927262485027313 
2070	 0.926917195320129 
2071	 0.926702082157135 
2072	 0.926849067211151 
2073	 0.926789820194244 
2074	 0.926555991172791 
2075	 0.926420927047729 
2076	 0.92639172077179 
2077	 0.926192581653595 
2078	 0.926159203052521 
2079	 0.926303088665009 
2080	 0.925963461399078 
2081	 0.925518393516541 
2082	 0.925211906433105 
2083	 0.924744665622711 
2084	 0.924443900585175 
2085	 0.924458086490631 
2086	 0.924181938171387 
2087	 0.923742115497589 
2088	 0.923536419868469 
2089	 0.92349112033844 
2090	 0.923282980918884 
2091	 0.923072993755341 
2092	 0.922919809818268 
2093	 0.922814011573792 
2094	 0.922481596469879 
2095	 0.92225170135498 
2096	 0.921837329864502 
2097	 0.921599864959717 
2098	 0.921556830406189 
2099	 0.921328067779541 
2100	 0.921426057815552 
2101	 0.921318233013153 
2102	 0.920858323574066 
2103	 0.920644819736481 
2104	 0.920307815074921 
2105	 0.919916272163391 
2106	 0.919649600982666 
2107	 0.919362962245941 
2108	 0.918828427791595 
2109	 0.91860568523407 
2110	 0.918649673461914 
2111	 0.918656706809998 
2112	 0.918053448200226 
2113	 0.917536795139313 
2114	 0.917150378227234 
2115	 0.916773080825806 
2116	 0.916823208332062 
2117	 0.916920781135559 
2118	 0.916769802570343 
2119	 0.916231155395508 
2120	 0.915590405464172 
2121	 0.915142714977264 
2122	 0.91503369808197 
2123	 0.91504979133606 
2124	 0.914682865142822 
2125	 0.914035320281982 
2126	 0.913781344890594 
2127	 0.913437128067017 
2128	 0.91318267583847 
2129	 0.913210451602936 
2130	 0.913428664207459 
2131	 0.913104772567749 
2132	 0.912716329097748 
2133	 0.912672698497772 
2134	 0.912572681903839 
2135	 0.912483274936676 
2136	 0.91252738237381 
2137	 0.912626624107361 
2138	 0.912800192832947 
2139	 0.913030564785004 
2140	 0.913051068782806 
2141	 0.913081407546997 
2142	 0.912929236888886 
2143	 0.913063168525696 
2144	 0.913324415683746 
2145	 0.913477003574371 
2146	 0.91361802816391 
2147	 0.913786172866821 
2148	 0.913899183273315 
2149	 0.914158165454865 
2150	 0.914190113544464 
2151	 0.914514183998108 
2152	 0.914955377578735 
2153	 0.915338218212128 
2154	 0.915977716445923 
2155	 0.916602194309235 
2156	 0.916808843612671 
2157	 0.917037308216095 
2158	 0.917400479316711 
2159	 0.917603731155396 
2160	 0.918365776538849 
2161	 0.919087469577789 
2162	 0.919400870800018 
2163	 0.919599413871765 
2164	 0.919930756092072 
2165	 0.919500172138214 
2166	 0.919928967952728 
2167	 0.921369552612305 
2168	 0.921860694885254 
2169	 0.922051846981049 
2170	 0.922415614128113 
2171	 0.922358691692352 
2172	 0.922521770000458 
2173	 0.923385083675385 
2174	 0.924095749855042 
2175	 0.924200177192688 
2176	 0.924549221992493 
2177	 0.925478160381317 
2178	 0.926212251186371 
2179	 0.927063405513763 
2180	 0.928144335746765 
2181	 0.928291320800781 
2182	 0.928017616271973 
2183	 0.928111493587494 
2184	 0.928467452526093 
2185	 0.928659856319427 
2186	 0.929008543491364 
2187	 0.929295301437378 
2188	 0.929212272167206 
2189	 0.929463028907776 
2190	 0.929925858974457 
2191	 0.930335402488709 
2192	 0.930944859981537 
2193	 0.931740403175354 
2194	 0.932100772857666 
2195	 0.932562410831451 
2196	 0.932929813861847 
2197	 0.932853877544403 
2198	 0.932718992233276 
2199	 0.93261045217514 
2200	 0.932750344276428 
2201	 0.933458566665649 
2202	 0.933591842651367 
2203	 0.93338680267334 
2204	 0.933444201946259 
2205	 0.933268547058105 
2206	 0.933729946613312 
2207	 0.934502065181732 
2208	 0.93454122543335 
2209	 0.934579432010651 
2210	 0.934604585170746 
2211	 0.934350669384003 
2212	 0.934306383132935 
2213	 0.934407830238342 
2214	 0.934526920318604 
2215	 0.935044229030609 
2216	 0.935066282749176 
2217	 0.934935331344604 
2218	 0.934619784355164 
2219	 0.934312164783478 
2220	 0.934138000011444 
2221	 0.934936106204987 
2222	 0.935818493366241 
2223	 0.935752928256989 
2224	 0.935389816761017 
2225	 0.935037553310394 
2226	 0.934969842433929 
2227	 0.93528813123703 
2228	 0.935485899448395 
2229	 0.9355428814888 
2230	 0.935491144657135 
2231	 0.935445129871368 
2232	 0.936053395271301 
2233	 0.936732113361359 
2234	 0.936739146709442 
2235	 0.936820924282074 
2236	 0.93669605255127 
2237	 0.936301290988922 
2238	 0.935275018215179 
2239	 0.934948742389679 
2240	 0.934604644775391 
2241	 0.934661984443665 
2242	 0.93535989522934 
2243	 0.935691893100739 
2244	 0.936298668384552 
2245	 0.936208784580231 
2246	 0.935686051845551 
2247	 0.935084342956543 
2248	 0.93474417924881 
2249	 0.934633553028107 
2250	 0.93470698595047 
2251	 0.935028433799744 
2252	 0.935193657875061 
2253	 0.935307443141937 
2254	 0.935374140739441 
2255	 0.935429394245148 
2256	 0.935156762599945 
2257	 0.934671700000763 
2258	 0.934729397296906 
2259	 0.934534251689911 
2260	 0.934640645980835 
2261	 0.934883654117584 
2262	 0.934310019016266 
2263	 0.93433403968811 
2264	 0.934633135795593 
2265	 0.93422394990921 
2266	 0.93439769744873 
2267	 0.934576392173767 
2268	 0.933800041675568 
2269	 0.933049917221069 
2270	 0.932616233825684 
2271	 0.932487666606903 
2272	 0.932421743869781 
2273	 0.9329873919487 
2274	 0.932858347892761 
2275	 0.932298481464386 
2276	 0.932042956352234 
2277	 0.931230485439301 
2278	 0.931321740150452 
2279	 0.932666301727295 
2280	 0.932678937911987 
2281	 0.932226121425629 
2282	 0.932128250598907 
2283	 0.931667566299438 
2284	 0.931170701980591 
2285	 0.931054532527924 
2286	 0.930846869945526 
2287	 0.930423855781555 
2288	 0.929704070091248 
2289	 0.929277896881104 
2290	 0.929364740848541 
2291	 0.92939293384552 
2292	 0.929762065410614 
2293	 0.930499851703644 
2294	 0.930609524250031 
2295	 0.929660141468048 
2296	 0.928465604782104 
2297	 0.927878320217133 
2298	 0.928115248680115 
2299	 0.928548872470856 
2300	 0.928734362125397 
2301	 0.928351700305939 
2302	 0.927265167236328 
2303	 0.927357077598572 
2304	 0.927803933620453 
2305	 0.927202820777893 
2306	 0.927091717720032 
2307	 0.926310837268829 
2308	 0.925435423851013 
2309	 0.926050007343292 
2310	 0.92607319355011 
2311	 0.926341474056244 
2312	 0.926653504371643 
2313	 0.925318479537964 
2314	 0.924673974514008 
2315	 0.925196290016174 
2316	 0.925198316574097 
2317	 0.924979865550995 
2318	 0.924629688262939 
2319	 0.923444986343384 
2320	 0.922222137451172 
2321	 0.921889960765839 
2322	 0.922442734241486 
2323	 0.92238050699234 
2324	 0.92193341255188 
2325	 0.921598196029663 
2326	 0.921290755271912 
2327	 0.92051100730896 
2328	 0.919574975967407 
2329	 0.919309735298157 
2330	 0.919081568717957 
2331	 0.918680131435394 
2332	 0.919568538665771 
2333	 0.920301616191864 
2334	 0.919549345970154 
2335	 0.919275283813477 
2336	 0.918866455554962 
2337	 0.917868793010712 
2338	 0.918274641036987 
2339	 0.918325066566467 
2340	 0.917424082756042 
2341	 0.917458593845367 
2342	 0.916947841644287 
2343	 0.916089594364166 
2344	 0.91590541601181 
2345	 0.915184736251831 
2346	 0.915024280548096 
2347	 0.915830075740814 
2348	 0.915883183479309 
2349	 0.915433466434479 
2350	 0.915242314338684 
2351	 0.914580404758453 
2352	 0.913671135902405 
2353	 0.913176536560059 
2354	 0.913064122200012 
2355	 0.912691652774811 
2356	 0.912568688392639 
2357	 0.913841843605042 
2358	 0.914852738380432 
2359	 0.914829909801483 
2360	 0.914595186710358 
2361	 0.913771212100983 
2362	 0.912936687469482 
2363	 0.913165390491486 
2364	 0.913994431495667 
2365	 0.914143681526184 
2366	 0.913786113262177 
2367	 0.913430273532867 
2368	 0.913640797138214 
2369	 0.91388338804245 
2370	 0.913365602493286 
2371	 0.912912130355835 
2372	 0.911915898323059 
2373	 0.910918593406677 
2374	 0.911426365375519 
2375	 0.911535501480103 
2376	 0.910508513450623 
2377	 0.909820675849915 
2378	 0.909643232822418 
2379	 0.909448802471161 
2380	 0.909873187541962 
2381	 0.910884559154511 
2382	 0.910638749599457 
2383	 0.909777224063873 
2384	 0.909361600875854 
2385	 0.909938216209412 
2386	 0.911370754241943 
2387	 0.912400305271149 
2388	 0.913556396961212 
2389	 0.913790225982666 
2390	 0.912556707859039 
2391	 0.911010503768921 
2392	 0.910154521465302 
2393	 0.910566449165344 
2394	 0.910717189311981 
2395	 0.910477459430695 
2396	 0.910737991333008 
2397	 0.910733103752136 
2398	 0.91175377368927 
2399	 0.914188146591187 
2400	 0.913856446743011 
2401	 0.911492168903351 
2402	 0.910378038883209 
2403	 0.909646570682526 
2404	 0.910696804523468 
2405	 0.911402702331543 
2406	 0.910205602645874 
2407	 0.909548461437225 
2408	 0.908644735813141 
2409	 0.909533381462097 
2410	 0.911430299282074 
2411	 0.911593019962311 
2412	 0.911331057548523 
2413	 0.910011231899261 
2414	 0.907933533191681 
2415	 0.90772408246994 
2416	 0.907777965068817 
2417	 0.908777713775635 
2418	 0.910411477088928 
2419	 0.908954679965973 
2420	 0.909030377864838 
2421	 0.910946488380432 
2422	 0.911676466464996 
2423	 0.911742687225342 
2424	 0.910657107830048 
2425	 0.910951435565948 
2426	 0.911385178565979 
2427	 0.910102903842926 
2428	 0.9095339179039 
2429	 0.908176124095917 
2430	 0.905952215194702 
2431	 0.906061172485352 
2432	 0.906649827957153 
2433	 0.906018316745758 
2434	 0.905460357666016 
2435	 0.906485378742218 
2436	 0.908697545528412 
2437	 0.908106625080109 
2438	 0.907561838626862 
2439	 0.908999979496002 
2440	 0.907819032669067 
2441	 0.907364845275879 
2442	 0.909140765666962 
2443	 0.907679378986359 
2444	 0.907228112220764 
2445	 0.910301029682159 
2446	 0.910035133361816 
2447	 0.908516228199005 
2448	 0.908577442169189 
2449	 0.907698214054108 
2450	 0.906170010566711 
2451	 0.90697979927063 
2452	 0.909121215343475 
2453	 0.909169435501099 
2454	 0.909647345542908 
2455	 0.910467624664307 
2456	 0.908752620220184 
2457	 0.906555533409119 
2458	 0.904986262321472 
2459	 0.906849026679993 
2460	 0.907520771026611 
2461	 0.90977942943573 
2462	 0.911493718624115 
2463	 0.909529447555542 
2464	 0.909620225429535 
2465	 0.913412749767303 
2466	 0.913815915584564 
2467	 0.913859963417053 
2468	 0.912835001945496 
2469	 0.907537698745728 
2470	 0.905811548233032 
2471	 0.905381441116333 
2472	 0.904919564723969 
2473	 0.907231271266937 
2474	 0.908806681632996 
2475	 0.908144056797028 
2476	 0.90958160161972 
2477	 0.914584755897522 
2478	 0.910051107406616 
2479	 0.908860981464386 
2480	 0.907716333866119 
2481	 0.904687523841858 
2482	 0.907180786132813 
2483	 0.910488247871399 
2484	 0.910261332988739 
2485	 0.908816814422607 
2486	 0.903935372829437 
2487	 0.899661362171173 
2488	 0.899074971675873 
2489	 0.897064626216888 
2490	 0.894982993602753 
2491	 0.893926501274109 
2492	 0.896724224090576 
2493	 0.899205088615417 
2494	 0.901228368282318 
2495	 0.904983222484589 
2496	 0.90258526802063 
2497	 0.897078990936279 
2498	 0.892626047134399 
2499	 0.897394716739655 
2500	 0.905301690101624 
