350	 6.69022649526596E-02 
351	 0.065069817006588 
352	 7.06213042140007E-02 
353	 7.19217285513878E-02 
354	 0.064692959189415 
355	 6.88139796257019E-02 
356	 7.00112357735634E-02 
357	 6.75671100616455E-02 
358	 6.59674629569054E-02 
359	 6.78649395704269E-02 
360	 6.90579786896706E-02 
361	 6.85360953211784E-02 
362	 6.81295096874237E-02 
363	 6.75836354494095E-02 
364	 6.75823241472244E-02 
365	 6.78260922431946E-02 
366	 6.58795386552811E-02 
367	 6.74979165196419E-02 
368	 6.93190395832062E-02 
369	 6.77066817879677E-02 
370	 6.86978101730347E-02 
371	 6.82456567883492E-02 
372	 6.62159323692322E-02 
373	 6.51761144399643E-02 
374	 6.62635117769241E-02 
375	 6.79732486605644E-02 
376	 6.85752183198929E-02 
377	 6.65678307414055E-02 
378	 6.60185590386391E-02 
379	 6.76094517111778E-02 
380	 6.99535757303238E-02 
381	 6.85512199997902E-02 
382	 6.70422911643982E-02 
383	 6.72295019030571E-02 
384	 6.91372230648994E-02 
385	 6.82379305362701E-02 
386	 6.69642835855484E-02 
387	 6.71025067567825E-02 
388	 6.88250064849854E-02 
389	 6.80033639073372E-02 
390	 6.66938349604607E-02 
391	 6.69132471084595E-02 
392	 6.69824779033661E-02 
393	 6.79614841938019E-02 
394	 6.85028731822968E-02 
395	 6.71327412128448E-02 
396	 6.78076818585396E-02 
397	 6.89371824264526E-02 
398	 6.92491307854652E-02 
399	 6.83128610253334E-02 
400	 6.79715350270271E-02 
401	 6.78976401686668E-02 
402	 6.75709620118141E-02 
403	 6.69653341174126E-02 
404	 6.72910511493683E-02 
405	 6.82026073336601E-02 
406	 6.86807855963707E-02 
407	 6.77723214030266E-02 
408	 6.73843622207642E-02 
409	 6.78798407316208E-02 
410	 6.80047571659088E-02 
411	 6.78302645683289E-02 
412	 6.77498877048492E-02 
413	 6.79721906781197E-02 
414	 6.81821405887604E-02 
415	 6.80382624268532E-02 
416	 6.75391927361488E-02 
417	 6.69967904686928E-02 
418	 6.75550624728203E-02 
419	 6.77277892827988E-02 
420	 6.72917068004608E-02 
421	 6.73789605498314E-02 
422	 6.73899352550507E-02 
423	 6.77049607038498E-02 
424	 6.83561563491821E-02 
425	 6.80928006768227E-02 
426	 6.81135505437851E-02 
427	 6.83944001793861E-02 
428	 6.84794336557388E-02 
429	 6.87627866864204E-02 
430	 6.85252770781517E-02 
431	 6.80069848895073E-02 
432	 6.85117542743683E-02 
433	 6.87040239572525E-02 
434	 6.86471536755562E-02 
435	 6.86447024345398E-02 
436	 6.87920227646828E-02 
437	 6.89376220107079E-02 
438	 6.90878108143806E-02 
439	 6.93381279706955E-02 
440	 6.98519870638847E-02 
441	 7.01176002621651E-02 
442	 7.00803622603416E-02 
443	 0.070366196334362 
444	 7.06781297922134E-02 
445	 0.070772111415863 
446	 7.06468895077705E-02 
447	 7.11745917797089E-02 
448	 7.13593438267708E-02 
449	 0.071097195148468 
450	 7.09330588579178E-02 
451	 7.10088312625885E-02 
452	 7.09545463323593E-02 
453	 7.06820040941238E-02 
454	 0.0707977861166 
455	 7.06675723195076E-02 
456	 7.04478994011879E-02 
457	 7.04518184065819E-02 
458	 0.070319727063179 
459	 0.070325993001461 
460	 7.05733969807625E-02 
461	 7.09571912884712E-02 
462	 7.09802284836769E-02 
463	 7.10522159934044E-02 
464	 7.14444816112518E-02 
465	 7.16182217001915E-02 
466	 7.17710107564926E-02 
467	 7.19386488199234E-02 
468	 7.21379891037941E-02 
469	 7.27134719491005E-02 
470	 7.33077749609947E-02 
471	 7.37171694636345E-02 
472	 7.40166828036308E-02 
473	 7.44665414094925E-02 
474	 7.48136565089226E-02 
475	 7.49076753854752E-02 
476	 7.54557326436043E-02 
477	 7.58298859000206E-02 
478	 7.59787335991859E-02 
479	 7.62466788291931E-02 
480	 0.076641634106636 
481	 7.71122723817825E-02 
482	 7.75145217776299E-02 
483	 7.75114893913269E-02 
484	 7.78440088033676E-02 
485	 7.83462300896645E-02 
486	 0.078609824180603 
487	 7.87691548466682E-02 
488	 7.88517966866493E-02 
489	 7.89413079619408E-02 
490	 7.91697204113007E-02 
491	 7.95318260788918E-02 
492	 7.99164846539497E-02 
493	 8.02563577890396E-02 
494	 8.07034149765968E-02 
495	 8.09511467814446E-02 
496	 8.11363533139229E-02 
497	 8.15578103065491E-02 
498	 8.17694887518883E-02 
499	 8.19833278656006E-02 
500	 8.23864638805389E-02 
501	 8.30493196845055E-02 
502	 8.32595229148865E-02 
503	 8.34289342164993E-02 
504	 8.40620696544647E-02 
505	 8.45512077212334E-02 
506	 8.48205834627151E-02 
507	 8.49861651659012E-02 
508	 8.52989032864571E-02 
509	 8.56949761509895E-02 
510	 8.60785469412804E-02 
511	 8.64059776067734E-02 
512	 8.67907926440239E-02 
513	 8.69436711072922E-02 
514	 8.70616510510445E-02 
515	 8.74903053045273E-02 
516	 8.79636183381081E-02 
517	 8.82641524076462E-02 
518	 8.84173810482025E-02 
519	 8.87575522065163E-02 
520	 8.89181345701218E-02 
521	 8.90792608261108E-02 
522	 8.94225910305977E-02 
523	 8.95945951342583E-02 
524	 8.97181704640388E-02 
525	 8.98616388440132E-02 
526	 9.00459662079811E-02 
527	 9.03605818748474E-02 
528	 9.06073749065399E-02 
529	 9.06841456890106E-02 
530	 9.07802656292915E-02 
531	 9.09777954220772E-02 
532	 9.11629647016525E-02 
533	 9.11966264247894E-02 
534	 9.13940295577049E-02 
535	 9.16262194514275E-02 
536	 0.091785654425621 
537	 9.18346047401428E-02 
538	 9.20244753360748E-02 
539	 9.22155752778053E-02 
540	 9.22517627477646E-02 
541	 9.23050418496132E-02 
542	 9.24787297844887E-02 
543	 9.26786661148071E-02 
544	 9.26884487271309E-02 
545	 0.092816062271595 
546	 9.30350422859192E-02 
547	 9.32426229119301E-02 
548	 9.32716429233551E-02 
549	 9.33484584093094E-02 
550	 0.093497060239315 
551	 9.36419665813446E-02 
552	 9.36642363667488E-02 
553	 9.37384888529778E-02 
554	 9.38892364501953E-02 
555	 9.39182490110397E-02 
556	 9.40118283033371E-02 
557	 9.41555500030518E-02 
558	 9.42817479372025E-02 
559	 9.43308174610138E-02 
560	 9.43287461996078E-02 
561	 0.094369187951088 
562	 9.45694521069527E-02 
563	 9.46222767233849E-02 
564	 9.45700407028198E-02 
565	 9.45265963673592E-02 
566	 9.46378633379936E-02 
567	 9.47045087814331E-02 
568	 9.47102531790733E-02 
569	 9.47244912385941E-02 
570	 9.48425754904747E-02 
571	 9.48852524161339E-02 
572	 9.48346480727196E-02 
573	 9.49210748076439E-02 
574	 9.49778258800507E-02 
575	 9.50102508068085E-02 
576	 9.50555950403214E-02 
577	 9.50882807374001E-02 
578	 9.51264053583145E-02 
579	 9.51517298817635E-02 
580	 9.51265916228294E-02 
581	 9.52455550432205E-02 
582	 9.53241586685181E-02 
583	 9.52544137835503E-02 
584	 9.52663645148277E-02 
585	 9.52265709638596E-02 
586	 9.51503440737724E-02 
587	 9.51079502701759E-02 
588	 9.50509458780289E-02 
589	 9.50109213590622E-02 
590	 9.49998572468758E-02 
591	 0.09499691426754 
592	 9.50352624058723E-02 
593	 9.50409770011902E-02 
594	 9.49694961309433E-02 
595	 9.49954837560654E-02 
596	 9.50350910425186E-02 
597	 9.50255915522575E-02 
598	 9.49340462684631E-02 
599	 9.48554575443268E-02 
600	 9.48278084397316E-02 
601	 0.094825953245163 
602	 9.46829468011856E-02 
603	 0.094605952501297 
604	 9.45925414562225E-02 
605	 9.45496708154678E-02 
606	 9.44428220391274E-02 
607	 9.43515449762344E-02 
608	 9.42920297384262E-02 
609	 9.41891968250275E-02 
610	 9.40934866666794E-02 
611	 9.40055772662163E-02 
612	 9.39081385731697E-02 
613	 9.37641113996506E-02 
614	 9.36530083417892E-02 
615	 9.35980007052422E-02 
616	 9.35719087719917E-02 
617	 9.34679135680199E-02 
618	 0.09330715239048 
619	 9.31583940982819E-02 
620	 9.31633785367012E-02 
621	 9.30687859654427E-02 
622	 9.29112359881401E-02 
623	 9.28270816802979E-02 
624	 9.27590876817703E-02 
625	 9.26539376378059E-02 
626	 9.24972519278526E-02 
627	 9.23181399703026E-02 
628	 0.09221251308918 
629	 9.21433493494987E-02 
630	 9.20367836952209E-02 
631	 9.18168351054192E-02 
632	 9.16741862893105E-02 
633	 9.15950685739517E-02 
634	 9.14373323321342E-02 
635	 9.13237631320953E-02 
636	 9.11878049373627E-02 
637	 9.10056978464127E-02 
638	 9.08825024962425E-02 
639	 9.07606109976768E-02 
640	 9.06434655189514E-02 
641	 9.05372574925423E-02 
642	 9.03443992137909E-02 
643	 9.01982933282852E-02 
644	 9.01171937584877E-02 
645	 8.99863839149475E-02 
646	 8.97814556956291E-02 
647	 8.95990580320358E-02 
648	 8.95064622163773E-02 
649	 8.94215553998947E-02 
650	 8.92764776945114E-02 
651	 8.91122967004776E-02 
652	 8.90116840600967E-02 
653	 8.88668671250343E-02 
654	 0.08870679885149 
655	 8.85759294033051E-02 
656	 0.088532879948616 
657	 8.83416384458542E-02 
658	 8.81618931889534E-02 
659	 0.088162437081337 
660	 8.80535840988159E-02 
661	 8.78698080778122E-02 
662	 8.76861214637756E-02 
663	 8.75978022813797E-02 
664	 8.76134932041168E-02 
665	 8.75776335597038E-02 
666	 8.74036625027657E-02 
667	 8.71977582573891E-02 
668	 8.70694443583488E-02 
669	 8.70007127523422E-02 
670	 8.69164243340492E-02 
671	 8.67669656872749E-02 
672	 0.086673267185688 
673	 8.66135209798813E-02 
674	 8.64119082689285E-02 
675	 8.62439721822739E-02 
676	 0.086148239672184 
677	 8.61096531152725E-02 
678	 8.60551297664642E-02 
679	 8.59377831220627E-02 
680	 8.57895165681839E-02 
681	 8.56812819838524E-02 
682	 8.56342688202858E-02 
683	 0.085546150803566 
684	 8.53959769010544E-02 
685	 8.52938964962959E-02 
686	 8.51659923791885E-02 
687	 8.50511714816093E-02 
688	 8.49892869591713E-02 
689	 0.084953285753727 
690	 8.48072394728661E-02 
691	 0.084629163146019 
692	 8.46066474914551E-02 
693	 8.45023170113564E-02 
694	 8.43767002224922E-02 
695	 8.42835679650307E-02 
696	 0.084204375743866 
697	 8.41254517436028E-02 
698	 8.40347409248352E-02 
699	 8.39272439479828E-02 
700	 8.38305875658989E-02 
701	 8.37598815560341E-02 
702	 8.36867094039917E-02 
703	 8.35525766015053E-02 
704	 8.34186747670174E-02 
705	 8.33115428686142E-02 
706	 8.32281038165092E-02 
707	 8.31179693341255E-02 
708	 8.30593705177307E-02 
709	 8.30064117908478E-02 
710	 8.28946456313133E-02 
711	 8.28114598989487E-02 
712	 8.27309787273407E-02 
713	 8.26436206698418E-02 
714	 8.25556293129921E-02 
715	 8.24680626392365E-02 
716	 8.23754295706749E-02 
717	 8.22764560580254E-02 
718	 8.21798890829086E-02 
719	 8.21401849389076E-02 
720	 8.20758193731308E-02 
721	 8.19133892655373E-02 
722	 8.18886011838913E-02 
723	 8.18593576550484E-02 
724	 8.17795991897583E-02 
725	 8.17057862877846E-02 
726	 8.16204696893692E-02 
727	 8.15362557768822E-02 
728	 8.14737007021904E-02 
729	 8.14642310142517E-02 
730	 8.14119130373001E-02 
731	 0.081349141895771 
732	 8.13258364796638E-02 
733	 8.12216699123383E-02 
734	 8.11229050159454E-02 
735	 8.10811892151833E-02 
736	 8.11000987887383E-02 
737	 8.10654833912849E-02 
738	 0.08099065721035 
739	 8.09263214468956E-02 
740	 8.09564143419266E-02 
741	 8.09391215443611E-02 
742	 8.08796808123589E-02 
743	 8.08387622237206E-02 
744	 0.08088169246912 
745	 8.08267444372177E-02 
746	 8.07257145643234E-02 
747	 8.07880610227585E-02 
748	 8.08034464716911E-02 
749	 8.08178782463074E-02 
750	 8.08573365211487E-02 
751	 8.08521285653114E-02 
752	 8.08833912014961E-02 
753	 8.09086859226227E-02 
754	 8.08853730559349E-02 
755	 8.08993279933929E-02 
756	 8.09166878461838E-02 
757	 8.09288695454597E-02 
758	 8.09461921453476E-02 
759	 0.080980159342289 
760	 8.10083299875259E-02 
761	 8.10274407267571E-02 
762	 0.081062488257885 
763	 8.11277404427528E-02 
764	 8.11921954154968E-02 
765	 8.12404155731201E-02 
766	 8.13351795077324E-02 
767	 0.081377349793911 
768	 8.14007669687271E-02 
769	 8.14773142337799E-02 
770	 8.15280228853226E-02 
771	 8.16092416644096E-02 
772	 8.17191451787949E-02 
773	 8.17944332957268E-02 
774	 8.18595513701439E-02 
775	 8.19181874394417E-02 
776	 8.19839090108871E-02 
777	 8.20950567722321E-02 
778	 8.21667611598969E-02 
779	 0.082206018269062 
780	 8.22461396455765E-02 
781	 8.22943225502968E-02 
782	 8.23409482836723E-02 
783	 8.24083909392357E-02 
784	 8.25267508625984E-02 
785	 8.26436653733253E-02 
786	 8.26838091015816E-02 
787	 8.26843753457069E-02 
788	 8.28021988272667E-02 
789	 0.082867756485939 
790	 8.29028338193893E-02 
791	 8.29479172825813E-02 
792	 8.29990729689598E-02 
793	 8.30028280615807E-02 
794	 8.30264836549759E-02 
795	 0.083130270242691 
796	 8.31554979085922E-02 
797	 8.31784605979919E-02 
798	 8.32244157791138E-02 
799	 8.32795351743698E-02 
800	 8.33694636821747E-02 
801	 8.34535509347916E-02 
802	 8.34990069270134E-02 
803	 8.34953337907791E-02 
804	 8.35632905364037E-02 
805	 8.36387425661087E-02 
806	 8.36623832583427E-02 
807	 8.36719572544098E-02 
808	 8.37025046348572E-02 
809	 8.37268680334091E-02 
810	 8.37112367153168E-02 
811	 8.36731940507889E-02 
812	 8.37579295039177E-02 
813	 8.38562995195389E-02 
814	 8.37636291980743E-02 
815	 8.37584063410759E-02 
816	 8.37899670004845E-02 
817	 8.38080644607544E-02 
818	 0.083796001970768 
819	 8.37791860103607E-02 
820	 8.37672874331474E-02 
821	 8.37523937225342E-02 
822	 8.37105363607407E-02 
823	 8.36378484964371E-02 
824	 8.36093872785568E-02 
825	 0.083646796643734 
826	 8.35523456335068E-02 
827	 8.34769606590271E-02 
828	 8.34897980093956E-02 
829	 8.35709050297737E-02 
830	 0.083461619913578 
831	 8.34262743592262E-02 
832	 8.34659934043884E-02 
833	 8.33937004208565E-02 
834	 8.32109749317169E-02 
835	 8.31494182348251E-02 
836	 8.32080245018005E-02 
837	 8.31277221441269E-02 
838	 8.30461233854294E-02 
839	 8.29546824097633E-02 
840	 8.28602463006973E-02 
841	 8.28277394175529E-02 
842	 8.27538073062897E-02 
843	 8.26671794056892E-02 
844	 8.25937986373901E-02 
845	 8.24524834752083E-02 
846	 8.23731273412704E-02 
847	 8.23628008365631E-02 
848	 8.23654532432556E-02 
849	 8.23092088103294E-02 
850	 8.21259617805481E-02 
851	 8.19501653313637E-02 
852	 8.19584131240845E-02 
853	 8.19146931171417E-02 
854	 8.18204134702683E-02 
855	 8.16924199461937E-02 
856	 8.15610587596893E-02 
857	 8.15346390008926E-02 
858	 8.14184620976448E-02 
859	 8.12417417764664E-02 
860	 0.081289641559124 
861	 8.12983885407448E-02 
862	 8.11751261353493E-02 
863	 8.09764042496681E-02 
864	 8.09347555041313E-02 
865	 8.08579102158546E-02 
866	 8.07725861668587E-02 
867	 8.07159841060638E-02 
868	 8.06331783533096E-02 
869	 8.06023553013802E-02 
870	 8.05380642414093E-02 
871	 8.04046392440796E-02 
872	 8.04503858089447E-02 
873	 8.03823694586754E-02 
874	 8.02146941423416E-02 
875	 8.00841972231865E-02 
876	 8.00941213965416E-02 
877	 7.99988731741905E-02 
878	 7.98885300755501E-02 
879	 7.99421668052673E-02 
880	 7.98858180642128E-02 
881	 7.97509402036667E-02 
882	 7.96230435371399E-02 
883	 7.95843750238419E-02 
884	 7.94811919331551E-02 
885	 7.93744325637817E-02 
886	 7.92986825108528E-02 
887	 7.92516246438026E-02 
888	 7.92996883392334E-02 
889	 7.91833102703094E-02 
890	 0.078966848552227 
891	 7.89995193481445E-02 
892	 7.89473056793213E-02 
893	 7.89051279425621E-02 
894	 7.88702070713043E-02 
895	 7.87006914615631E-02 
896	 7.86252990365028E-02 
897	 7.86831602454185E-02 
898	 7.87799507379532E-02 
899	 7.87133276462555E-02 
900	 7.85639435052872E-02 
901	 7.85259380936623E-02 
902	 7.85947516560555E-02 
903	 7.84603804349899E-02 
904	 7.85307586193085E-02 
905	 7.85224363207817E-02 
906	 7.83344209194183E-02 
907	 7.84057304263115E-02 
908	 7.82913342118263E-02 
909	 7.81714767217636E-02 
910	 7.81941041350365E-02 
911	 7.81835541129112E-02 
912	 7.83060565590858E-02 
913	 7.82824233174324E-02 
914	 7.80402719974518E-02 
915	 7.81044736504555E-02 
916	 7.81655088067055E-02 
917	 7.81705155968666E-02 
918	 7.81380236148834E-02 
919	 7.80972167849541E-02 
920	 7.81639218330383E-02 
921	 7.81833454966545E-02 
922	 7.81036242842674E-02 
923	 7.82378762960434E-02 
924	 7.80406668782234E-02 
925	 7.79167041182518E-02 
926	 7.81774669885635E-02 
927	 7.83978626132011E-02 
928	 7.83669129014015E-02 
929	 7.82361477613449E-02 
930	 7.81721100211143E-02 
931	 0.078121729195118 
932	 7.81382471323013E-02 
933	 7.81011059880257E-02 
934	 7.79865756630898E-02 
935	 7.80397281050682E-02 
936	 7.81238675117493E-02 
937	 7.80713111162186E-02 
938	 0.077920638024807 
939	 7.80563876032829E-02 
940	 7.80506432056427E-02 
941	 7.79839977622032E-02 
942	 7.79273435473442E-02 
943	 7.77593776583672E-02 
944	 7.77892619371414E-02 
945	 0.077973760664463 
946	 7.81223103404045E-02 
947	 7.80020132660866E-02 
948	 7.81131535768509E-02 
949	 7.81199410557747E-02 
950	 0.078013151884079 
951	 7.83091261982918E-02 
952	 7.81798884272575E-02 
953	 7.81848654150963E-02 
954	 7.85466805100441E-02 
955	 7.88357555866241E-02 
956	 7.85385072231293E-02 
957	 0.078493058681488 
958	 7.88262039422989E-02 
959	 7.89032205939293E-02 
960	 0.078847348690033 
961	 7.88967087864876E-02 
962	 7.90128484368324E-02 
963	 7.89747312664986E-02 
964	 7.88226425647736E-02 
965	 7.88823291659355E-02 
966	 7.91294127702713E-02 
967	 7.92550072073936E-02 
968	 7.87227898836136E-02 
969	 7.88518413901329E-02 
970	 7.94383585453033E-02 
971	 7.96646699309349E-02 
972	 7.93774425983429E-02 
973	 7.93179720640183E-02 
974	 7.94035568833351E-02 
975	 7.93939307332039E-02 
976	 0.079459436237812 
977	 7.96538889408112E-02 
978	 7.95660391449928E-02 
979	 0.079218901693821 
980	 0.079530768096447 
981	 7.93879479169846E-02 
982	 7.95709267258644E-02 
983	 0.080088272690773 
984	 7.97000452876091E-02 
985	 7.94946923851967E-02 
986	 7.97359943389893E-02 
987	 7.99348652362823E-02 
988	 7.94068276882172E-02 
989	 0.079805999994278 
990	 7.98952206969261E-02 
991	 7.96626284718513E-02 
992	 7.97353461384773E-02 
993	 7.93779715895653E-02 
994	 7.94414877891541E-02 
995	 7.97786414623261E-02 
996	 7.99990594387054E-02 
997	 8.03535431623459E-02 
998	 7.99830853939056E-02 
999	 7.95332044363022E-02 
1000	 7.96354711055756E-02 
1001	 7.95635581016541E-02 
1002	 7.95010104775429E-02 
1003	 7.96787068247795E-02 
1004	 8.01879391074181E-02 
1005	 8.05731415748596E-02 
1006	 8.06552320718765E-02 
1007	 8.05786103010178E-02 
1008	 8.05036723613739E-02 
1009	 8.00573229789734E-02 
1010	 7.99478366971016E-02 
1011	 8.00501629710197E-02 
1012	 8.00420045852661E-02 
1013	 8.00479277968407E-02 
1014	 8.00845250487328E-02 
1015	 8.01227167248726E-02 
1016	 8.00216719508171E-02 
1017	 7.98787251114845E-02 
1018	 7.97635838389397E-02 
1019	 0.079689085483551 
1020	 7.95828029513359E-02 
1021	 7.95292854309082E-02 
1022	 7.95227885246277E-02 
1023	 7.95950591564178E-02 
1024	 7.97639191150665E-02 
1025	 7.98493251204491E-02 
1026	 8.00881758332253E-02 
1027	 8.00560787320137E-02 
1028	 7.98547565937042E-02 
1029	 7.95364901423454E-02 
1030	 7.91486650705338E-02 
1031	 7.90498629212379E-02 
1032	 7.90506154298782E-02 
1033	 7.90047645568848E-02 
1034	 7.90228322148323E-02 
1035	 7.91070312261581E-02 
1036	 7.92077854275703E-02 
1037	 7.94017985463142E-02 
1038	 7.94538781046867E-02 
1039	 7.94722661375999E-02 
1040	 7.95110464096069E-02 
1041	 7.94888734817505E-02 
1042	 0.079446017742157 
1043	 7.95250311493874E-02 
1044	 7.93837904930115E-02 
1045	 7.91317522525787E-02 
1046	 7.90484920144081E-02 
1047	 7.89792537689209E-02 
1048	 7.89773911237717E-02 
1049	 7.89914503693581E-02 
1050	 7.90826305747032E-02 
1051	 0.079051248729229 
1052	 7.89162293076515E-02 
1053	 7.89062827825546E-02 
1054	 7.89542272686958E-02 
1055	 7.89416134357452E-02 
1056	 7.90474563837051E-02 
1057	 7.90356397628784E-02 
1058	 7.89232552051544E-02 
1059	 0.078663244843483 
1060	 7.86636993288994E-02 
1061	 7.86321982741356E-02 
1062	 7.86435082554817E-02 
1063	 7.87933841347694E-02 
1064	 7.87989571690559E-02 
1065	 7.87190422415733E-02 
1066	 7.87118002772331E-02 
1067	 7.87229984998703E-02 
1068	 7.86620527505875E-02 
1069	 7.86020681262016E-02 
1070	 7.85280391573906E-02 
1071	 7.82803073525429E-02 
1072	 7.82339051365852E-02 
1073	 0.078354999423027 
1074	 7.83905610442162E-02 
1075	 7.84950628876686E-02 
1076	 7.86373689770699E-02 
1077	 7.85704255104065E-02 
1078	 7.83041790127754E-02 
1079	 7.82456919550896E-02 
1080	 7.81543627381325E-02 
1081	 7.81093165278435E-02 
1082	 7.82517641782761E-02 
1083	 7.82146602869034E-02 
1084	 7.79310837388039E-02 
1085	 7.79430121183395E-02 
1086	 0.078239306807518 
1087	 7.82006531953812E-02 
1088	 7.80049040913582E-02 
1089	 7.80158042907715E-02 
1090	 7.78706595301628E-02 
1091	 7.78298079967499E-02 
1092	 7.78494626283646E-02 
1093	 7.82293379306793E-02 
1094	 7.81950652599335E-02 
1095	 7.78595209121704E-02 
1096	 7.78092965483665E-02 
1097	 7.77903571724892E-02 
1098	 7.77748823165894E-02 
1099	 7.79148489236832E-02 
1100	 7.79340192675591E-02 
1101	 7.78913721442223E-02 
1102	 7.78239071369171E-02 
1103	 7.76312202215195E-02 
1104	 7.75975286960602E-02 
1105	 7.76422247290611E-02 
1106	 7.76458978652954E-02 
1107	 7.76777788996696E-02 
1108	 0.077843926846981 
1109	 7.78482258319855E-02 
1110	 7.77180716395378E-02 
1111	 7.77084082365036E-02 
1112	 7.77602940797806E-02 
1113	 7.77060613036156E-02 
1114	 7.76247531175613E-02 
1115	 7.75612816214561E-02 
1116	 7.73206576704979E-02 
1117	 7.73197636008263E-02 
1118	 7.76032134890556E-02 
1119	 7.76442661881447E-02 
1120	 0.077653668820858 
1121	 7.76757895946503E-02 
1122	 0.07762810587883 
1123	 7.74432793259621E-02 
1124	 7.74038881063461E-02 
1125	 7.74770602583885E-02 
1126	 7.74876475334167E-02 
1127	 7.74846225976944E-02 
1128	 7.74650275707245E-02 
1129	 0.077447272837162 
1130	 7.74299129843712E-02 
1131	 7.73536711931229E-02 
1132	 0.077363595366478 
1133	 7.74472951889038E-02 
1134	 7.74909183382988E-02 
1135	 7.75920525193214E-02 
1136	 7.76130259037018E-02 
1137	 7.75231719017029E-02 
1138	 0.077530562877655 
1139	 7.75822848081589E-02 
1140	 7.75766298174858E-02 
1141	 0.077620230615139 
1142	 7.77425616979599E-02 
1143	 7.77861028909683E-02 
1144	 7.77842327952385E-02 
1145	 7.78144598007202E-02 
1146	 7.78417438268662E-02 
1147	 7.78762623667717E-02 
1148	 7.79543146491051E-02 
1149	 7.79641717672348E-02 
1150	 7.79124870896339E-02 
1151	 7.79127851128578E-02 
1152	 7.79062882065773E-02 
1153	 7.78862535953522E-02 
1154	 7.78527781367302E-02 
1155	 0.077895849943161 
1156	 7.79792368412018E-02 
1157	 7.80412703752518E-02 
1158	 7.81154334545136E-02 
1159	 7.81801417469978E-02 
1160	 7.82231986522675E-02 
1161	 7.82118886709213E-02 
1162	 7.81812518835068E-02 
1163	 7.80885592103004E-02 
1164	 7.81396254897118E-02 
1165	 7.82310590147972E-02 
1166	 7.82900154590607E-02 
1167	 7.84600451588631E-02 
1168	 0.078554593026638 
1169	 7.85754695534706E-02 
1170	 7.85729810595512E-02 
1171	 7.85310715436935E-02 
1172	 7.85659924149513E-02 
1173	 7.86026269197464E-02 
1174	 7.86043480038643E-02 
1175	 7.87751898169518E-02 
1176	 7.88573771715164E-02 
1177	 7.89227113127708E-02 
1178	 7.89618268609047E-02 
1179	 7.90161192417145E-02 
1180	 7.90614858269691E-02 
1181	 0.07907934486866 
1182	 7.90293291211128E-02 
1183	 7.90895745158196E-02 
1184	 0.079219788312912 
1185	 7.93033167719841E-02 
1186	 7.94460400938988E-02 
1187	 7.95198753476143E-02 
1188	 7.94554650783539E-02 
1189	 7.94922411441803E-02 
1190	 7.94731825590134E-02 
1191	 7.97618702054024E-02 
1192	 7.98925310373306E-02 
1193	 7.98579528927803E-02 
1194	 8.00037682056427E-02 
1195	 8.00273790955544E-02 
1196	 0.080096997320652 
1197	 0.080311693251133 
1198	 8.03436860442162E-02 
1199	 8.01952332258224E-02 
1200	 0.080235056579113 
1201	 0.080269530415535 
1202	 8.03456827998161E-02 
1203	 8.05570185184479E-02 
1204	 8.06741192936897E-02 
1205	 8.07922333478928E-02 
1206	 8.08838084340096E-02 
1207	 8.08872506022453E-02 
1208	 0.080975778400898 
1209	 8.11584964394569E-02 
1210	 8.11665579676628E-02 
1211	 8.11721757054329E-02 
1212	 8.13091844320297E-02 
1213	 8.12776610255241E-02 
1214	 0.081245556473732 
1215	 0.081351675093174 
1216	 8.14837515354156E-02 
1217	 8.15787315368652E-02 
1218	 8.16754996776581E-02 
1219	 8.17781984806061E-02 
1220	 8.18493068218231E-02 
1221	 8.19573998451233E-02 
1222	 8.21699798107147E-02 
1223	 8.22796002030373E-02 
1224	 8.22703838348389E-02 
1225	 8.23612958192825E-02 
1226	 8.24655294418335E-02 
1227	 8.25464501976967E-02 
1228	 8.26105996966362E-02 
1229	 8.28595012426376E-02 
1230	 8.29963088035584E-02 
1231	 8.30816254019737E-02 
1232	 0.083277739584446 
1233	 8.33267122507095E-02 
1234	 8.34411010146141E-02 
1235	 8.36442187428474E-02 
1236	 8.36730971932411E-02 
1237	 8.37214216589928E-02 
1238	 8.37962403893471E-02 
1239	 0.08374884724617 
1240	 8.38503837585449E-02 
1241	 8.42171087861061E-02 
1242	 8.43088254332542E-02 
1243	 8.41657146811485E-02 
1244	 8.42806473374367E-02 
1245	 8.44408199191093E-02 
1246	 0.084497757256031 
1247	 8.46233144402504E-02 
1248	 0.084913931787014 
1249	 8.47781673073769E-02 
1250	 0.08474101126194 
1251	 8.50099846720696E-02 
1252	 8.50949585437775E-02 
1253	 8.52108299732208E-02 
1254	 8.54057595133781E-02 
1255	 8.54523405432701E-02 
1256	 8.54954272508621E-02 
1257	 8.56036469340324E-02 
1258	 8.56712311506271E-02 
1259	 8.57482179999352E-02 
1260	 0.085836298763752 
1261	 0.085931159555912 
1262	 8.60112309455872E-02 
1263	 8.60922187566757E-02 
1264	 8.61737355589867E-02 
1265	 8.62291604280472E-02 
1266	 8.62868800759315E-02 
1267	 8.63645300269127E-02 
1268	 8.64057168364525E-02 
1269	 8.65320712327957E-02 
1270	 8.66834223270416E-02 
1271	 8.67552235722542E-02 
1272	 8.68651270866394E-02 
1273	 8.68796110153198E-02 
1274	 8.68437364697456E-02 
1275	 8.69303271174431E-02 
1276	 8.70459452271461E-02 
1277	 8.70966911315918E-02 
1278	 8.71364325284958E-02 
1279	 8.72135236859322E-02 
1280	 8.72998982667923E-02 
1281	 8.74392464756966E-02 
1282	 8.75332355499268E-02 
1283	 8.76137912273407E-02 
1284	 8.77360925078392E-02 
1285	 8.78473967313766E-02 
1286	 8.79754722118378E-02 
1287	 8.81401896476746E-02 
1288	 8.83379951119423E-02 
1289	 8.85674208402634E-02 
1290	 8.87191593647003E-02 
1291	 8.88729393482208E-02 
1292	 8.91487896442413E-02 
1293	 8.93309861421585E-02 
1294	 8.94662439823151E-02 
1295	 8.97702425718308E-02 
1296	 9.00411605834961E-02 
1297	 9.00928676128387E-02 
1298	 9.01819169521332E-02 
1299	 0.090311586856842 
1300	 9.03842598199844E-02 
1301	 0.090591199696064 
1302	 9.08267423510551E-02 
1303	 9.09684970974922E-02 
1304	 9.11360532045364E-02 
1305	 9.12865772843361E-02 
1306	 9.14392843842506E-02 
1307	 9.15756672620773E-02 
1308	 9.16739702224731E-02 
1309	 0.091828964650631 
1310	 9.20370817184448E-02 
1311	 9.21853929758072E-02 
1312	 9.23208817839623E-02 
1313	 9.24322530627251E-02 
1314	 9.24554094672203E-02 
1315	 9.25859957933426E-02 
1316	 9.27360877394676E-02 
1317	 9.28825214505196E-02 
1318	 9.30327996611595E-02 
1319	 9.30959135293961E-02 
1320	 9.31836888194084E-02 
1321	 9.33518409729004E-02 
1322	 9.34105888009071E-02 
1323	 9.34035927057266E-02 
1324	 9.34189185500145E-02 
1325	 9.34896767139435E-02 
1326	 9.37284529209137E-02 
1327	 9.39180701971054E-02 
1328	 9.39887762069702E-02 
1329	 9.40501242876053E-02 
1330	 0.094163216650486 
1331	 9.42588150501251E-02 
1332	 9.44174751639366E-02 
1333	 9.46529731154442E-02 
1334	 9.48034673929214E-02 
1335	 9.49382185935974E-02 
1336	 9.50005725026131E-02 
1337	 9.50047001242638E-02 
1338	 0.095125213265419 
1339	 9.52925756573677E-02 
1340	 9.53244417905808E-02 
1341	 9.53055545687675E-02 
1342	 9.52992960810661E-02 
1343	 9.53448489308357E-02 
1344	 9.53250154852867E-02 
1345	 9.53133925795555E-02 
1346	 9.52850133180618E-02 
1347	 0.095069482922554 
1348	 9.49114114046097E-02 
1349	 9.48551818728447E-02 
1350	 9.47980731725693E-02 
1351	 9.46124941110611E-02 
1352	 9.42836701869965E-02 
1353	 9.40655097365379E-02 
1354	 9.38551798462868E-02 
1355	 9.36434119939804E-02 
1356	 9.35826599597931E-02 
1357	 9.34404134750366E-02 
1358	 9.32789370417595E-02 
1359	 9.32534113526344E-02 
1360	 9.33624282479286E-02 
1361	 9.33665707707405E-02 
1362	 9.34467986226082E-02 
1363	 9.34876576066017E-02 
1364	 9.35209915041924E-02 
1365	 9.34622511267662E-02 
1366	 9.33970585465431E-02 
1367	 0.093202568590641 
1368	 9.29382294416428E-02 
1369	 9.24937799572945E-02 
1370	 9.19563919305801E-02 
1371	 9.11699309945107E-02 
1372	 8.99980515241623E-02 
1373	 8.85637924075127E-02 
1374	 0.086833581328392 
1375	 8.49095657467842E-02 
1376	 8.29719379544258E-02 
1377	 0.081000991165638 
1378	 7.88453072309494E-02 
1379	 7.66695514321327E-02 
1380	 7.45956897735596E-02 
1381	 7.25940689444542E-02 
1382	 7.09632933139801E-02 
1383	 6.96714594960213E-02 
1384	 6.85293078422546E-02 
1385	 6.76045939326286E-02 
1386	 6.68990612030029E-02 
1387	 6.63797333836555E-02 
1388	 6.61110877990723E-02 
1389	 6.61313310265541E-02 
1390	 6.62646442651749E-02 
1391	 6.66449889540672E-02 
1392	 6.70850053429604E-02 
1393	 6.76272362470627E-02 
1394	 6.82980120182037E-02 
1395	 6.91063925623894E-02 
1396	 6.99957981705666E-02 
1397	 7.09744766354561E-02 
1398	 7.19903111457825E-02 
1399	 7.30083137750626E-02 
1400	 0.074106827378273 
1401	 7.52125680446625E-02 
1402	 7.62544274330139E-02 
1403	 7.73568227887154E-02 
1404	 7.84912705421448E-02 
1405	 7.95157253742218E-02 
1406	 8.05544704198837E-02 
1407	 8.16203206777573E-02 
1408	 8.25546905398369E-02 
1409	 8.34327563643456E-02 
1410	 8.43403711915016E-02 
1411	 8.52169990539551E-02 
1412	 8.59259068965912E-02 
1413	 8.66268128156662E-02 
1414	 8.74404609203339E-02 
1415	 0.088116779923439 
1416	 8.86734202504158E-02 
1417	 8.92179384827614E-02 
1418	 8.97282212972641E-02 
1419	 9.02006924152374E-02 
1420	 9.06562581658363E-02 
1421	 9.11108180880547E-02 
1422	 0.091575063765049 
1423	 9.20349806547165E-02 
1424	 9.24743786454201E-02 
1425	 9.29401516914368E-02 
1426	 9.34698581695557E-02 
1427	 9.38634872436523E-02 
1428	 9.41722765564919E-02 
1429	 0.094557024538517 
1430	 9.49058830738068E-02 
1431	 9.53129604458809E-02 
1432	 9.56955030560493E-02 
1433	 9.60433259606361E-02 
1434	 9.64907333254814E-02 
1435	 9.68436673283577E-02 
1436	 9.71601009368896E-02 
1437	 9.75985452532768E-02 
1438	 9.79600921273232E-02 
1439	 9.81871336698532E-02 
1440	 0.098521776497364 
1441	 9.88983437418938E-02 
1442	 9.90940630435944E-02 
1443	 9.93220135569572E-02 
1444	 9.96864289045334E-02 
1445	 9.99498218297958E-02 
1446	 0.100166834890842 
1447	 0.100419260561466 
1448	 0.100602380931377 
1449	 0.100799538195133 
1450	 0.101145833730698 
1451	 0.101512625813484 
1452	 0.101723939180374 
1453	 0.10181350260973 
1454	 0.10193970054388 
1455	 0.102209061384201 
1456	 0.102526187896729 
1457	 0.102824576199055 
1458	 0.103094547986984 
1459	 0.103253766894341 
1460	 0.103410162031651 
1461	 0.103660814464092 
1462	 0.103870309889317 
1463	 0.104011863470078 
1464	 0.104182079434395 
1465	 0.104318499565125 
1466	 0.104519918560982 
1467	 0.10477264970541 
1468	 0.105006717145443 
1469	 0.105271071195602 
1470	 0.105493105947971 
1471	 0.105685144662857 
1472	 0.105887390673161 
1473	 0.106075473129749 
1474	 0.106278508901596 
1475	 0.106473378837109 
1476	 0.106661267578602 
1477	 0.106864243745804 
1478	 0.107026197016239 
1479	 0.107195258140564 
1480	 0.107391938567162 
1481	 0.10753720998764 
1482	 0.107691891491413 
1483	 0.107885368168354 
1484	 0.108058400452137 
1485	 0.108289681375027 
1486	 0.108550220727921 
1487	 0.108740970492363 
1488	 0.108919568359852 
1489	 0.10911962389946 
1490	 0.109322138130665 
1491	 0.109484270215034 
1492	 0.109633557498455 
1493	 0.109796479344368 
1494	 0.10990434139967 
1495	 0.110053688287735 
1496	 0.110296986997128 
1497	 0.110462993383408 
1498	 0.110580325126648 
1499	 0.110704846680164 
1500	 0.110754825174809 
1501	 0.110834255814552 
1502	 0.111010760068893 
1503	 0.111204996705055 
1504	 0.111442364752293 
1505	 0.111662231385708 
1506	 0.111826956272125 
1507	 0.11202584952116 
1508	 0.112161740660667 
1509	 0.112277373671532 
1510	 0.112444832921028 
1511	 0.112562283873558 
1512	 0.112698517739773 
1513	 0.112856835126877 
1514	 0.11301489174366 
1515	 0.113167718052864 
1516	 0.113278716802597 
1517	 0.113430634140968 
1518	 0.113603860139847 
1519	 0.113779090344906 
1520	 0.114000774919987 
1521	 0.114171266555786 
1522	 0.114306174218655 
1523	 0.114440441131592 
1524	 0.114546328783035 
1525	 0.114671178162098 
1526	 0.114823207259178 
1527	 0.114944003522396 
1528	 0.115034557878971 
1529	 0.115155227482319 
1530	 0.11527294665575 
1531	 0.115407593548298 
1532	 0.11556376516819 
1533	 0.115684472024441 
1534	 0.115804627537727 
1535	 0.115916609764099 
1536	 0.115976862609386 
1537	 0.116175435483456 
1538	 0.11631041020155 
1539	 0.116387352347374 
1540	 0.1165781468153 
1541	 0.116752281785011 
1542	 0.116944581270218 
1543	 0.117136709392071 
1544	 0.117200016975403 
1545	 0.117240972816944 
1546	 0.117247931659222 
1547	 0.117306120693684 
1548	 0.117543958127499 
1549	 0.1176972463727 
1550	 0.117795094847679 
1551	 0.117968276143074 
1552	 0.118050336837769 
1553	 0.118125304579735 
1554	 0.118214182555676 
1555	 0.118227437138557 
1556	 0.118305824697018 
1557	 0.118465282022953 
1558	 0.118681609630585 
1559	 0.11893143504858 
1560	 0.119043126702309 
1561	 0.119012109935284 
1562	 0.118986584246159 
1563	 0.119095131754875 
1564	 0.119316168129444 
1565	 0.119482263922691 
1566	 0.119595803320408 
1567	 0.119656093418598 
1568	 0.119623929262161 
1569	 0.119726449251175 
1570	 0.119919046759605 
1571	 0.120001427829266 
1572	 0.120081320405006 
1573	 0.120167918503284 
1574	 0.120218120515347 
1575	 0.120279915630817 
1576	 0.120399408042431 
1577	 0.120506502687931 
1578	 0.12052559107542 
1579	 0.12061333656311 
1580	 0.120816007256508 
1581	 0.120949506759644 
1582	 0.121054701507092 
1583	 0.121163859963417 
1584	 0.121109142899513 
1585	 0.121056243777275 
1586	 0.121114701032639 
1587	 0.121144145727158 
1588	 0.12120258808136 
1589	 0.121319733560085 
1590	 0.121434181928635 
1591	 0.121487997472286 
1592	 0.12150639295578 
1593	 0.121540643274784 
1594	 0.121626451611519 
1595	 0.121797725558281 
1596	 0.121907353401184 
1597	 0.121937029063702 
1598	 0.121972441673279 
1599	 0.121953211724758 
1600	 0.122018501162529 
1601	 0.122189775109291 
1602	 0.122247137129307 
1603	 0.122275732457638 
1604	 0.122376531362534 
1605	 0.122451603412628 
1606	 0.12249905616045 
1607	 0.122567497193813 
1608	 0.122581988573074 
1609	 0.122568808495998 
1610	 0.122623339295387 
1611	 0.122665621340275 
1612	 0.122668631374836 
1613	 0.122717395424843 
1614	 0.12285839766264 
1615	 0.12296100705862 
1616	 0.122995607554913 
1617	 0.123085640370846 
1618	 0.123142242431641 
1619	 0.123157747089863 
1620	 0.12323921173811 
1621	 0.123299330472946 
1622	 0.123324409127235 
1623	 0.123342782258987 
1624	 0.12336327880621 
1625	 0.123420596122742 
1626	 0.123478479683399 
1627	 0.123572252690792 
1628	 0.12357522547245 
1629	 0.123563304543495 
1630	 0.123585648834705 
1631	 0.123498149216175 
1632	 0.123651959002018 
1633	 0.123822465538979 
1634	 0.123701311647892 
1635	 0.123728387057781 
1636	 0.123800173401833 
1637	 0.123767361044884 
1638	 0.123962186276913 
1639	 0.1241105645895 
1640	 0.123966105282307 
1641	 0.123946808278561 
1642	 0.123984858393669 
1643	 0.123898513615131 
1644	 0.123989880084991 
1645	 0.124134726822376 
1646	 0.124175034463406 
1647	 0.12429317086935 
1648	 0.124345034360886 
1649	 0.124231107532978 
1650	 0.124149180948734 
1651	 0.124178141355515 
1652	 0.124282702803612 
1653	 0.124426990747452 
1654	 0.124575398862362 
1655	 0.124598376452923 
1656	 0.124473221600056 
1657	 0.124428264796734 
1658	 0.124451965093613 
1659	 0.124468505382538 
1660	 0.124580316245556 
1661	 0.1246442720294 
1662	 0.124592565000057 
1663	 0.124623872339725 
1664	 0.124562487006187 
1665	 0.124409757554531 
1666	 0.124444529414177 
1667	 0.124469198286533 
1668	 0.124502032995224 
1669	 0.124665535986423 
1670	 0.124630555510521 
1671	 0.124469555914402 
1672	 0.124454341828823 
1673	 0.124477669596672 
1674	 0.124509401619434 
1675	 0.124555304646492 
1676	 0.12449811398983 
1677	 0.124510169029236 
1678	 0.124604649841785 
1679	 0.124637365341187 
1680	 0.124705731868744 
1681	 0.12470754981041 
1682	 0.124545179307461 
1683	 0.124527961015701 
1684	 0.124587081372738 
1685	 0.124572947621346 
1686	 0.124598741531372 
1687	 0.124618366360664 
1688	 0.12461356818676 
1689	 0.12457961589098 
1690	 0.124546185135841 
1691	 0.124524317681789 
1692	 0.124430187046528 
1693	 0.124384328722954 
1694	 0.124451011419296 
1695	 0.124406456947327 
1696	 0.124237231910229 
1697	 0.124215759336948 
1698	 0.124217472970486 
1699	 0.124241061508656 
1700	 0.124408267438412 
1701	 0.124467253684998 
1702	 0.124484226107597 
1703	 0.124464981257915 
1704	 0.124385699629784 
1705	 0.124342434108257 
1706	 0.124258935451508 
1707	 0.124213255941868 
1708	 0.124230548739433 
1709	 0.124197751283646 
1710	 0.124103255569935 
1711	 0.124097757041454 
1712	 0.124147564172745 
1713	 0.124137684702873 
1714	 0.124197602272034 
1715	 0.124154940247536 
1716	 0.123986773192883 
1717	 0.123912528157234 
1718	 0.123869031667709 
1719	 0.1237398609519 
1720	 0.123539038002491 
1721	 0.123549424111843 
1722	 0.123647108674049 
1723	 0.123603627085686 
1724	 0.123673647642136 
1725	 0.123601950705051 
1726	 0.123269408941269 
1727	 0.123220093548298 
1728	 0.123347334563732 
1729	 0.123303078114986 
1730	 0.123254731297493 
1731	 0.123211205005646 
1732	 0.123065426945686 
1733	 0.122993215918541 
1734	 0.122946910560131 
1735	 0.122904144227505 
1736	 0.122781597077847 
1737	 0.122512333095074 
1738	 0.122392922639847 
1739	 0.122316516935825 
1740	 0.122229799628258 
1741	 0.122308865189552 
1742	 0.122286662459373 
1743	 0.122169017791748 
1744	 0.122044734656811 
1745	 0.121870927512646 
1746	 0.121732570230961 
1747	 0.121549345552921 
1748	 0.121434293687344 
1749	 0.121372148394585 
1750	 0.121334746479988 
1751	 0.121380902826786 
1752	 0.121359124779701 
1753	 0.121333621442318 
1754	 0.121292367577553 
1755	 0.121290273964405 
1756	 0.121105261147022 
1757	 0.120743460953236 
1758	 0.120548188686371 
1759	 0.120180144906044 
1760	 0.120132595300674 
1761	 0.120492689311504 
1762	 0.120520286262035 
1763	 0.120541669428349 
1764	 0.120478250086308 
1765	 0.120177835226059 
1766	 0.120072118937969 
1767	 0.120065920054913 
1768	 0.119991801679134 
1769	 0.119941018521786 
1770	 0.119836382567883 
1771	 0.119701527059078 
1772	 0.119537979364395 
1773	 0.119295433163643 
1774	 0.119291990995407 
1775	 0.119250133633614 
1776	 0.119240589439869 
1777	 0.11928716301918 
1778	 0.119150295853615 
1779	 0.11893467605114 
1780	 0.11900532245636 
1781	 0.118948243558407 
1782	 0.11889286339283 
1783	 0.118814826011658 
1784	 0.118540793657303 
1785	 0.118422120809555 
1786	 0.118410184979439 
1787	 0.118401415646076 
1788	 0.118564136326313 
1789	 0.118548341095448 
1790	 0.118442952632904 
1791	 0.11834292113781 
1792	 0.118080481886864 
1793	 0.117926433682442 
1794	 0.11781520396471 
1795	 0.11777526140213 
1796	 0.117875695228577 
1797	 0.117806024849415 
1798	 0.117691665887833 
1799	 0.11757568269968 
1800	 0.117313779890537 
1801	 0.117206439375877 
1802	 0.117258504033089 
1803	 0.117166429758072 
1804	 0.117033272981644 
1805	 0.11683115363121 
1806	 0.116591066122055 
1807	 0.116398200392723 
1808	 0.116336964070797 
1809	 0.116158209741116 
1810	 0.116025514900684 
1811	 0.116009779274464 
1812	 0.115778230130672 
1813	 0.115835174918175 
1814	 0.116029173135757 
1815	 0.115831092000008 
1816	 0.115787610411644 
1817	 0.115533269941807 
1818	 0.115418657660484 
1819	 0.11555653065443 
1820	 0.115533821284771 
1821	 0.115440331399441 
1822	 0.115399822592735 
1823	 0.115278191864491 
1824	 0.115289553999901 
1825	 0.115511246025562 
1826	 0.115489989519119 
1827	 0.115388728678226 
1828	 0.115234568715096 
1829	 0.114907972514629 
1830	 0.114700950682163 
1831	 0.115405611693859 
1832	 0.115246325731277 
1833	 0.115101151168346 
1834	 0.115003950893879 
1835	 0.114965178072453 
1836	 0.114867478609085 
1837	 0.114749595522881 
1838	 0.114720150828362 
1839	 0.114381916821003 
1840	 0.114466369152069 
1841	 0.114558957517147 
1842	 0.11417493969202 
1843	 0.113940462470055 
1844	 0.113741278648376 
1845	 0.113536842167377 
1846	 0.113126344978809 
1847	 0.113114528357983 
1848	 0.113213092088699 
1849	 0.113081239163876 
1850	 0.112796008586884 
1851	 0.11250613629818 
1852	 0.112243138253689 
1853	 0.112018346786499 
1854	 0.111758820712566 
1855	 0.11155204474926 
1856	 0.111286155879498 
1857	 0.110888376832008 
1858	 0.110660441219807 
1859	 0.110450744628906 
1860	 0.110312037169933 
1861	 0.110167294740677 
1862	 0.109739199280739 
1863	 0.109427787363529 
1864	 0.109242521226406 
1865	 0.10882393270731 
1866	 0.108285024762154 
1867	 0.107747673988342 
1868	 0.10728794336319 
1869	 0.106429390609264 
1870	 0.105636723339558 
1871	 0.105262279510498 
1872	 0.104705832898617 
1873	 0.103879019618034 
1874	 0.10315477848053 
1875	 0.102557949721813 
1876	 0.101755566895008 
1877	 0.100735284388065 
1878	 9.99460369348526E-02 
1879	 9.91834700107574E-02 
1880	 9.82383340597153E-02 
1881	 9.72520485520363E-02 
1882	 9.62095633149147E-02 
1883	 9.52142924070358E-02 
1884	 0.094279021024704 
1885	 9.33479070663452E-02 
1886	 9.24829542636871E-02 
1887	 9.16992649435997E-02 
1888	 9.07571315765381E-02 
1889	 8.96407440304756E-02 
1890	 8.85881632566452E-02 
1891	 8.74519348144531E-02 
1892	 8.62229689955711E-02 
1893	 8.51879939436913E-02 
1894	 8.40325579047203E-02 
1895	 8.29925611615181E-02 
1896	 8.20714831352234E-02 
1897	 8.14059600234032E-02 
1898	 8.04135799407959E-02 
1899	 7.94205293059349E-02 
1900	 7.84866735339165E-02 
1901	 7.74623304605484E-02 
1902	 7.65915885567665E-02 
1903	 7.58212208747864E-02 
1904	 7.50912874937058E-02 
1905	 7.43220895528793E-02 
1906	 7.36676231026649E-02 
1907	 7.31192082166672E-02 
1908	 7.27219730615616E-02 
1909	 7.23346099257469E-02 
1910	 0.071938194334507 
1911	 7.15580731630325E-02 
1912	 0.071212500333786 
1913	 7.08120763301849E-02 
1914	 7.04683586955071E-02 
1915	 7.02614560723305E-02 
1916	 7.01690092682838E-02 
1917	 7.00714513659477E-02 
1918	 6.99935853481293E-02 
1919	 7.00539797544479E-02 
1920	 7.00014755129814E-02 
1921	 6.96967914700508E-02 
1922	 6.95668160915375E-02 
1923	 6.94755613803864E-02 
1924	 0.069374106824398 
1925	 6.95215612649918E-02 
1926	 6.95438534021378E-02 
1927	 6.92054703831673E-02 
1928	 6.88902884721756E-02 
1929	 6.88430145382881E-02 
1930	 6.88282549381256E-02 
1931	 6.90040588378906E-02 
1932	 6.92134574055672E-02 
1933	 6.93435072898865E-02 
1934	 6.93239793181419E-02 
1935	 6.90234377980232E-02 
1936	 0.068931058049202 
1937	 6.90360590815544E-02 
1938	 6.89017698168755E-02 
1939	 6.87955021858215E-02 
1940	 0.068815216422081 
1941	 6.89093247056007E-02 
1942	 6.90304413437843E-02 
1943	 6.90820887684822E-02 
1944	 6.89980089664459E-02 
1945	 6.88350722193718E-02 
1946	 6.85280486941338E-02 
1947	 6.83700144290924E-02 
1948	 6.84446170926094E-02 
1949	 6.84927701950073E-02 
1950	 6.84726163744926E-02 
1951	 6.84669315814972E-02 
1952	 6.84266686439514E-02 
1953	 6.83288425207138E-02 
1954	 6.82023391127586E-02 
1955	 6.81155472993851E-02 
1956	 6.81063756346703E-02 
1957	 6.82406350970268E-02 
1958	 6.82084932923317E-02 
1959	 0.068148709833622 
1960	 6.81591555476189E-02 
1961	 6.79623261094093E-02 
1962	 6.78526312112808E-02 
1963	 6.79775848984718E-02 
1964	 6.80948048830032E-02 
1965	 6.80083855986595E-02 
1966	 6.78255259990692E-02 
1967	 6.75227642059326E-02 
1968	 6.72545805573463E-02 
1969	 6.71988353133202E-02 
1970	 6.73084035515785E-02 
1971	 6.73651397228241E-02 
1972	 6.74300268292427E-02 
1973	 6.74395188689232E-02 
1974	 6.73981532454491E-02 
1975	 6.77294358611107E-02 
1976	 6.78683370351791E-02 
1977	 6.80912733078003E-02 
1978	 6.79544508457184E-02 
1979	 6.78063407540321E-02 
1980	 6.76008462905884E-02 
1981	 6.76286593079567E-02 
1982	 6.78263828158379E-02 
1983	 6.78683072328568E-02 
1984	 6.78503066301346E-02 
1985	 6.78292661905289E-02 
1986	 6.78988769650459E-02 
1987	 6.81811049580574E-02 
1988	 6.84753432869911E-02 
1989	 6.85549974441528E-02 
1990	 6.84672221541405E-02 
1991	 6.84094280004501E-02 
1992	 0.068471297621727 
1993	 6.83965682983398E-02 
1994	 0.068656399846077 
1995	 6.89735859632492E-02 
1996	 0.068999245762825 
1997	 6.92651122808456E-02 
1998	 6.95827975869179E-02 
1999	 0.069746233522892 
2000	 6.99501410126686E-02 
2001	 7.02919512987137E-02 
2002	 7.05505385994911E-02 
2003	 7.08039700984955E-02 
2004	 7.09980130195618E-02 
2005	 7.13459849357605E-02 
2006	 7.15666115283966E-02 
2007	 7.17315077781677E-02 
2008	 7.21235200762749E-02 
2009	 0.072388619184494 
2010	 7.23890736699104E-02 
2011	 0.072314664721489 
2012	 7.23040699958801E-02 
2013	 7.25065544247627E-02 
2014	 7.28497728705406E-02 
2015	 7.31122940778732E-02 
2016	 7.36753717064857E-02 
2017	 7.38517493009567E-02 
2018	 0.073684498667717 
2019	 7.36910104751587E-02 
2020	 7.37133696675301E-02 
2021	 7.38058686256409E-02 
2022	 7.42265954613686E-02 
2023	 7.44656622409821E-02 
2024	 7.46500492095947E-02 
2025	 7.47722312808037E-02 
2026	 7.47043341398239E-02 
2027	 0.074905201792717 
2028	 7.51208513975143E-02 
2029	 7.55278244614601E-02 
2030	 7.56622105836868E-02 
2031	 7.57782384753227E-02 
2032	 7.57210701704025E-02 
2033	 7.56438970565796E-02 
2034	 7.57268890738487E-02 
2035	 7.60404542088509E-02 
2036	 7.64005407691002E-02 
2037	 7.66324996948242E-02 
2038	 0.076823391020298 
2039	 7.72316083312035E-02 
2040	 7.76063650846481E-02 
2041	 0.077798955142498 
2042	 7.81470835208893E-02 
2043	 7.84067362546921E-02 
2044	 0.07847710698843 
2045	 7.86879733204842E-02 
2046	 7.89525732398033E-02 
2047	 7.92551711201668E-02 
2048	 0.079659566283226 
2049	 7.99318626523018E-02 
2050	 8.02649408578873E-02 
2051	 8.06102752685547E-02 
2052	 8.07662010192871E-02 
2053	 8.11331123113632E-02 
2054	 8.15040916204453E-02 
2055	 8.16858410835266E-02 
2056	 8.19287225604057E-02 
2057	 8.19809213280678E-02 
2058	 8.21477621793747E-02 
2059	 8.23674723505974E-02 
2060	 8.24984237551689E-02 
2061	 8.25605988502502E-02 
2062	 8.28832685947418E-02 
2063	 8.29080641269684E-02 
2064	 8.28578546643257E-02 
2065	 0.083088293671608 
2066	 8.29622969031334E-02 
2067	 8.27609226107597E-02 
2068	 8.28924253582954E-02 
2069	 8.27635005116463E-02 
2070	 8.25785994529724E-02 
2071	 8.27257931232452E-02 
2072	 8.25313627719879E-02 
2073	 8.23415666818619E-02 
2074	 0.082314595580101 
2075	 0.081947386264801 
2076	 8.12219753861427E-02 
2077	 8.07041302323341E-02 
2078	 8.03392380475998E-02 
2079	 7.98550993204117E-02 
2080	 7.96942934393883E-02 
2081	 7.95953497290611E-02 
2082	 7.90911987423897E-02 
2083	 7.86812379956245E-02 
2084	 7.83731117844582E-02 
2085	 7.79374912381172E-02 
2086	 7.76139721274376E-02 
2087	 7.72436261177063E-02 
2088	 0.076964795589447 
2089	 0.076791025698185 
2090	 7.65158236026764E-02 
2091	 7.62645080685616E-02 
2092	 7.59977027773857E-02 
2093	 7.57441595196724E-02 
2094	 7.51746371388435E-02 
2095	 7.47439935803413E-02 
2096	 7.44987800717354E-02 
2097	 7.42260441184044E-02 
2098	 7.41008520126343E-02 
2099	 7.40814581513405E-02 
2100	 7.39964693784714E-02 
2101	 7.38300383090973E-02 
2102	 0.073746345937252 
2103	 7.36586973071098E-02 
2104	 7.36105814576149E-02 
2105	 7.35428184270859E-02 
2106	 7.34601318836212E-02 
2107	 7.34017491340637E-02 
2108	 0.073344424366951 
2109	 7.33051896095276E-02 
2110	 7.33190700411797E-02 
2111	 7.33380317687988E-02 
2112	 7.32060968875885E-02 
2113	 0.073041245341301 
2114	 7.27125853300095E-02 
2115	 7.25919827818871E-02 
2116	 7.27434530854225E-02 
2117	 7.27842897176743E-02 
2118	 7.29083940386772E-02 
2119	 7.30261579155922E-02 
2120	 0.072895273566246 
2121	 7.28881508111954E-02 
2122	 7.29974359273911E-02 
2123	 7.28564560413361E-02 
2124	 7.26111754775047E-02 
2125	 0.072078637778759 
2126	 7.18448162078857E-02 
2127	 7.15511292219162E-02 
2128	 0.071466326713562 
2129	 7.16192200779915E-02 
2130	 7.19300508499146E-02 
2131	 7.20506012439728E-02 
2132	 7.19487145543098E-02 
2133	 7.20287635922432E-02 
2134	 7.22373127937317E-02 
2135	 7.23166614770889E-02 
2136	 7.25094527006149E-02 
2137	 7.27205201983452E-02 
2138	 7.25674480199814E-02 
2139	 7.25472941994667E-02 
2140	 7.30235055088997E-02 
2141	 7.33765959739685E-02 
2142	 7.38392770290375E-02 
2143	 7.41327106952667E-02 
2144	 7.43948593735695E-02 
2145	 7.46706649661064E-02 
2146	 7.48528763651848E-02 
2147	 7.50927925109863E-02 
2148	 7.54925310611725E-02 
2149	 7.56338685750961E-02 
2150	 7.55567848682404E-02 
2151	 0.075876347720623 
2152	 7.63718634843826E-02 
2153	 7.66379237174988E-02 
2154	 0.076724499464035 
2155	 7.68827795982361E-02 
2156	 7.69957005977631E-02 
2157	 7.70597755908966E-02 
2158	 0.07729422301054 
2159	 7.74587914347649E-02 
2160	 7.75947272777557E-02 
2161	 7.77299851179123E-02 
2162	 7.78274238109589E-02 
2163	 7.81349614262581E-02 
2164	 7.80988484621048E-02 
2165	 7.76065960526466E-02 
2166	 7.74831622838974E-02 
2167	 7.74167254567146E-02 
2168	 7.73486495018005E-02 
2169	 7.73278623819351E-02 
2170	 7.76550322771072E-02 
2171	 7.77886509895325E-02 
2172	 7.78526216745377E-02 
2173	 7.79856592416763E-02 
2174	 7.76927843689919E-02 
2175	 7.76229947805405E-02 
2176	 7.76969715952873E-02 
2177	 7.73531943559647E-02 
2178	 7.73248225450516E-02 
2179	 7.74463266134262E-02 
2180	 7.71993100643158E-02 
2181	 7.71348997950554E-02 
2182	 7.71320089697838E-02 
2183	 7.69083276391029E-02 
2184	 7.66056999564171E-02 
2185	 7.64371827244759E-02 
2186	 7.65460804104805E-02 
2187	 0.076508030295372 
2188	 7.64422565698624E-02 
2189	 7.62466564774513E-02 
2190	 7.58418589830399E-02 
2191	 7.57342427968979E-02 
2192	 0.075759157538414 
2193	 7.55850076675415E-02 
2194	 7.55858346819878E-02 
2195	 7.54568874835968E-02 
2196	 7.50089511275291E-02 
2197	 7.47628062963486E-02 
2198	 0.074572816491127 
2199	 7.42726698517799E-02 
2200	 7.40605741739273E-02 
2201	 7.38579332828522E-02 
2202	 7.35112130641937E-02 
2203	 7.33019188046455E-02 
2204	 7.31464177370071E-02 
2205	 7.29372501373291E-02 
2206	 7.28965252637863E-02 
2207	 7.27027282118797E-02 
2208	 0.072499580681324 
2209	 7.21747204661369E-02 
2210	 7.16419145464897E-02 
2211	 7.08002597093582E-02 
2212	 7.04881325364113E-02 
2213	 7.01672211289406E-02 
2214	 6.98619335889816E-02 
2215	 7.01730251312256E-02 
2216	 6.98807910084724E-02 
2217	 6.90417364239693E-02 
2218	 6.86252042651176E-02 
2219	 6.84131756424904E-02 
2220	 6.81459605693817E-02 
2221	 6.77116811275482E-02 
2222	 6.66880384087563E-02 
2223	 6.56649246811867E-02 
2224	 6.49300366640091E-02 
2225	 6.42901211977005E-02 
2226	 0.063707172870636 
2227	 6.31553307175636E-02 
2228	 6.23655430972576E-02 
2229	 0.061431098729372 
2230	 6.10237084329128E-02 
2231	 6.05703666806221E-02 
2232	 5.95138408243656E-02 
2233	 5.88035173714161E-02 
2234	 5.85679821670055E-02 
2235	 5.80816082656384E-02 
2236	 5.74636608362198E-02 
2237	 5.68848252296448E-02 
2238	 5.62134683132172E-02 
2239	 5.55228143930435E-02 
2240	 5.47578111290932E-02 
2241	 0.054197259247303 
2242	 5.35241514444351E-02 
2243	 5.29981330037117E-02 
2244	 5.29703684151173E-02 
2245	 5.27011528611183E-02 
2246	 5.23109585046768E-02 
2247	 5.20539879798889E-02 
2248	 5.16931153833866E-02 
2249	 5.09955212473869E-02 
2250	 5.07024377584457E-02 
2251	 5.06071299314499E-02 
2252	 5.05253486335278E-02 
2253	 5.00146448612213E-02 
2254	 4.94811609387398E-02 
2255	 4.93451170623302E-02 
2256	 4.89565320312977E-02 
2257	 4.88031804561615E-02 
2258	 0.048902228474617 
2259	 4.83571738004684E-02 
2260	 4.76825125515461E-02 
2261	 4.70311902463436E-02 
2262	 4.63947243988514E-02 
2263	 4.60660867393017E-02 
2264	 4.58984188735485E-02 
2265	 4.60664741694927E-02 
2266	 0.045945081859827 
2267	 4.50648851692677E-02 
2268	 4.43636700510979E-02 
2269	 0.0440703779459 
2270	 4.36821803450584E-02 
2271	 4.34432402253151E-02 
2272	 4.32251542806625E-02 
2273	 0.042961485683918 
2274	 4.26395907998085E-02 
2275	 4.24381345510483E-02 
2276	 4.23210971057415E-02 
2277	 4.21709045767784E-02 
2278	 4.20287474989891E-02 
2279	 4.20356430113316E-02 
2280	 4.18902896344662E-02 
2281	 0.041717030107975 
2282	 4.11949940025806E-02 
2283	 4.09412980079651E-02 
2284	 4.09326292574406E-02 
2285	 4.10887710750103E-02 
2286	 4.15414422750473E-02 
2287	 4.18125577270985E-02 
2288	 4.13749180734158E-02 
2289	 4.02769781649113E-02 
2290	 0.039557471871376 
2291	 3.94013337790966E-02 
2292	 3.93488481640816E-02 
2293	 0.039305679500103 
2294	 0.038894135504961 
2295	 3.83734777569771E-02 
2296	 3.80371548235416E-02 
2297	 3.75592857599258E-02 
2298	 0.037607703357935 
2299	 0.038041278719902 
2300	 3.77238653600216E-02 
2301	 3.75887341797352E-02 
2302	 3.77775654196739E-02 
2303	 3.71894985437393E-02 
2304	 3.69139574468136E-02 
2305	 3.67945842444897E-02 
2306	 3.61111164093018E-02 
2307	 3.58359776437283E-02 
2308	 3.56724373996258E-02 
2309	 3.55212688446045E-02 
2310	 3.55837158858776E-02 
2311	 0.03550960496068 
2312	 3.51310409605503E-02 
2313	 3.42071019113064E-02 
2314	 0.033704299479723 
2315	 3.34798730909824E-02 
2316	 3.29472273588181E-02 
2317	 3.33930850028992E-02 
2318	 0.033620398491621 
2319	 3.31739708781242E-02 
2320	 3.35583463311195E-02 
2321	 3.32304202020168E-02 
2322	 3.24177406728268E-02 
2323	 3.24485301971436E-02 
2324	 3.32413390278816E-02 
2325	 3.33397164940834E-02 
2326	 3.38015258312225E-02 
2327	 3.40314581990242E-02 
2328	 3.36469523608685E-02 
2329	 0.033337228000164 
2330	 3.30798029899597E-02 
2331	 3.28291989862919E-02 
2332	 3.23286131024361E-02 
2333	 3.22448723018169E-02 
2334	 3.24743986129761E-02 
2335	 3.25422845780849E-02 
2336	 0.032654769718647 
2337	 3.27411703765392E-02 
2338	 3.29184159636498E-02 
2339	 3.31634394824505E-02 
2340	 3.32509204745293E-02 
2341	 3.33464592695236E-02 
2342	 3.38932164013386E-02 
2343	 3.47093194723129E-02 
2344	 3.55567298829556E-02 
2345	 0.036273118108511 
2346	 3.60181629657745E-02 
2347	 3.59256938099861E-02 
2348	 3.64750437438488E-02 
2349	 3.67621518671513E-02 
2350	 3.75370010733604E-02 
2351	 3.81119698286057E-02 
2352	 3.79859022796154E-02 
2353	 3.81902195513248E-02 
2354	 3.85268852114677E-02 
2355	 3.89187447726727E-02 
2356	 3.86714115738869E-02 
2357	 3.74961197376251E-02 
2358	 3.74619215726852E-02 
2359	 3.77000235021114E-02 
2360	 0.037748284637928 
2361	 3.93035113811493E-02 
2362	 3.98000590503216E-02 
2363	 3.89838814735413E-02 
2364	 3.88534553349018E-02 
2365	 3.89827340841293E-02 
2366	 0.039467591792345 
2367	 3.94573211669922E-02 
2368	 3.91391925513744E-02 
2369	 3.92373166978359E-02 
2370	 3.84842827916145E-02 
2371	 3.74374128878117E-02 
2372	 3.72292920947075E-02 
2373	 3.71739156544209E-02 
2374	 3.75148802995682E-02 
2375	 3.83908785879612E-02 
2376	 3.82454507052898E-02 
2377	 3.71904335916042E-02 
2378	 0.03641027957201 
2379	 3.62319685518742E-02 
2380	 0.036512415856123 
2381	 3.70432063937187E-02 
2382	 3.67896147072315E-02 
2383	 3.54850925505161E-02 
2384	 3.48937697708607E-02 
2385	 0.034458614885807 
2386	 3.45537140965462E-02 
2387	 3.52447591722012E-02 
2388	 3.53828854858875E-02 
2389	 3.62013727426529E-02 
2390	 3.60916256904602E-02 
2391	 3.50005924701691E-02 
2392	 3.51598560810089E-02 
2393	 3.52185294032097E-02 
2394	 3.57169471681118E-02 
2395	 3.72897759079933E-02 
2396	 0.037627350538969 
2397	 3.67338433861732E-02 
2398	 3.60091216862202E-02 
2399	 3.53465750813484E-02 
2400	 3.52641418576241E-02 
2401	 3.67006398737431E-02 
2402	 3.69010716676712E-02 
2403	 0.036161758005619 
2404	 3.55766490101814E-02 
2405	 0.034474141895771 
2406	 3.47638875246048E-02 
2407	 3.55412662029266E-02 
2408	 3.64640466868877E-02 
2409	 3.70277129113674E-02 
2410	 3.66777740418911E-02 
2411	 3.66923063993454E-02 
2412	 3.63519601523876E-02 
2413	 3.51441279053688E-02 
2414	 3.43338325619698E-02 
2415	 3.37897017598152E-02 
2416	 3.30638214945793E-02 
2417	 3.38642634451389E-02 
2418	 0.034683596342802 
2419	 0.034320630133152 
2420	 3.48626114428043E-02 
2421	 3.47293578088284E-02 
2422	 3.33618372678757E-02 
2423	 3.29634994268417E-02 
2424	 3.38658839464188E-02 
2425	 3.39571014046669E-02 
2426	 3.35355140268803E-02 
2427	 3.53218391537666E-02 
2428	 3.45343761146069E-02 
2429	 3.19470688700676E-02 
2430	 3.25197465717793E-02 
2431	 3.23750078678131E-02 
2432	 3.18466611206532E-02 
2433	 3.33431027829647E-02 
2434	 3.38187478482723E-02 
2435	 3.32536064088345E-02 
2436	 3.33597362041473E-02 
2437	 3.21530997753143E-02 
2438	 3.04103866219521E-02 
2439	 3.01661435514688E-02 
2440	 0.030321404337883 
2441	 3.08011136949062E-02 
2442	 3.28115485608578E-02 
2443	 3.38340066373348E-02 
2444	 3.25448177754879E-02 
2445	 3.26342880725861E-02 
2446	 3.32098715007305E-02 
2447	 3.27578857541084E-02 
2448	 3.29102799296379E-02 
2449	 0.032202385365963 
2450	 3.12301851809025E-02 
2451	 3.09504605829716E-02 
2452	 3.09144072234631E-02 
2453	 3.14208641648293E-02 
2454	 0.031326811760664 
2455	 3.14800553023815E-02 
2456	 3.15502695739269E-02 
2457	 3.27011831104755E-02 
2458	 3.44662815332413E-02 
2459	 3.40708680450916E-02 
2460	 0.033367283642292 
2461	 3.01505196839571E-02 
2462	 2.91328262537718E-02 
2463	 2.96038053929806E-02 
2464	 3.00235208123922E-02 
2465	 3.27370427548885E-02 
2466	 3.18088605999947E-02 
2467	 2.67057660967112E-02 
2468	 2.50709597021341E-02 
2469	 0.023659385740757 
2470	 2.39266566932201E-02 
2471	 2.88037210702896E-02 
2472	 3.04614380002022E-02 
2473	 2.84807439893484E-02 
2474	 2.91634276509285E-02 
2475	 0.032044030725956 
2476	 3.33097614347935E-02 
2477	 3.56355123221874E-02 
2478	 0.034344557672739 
2479	 0.032449759542942 
2480	 3.19506041705608E-02 
2481	 2.92452424764633E-02 
2482	 2.89676319807768E-02 
2483	 3.01005952060223E-02 
2484	 2.83450409770012E-02 
2485	 2.91171595454216E-02 
2486	 3.08482777327299E-02 
2487	 2.93642655014992E-02 
2488	 2.85982135683298E-02 
2489	 0.028740493580699 
2490	 0.027594605460763 
2491	 2.82754544168711E-02 
2492	 2.62278020381927E-02 
2493	 2.19122152775526E-02 
2494	 2.47379746288061E-02 
2495	 2.63166930526495E-02 
2496	 2.63451840728521E-02 
2497	 3.18260565400124E-02 
2498	 2.90143974125385E-02 
2499	 2.35564354807138E-02 
2500	 2.24211122840643E-02 
