350	 0.11308328807354 
351	 0.117764599621296 
352	 0.125359043478966 
353	 0.124607153236866 
354	 0.114863462746143 
355	 0.121117316186428 
356	 0.122358217835426 
357	 0.118275955319405 
358	 0.116084352135658 
359	 0.117654845118523 
360	 0.119117870926857 
361	 0.119969882071018 
362	 0.122265726327896 
363	 0.119842685759068 
364	 0.118353724479675 
365	 0.119988277554512 
366	 0.117598704993725 
367	 0.119144082069397 
368	 0.121545098721981 
369	 0.120518527925014 
370	 0.119683615863323 
371	 0.119508124887943 
372	 0.119544185698032 
373	 0.118910476565361 
374	 0.118207231163979 
375	 0.118376635015011 
376	 0.119463793933392 
377	 0.120250657200813 
378	 0.121604986488819 
379	 0.122901223599911 
380	 0.12339311093092 
381	 0.123042315244675 
382	 0.121819451451302 
383	 0.121347062289715 
384	 0.123189464211464 
385	 0.122615315020084 
386	 0.122637070715427 
387	 0.123771347105503 
388	 0.123048648238182 
389	 0.122656472027302 
390	 0.12300717830658 
391	 0.123735800385475 
392	 0.123375408351421 
393	 0.12406200170517 
394	 0.124648958444595 
395	 0.123457036912441 
396	 0.12455427646637 
397	 0.125693917274475 
398	 0.125583171844482 
399	 0.124461397528648 
400	 0.125556066632271 
401	 0.126780092716217 
402	 0.126371338963509 
403	 0.125560030341148 
404	 0.126299262046814 
405	 0.127384424209595 
406	 0.126834571361542 
407	 0.125962972640991 
408	 0.126212179660797 
409	 0.127277731895447 
410	 0.127296522259712 
411	 0.127023071050644 
412	 0.127455189824104 
413	 0.128644615411758 
414	 0.128443032503128 
415	 0.128010362386703 
416	 0.127883747220039 
417	 0.128339990973473 
418	 0.129716634750366 
419	 0.130359128117561 
420	 0.130123049020767 
421	 0.130410000681877 
422	 0.131035849452019 
423	 0.131468191742897 
424	 0.131500720977783 
425	 0.131855189800262 
426	 0.1324702501297 
427	 0.132886990904808 
428	 0.132760152220726 
429	 0.133595675230026 
430	 0.134441182017326 
431	 0.134751573204994 
432	 0.13463731110096 
433	 0.135304123163223 
434	 0.136124551296234 
435	 0.136483833193779 
436	 0.136876821517944 
437	 0.137592613697052 
438	 0.138380944728851 
439	 0.138821259140968 
440	 0.139518827199936 
441	 0.140030235052109 
442	 0.140335470438004 
443	 0.141108095645905 
444	 0.141781538724899 
445	 0.142175585031509 
446	 0.142371386289597 
447	 0.143046572804451 
448	 0.143250301480293 
449	 0.143016323447227 
450	 0.143052667379379 
451	 0.143219143152237 
452	 0.143188565969467 
453	 0.142950445413589 
454	 0.143146887421608 
455	 0.143255203962326 
456	 0.143277928233147 
457	 0.143363803625107 
458	 0.143495723605156 
459	 0.143502533435822 
460	 0.143533080816269 
461	 0.144006311893463 
462	 0.1441740244627 
463	 0.144344612956047 
464	 0.144733756780624 
465	 0.144769966602325 
466	 0.144882500171661 
467	 0.145043388009071 
468	 0.145101457834244 
469	 0.145605117082596 
470	 0.145942956209183 
471	 0.145922943949699 
472	 0.146016880869865 
473	 0.146294102072716 
474	 0.14663764834404 
475	 0.146923661231995 
476	 0.147234365344048 
477	 0.147541299462318 
478	 0.147817775607109 
479	 0.1480473279953 
480	 0.148290812969208 
481	 0.148564785718918 
482	 0.148856371641159 
483	 0.149096950888634 
484	 0.149501830339432 
485	 0.149865835905075 
486	 0.14996612071991 
487	 0.150207981467247 
488	 0.150525242090225 
489	 0.150874227285385 
490	 0.151249274611473 
491	 0.151553049683571 
492	 0.151867046952248 
493	 0.152254521846771 
494	 0.152660012245178 
495	 0.152918562293053 
496	 0.153089717030525 
497	 0.153338640928268 
498	 0.153646573424339 
499	 0.153932943940163 
500	 0.154243752360344 
501	 0.15484893321991 
502	 0.155152067542076 
503	 0.155362889170647 
504	 0.155790463089943 
505	 0.156078204512596 
506	 0.156318441033363 
507	 0.156571343541145 
508	 0.156848520040512 
509	 0.157065123319626 
510	 0.157298982143402 
511	 0.157623067498207 
512	 0.158038571476936 
513	 0.158314257860184 
514	 0.158470973372459 
515	 0.1586584597826 
516	 0.159026369452477 
517	 0.159398883581161 
518	 0.159664049744606 
519	 0.159822404384613 
520	 0.160042434930801 
521	 0.160438507795334 
522	 0.160963982343674 
523	 0.161082088947296 
524	 0.161300823092461 
525	 0.161750614643097 
526	 0.16224268078804 
527	 0.162622377276421 
528	 0.163042858242989 
529	 0.163553297519684 
530	 0.163828894495964 
531	 0.164188086986542 
532	 0.164635255932808 
533	 0.165062591433525 
534	 0.165505781769753 
535	 0.166026130318642 
536	 0.166595473885536 
537	 0.167062655091286 
538	 0.167586356401443 
539	 0.168094977736473 
540	 0.168511003255844 
541	 0.168947473168373 
542	 0.16944620013237 
543	 0.169970229268074 
544	 0.170427918434143 
545	 0.170902699232101 
546	 0.171478301286697 
547	 0.172123864293098 
548	 0.172531589865685 
549	 0.173010185360909 
550	 0.173609092831612 
551	 0.174244597554207 
552	 0.174740269780159 
553	 0.175202161073685 
554	 0.175687670707703 
555	 0.176160588860512 
556	 0.176612630486488 
557	 0.177121222019196 
558	 0.17770916223526 
559	 0.178107082843781 
560	 0.178487494587898 
561	 0.178929269313812 
562	 0.179431810975075 
563	 0.179933980107307 
564	 0.180520430207253 
565	 0.181178003549576 
566	 0.181596040725708 
567	 0.182116866111755 
568	 0.182708531618118 
569	 0.183197230100632 
570	 0.183638483285904 
571	 0.18404147028923 
572	 0.184383288025856 
573	 0.184610247612 
574	 0.184825047850609 
575	 0.185040235519409 
576	 0.185251370072365 
577	 0.185491383075714 
578	 0.18573585152626 
579	 0.186007127165794 
580	 0.186353519558907 
581	 0.186731189489365 
582	 0.18709072470665 
583	 0.187402069568634 
584	 0.187694162130356 
585	 0.18789130449295 
586	 0.188037037849426 
587	 0.188212230801582 
588	 0.188288196921349 
589	 0.18833914399147 
590	 0.188433066010475 
591	 0.188607648015022 
592	 0.188945159316063 
593	 0.189400359988213 
594	 0.189895436167717 
595	 0.190384358167648 
596	 0.190842747688293 
597	 0.191244885325432 
598	 0.191563591361046 
599	 0.191820681095123 
600	 0.19198140501976 
601	 0.192065387964249 
602	 0.192194640636444 
603	 0.192469358444214 
604	 0.192848786711693 
605	 0.19322082400322 
606	 0.193531781435013 
607	 0.193873062729836 
608	 0.19423072040081 
609	 0.194449290633202 
610	 0.1945730894804 
611	 0.194698661565781 
612	 0.194880813360214 
613	 0.194968894124031 
614	 0.195029631257057 
615	 0.195096179842949 
616	 0.195172712206841 
617	 0.19516210258007 
618	 0.195104107260704 
619	 0.1950523853302 
620	 0.195042461156845 
621	 0.195035770535469 
622	 0.195038661360741 
623	 0.19507896900177 
624	 0.195149406790733 
625	 0.1952064037323 
626	 0.195243641734123 
627	 0.195293724536896 
628	 0.19540947675705 
629	 0.195556059479713 
630	 0.195678427815437 
631	 0.195744827389717 
632	 0.195825323462486 
633	 0.195930078625679 
634	 0.196032881736755 
635	 0.196209073066711 
636	 0.196328952908516 
637	 0.196361243724823 
638	 0.19650799036026 
639	 0.196696624159813 
640	 0.196878373622894 
641	 0.197016015648842 
642	 0.197099193930626 
643	 0.19726288318634 
644	 0.197516083717346 
645	 0.197729215025902 
646	 0.197931632399559 
647	 0.198167964816093 
648	 0.198444157838821 
649	 0.198633685708046 
650	 0.198943808674812 
651	 0.199346870183945 
652	 0.199682027101517 
653	 0.199881672859192 
654	 0.200191825628281 
655	 0.200669646263123 
656	 0.2010587900877 
657	 0.201402470469475 
658	 0.201835155487061 
659	 0.202422618865967 
660	 0.202822372317314 
661	 0.20328688621521 
662	 0.203857421875 
663	 0.204403027892113 
664	 0.205043599009514 
665	 0.205720886588097 
666	 0.206376850605011 
667	 0.207020044326782 
668	 0.20774807035923 
669	 0.208511888980865 
670	 0.209229737520218 
671	 0.209985166788101 
672	 0.210805341601372 
673	 0.21166817843914 
674	 0.212512269616127 
675	 0.21345379948616 
676	 0.214472681283951 
677	 0.215530231595039 
678	 0.216602936387062 
679	 0.217716529965401 
680	 0.218857020139694 
681	 0.22000090777874 
682	 0.221268951892853 
683	 0.222540766000748 
684	 0.22375775873661 
685	 0.22498282790184 
686	 0.226339384913445 
687	 0.227783292531967 
688	 0.229234516620636 
689	 0.230723559856415 
690	 0.232224434614182 
691	 0.233756422996521 
692	 0.235350906848907 
693	 0.23691563308239 
694	 0.238526359200478 
695	 0.240217119455338 
696	 0.241938501596451 
697	 0.243646949529648 
698	 0.245369389653206 
699	 0.247144177556038 
700	 0.248976141214371 
701	 0.250846475362778 
702	 0.252711415290833 
703	 0.254519641399384 
704	 0.256480515003204 
705	 0.2584308385849 
706	 0.260272592306137 
707	 0.262139946222305 
708	 0.264075845479965 
709	 0.266061842441559 
710	 0.268036037683487 
711	 0.269925117492676 
712	 0.271867394447327 
713	 0.273862451314926 
714	 0.275782495737076 
715	 0.277734398841858 
716	 0.27966895699501 
717	 0.281554043292999 
718	 0.283467233181 
719	 0.285384446382523 
720	 0.287311613559723 
721	 0.289260894060135 
722	 0.291230708360672 
723	 0.293174892663956 
724	 0.2950838804245 
725	 0.296979695558548 
726	 0.298813223838806 
727	 0.300620049238205 
728	 0.3024542927742 
729	 0.30438169836998 
730	 0.306240409612656 
731	 0.308050751686096 
732	 0.309893846511841 
733	 0.311765938997269 
734	 0.313624203205109 
735	 0.315437167882919 
736	 0.31719508767128 
737	 0.318937093019485 
738	 0.320721060037613 
739	 0.322543829679489 
740	 0.324283421039581 
741	 0.325980812311172 
742	 0.32768127322197 
743	 0.329419761896133 
744	 0.331128835678101 
745	 0.332805544137955 
746	 0.334491103887558 
747	 0.336242407560349 
748	 0.337876290082932 
749	 0.339527726173401 
750	 0.341246575117111 
751	 0.342858850955963 
752	 0.344399809837341 
753	 0.345977157354355 
754	 0.347668766975403 
755	 0.349361419677734 
756	 0.350943118333817 
757	 0.352454453706741 
758	 0.354023903608322 
759	 0.355558186769485 
760	 0.357072353363037 
761	 0.358590722084045 
762	 0.360130101442337 
763	 0.361694157123566 
764	 0.363210588693619 
765	 0.364646464586258 
766	 0.366107285022736 
767	 0.367568224668503 
768	 0.369020462036133 
769	 0.37044695019722 
770	 0.371806085109711 
771	 0.373162508010864 
772	 0.374547839164734 
773	 0.375939756631851 
774	 0.377330094575882 
775	 0.378630101680756 
776	 0.379860281944275 
777	 0.381261259317398 
778	 0.382624804973602 
779	 0.383919805288315 
780	 0.385177910327911 
781	 0.386445671319962 
782	 0.387646466493607 
783	 0.388810187578201 
784	 0.390023559331894 
785	 0.391248881816864 
786	 0.392466872930527 
787	 0.393683046102524 
788	 0.394916474819183 
789	 0.396093338727951 
790	 0.397192627191544 
791	 0.398246675729752 
792	 0.399391204118729 
793	 0.40050008893013 
794	 0.401587724685669 
795	 0.402692347764969 
796	 0.403747856616974 
797	 0.404763609170914 
798	 0.40576907992363 
799	 0.406794011592865 
800	 0.407871097326279 
801	 0.408884257078171 
802	 0.409809648990631 
803	 0.410743564367294 
804	 0.411654889583588 
805	 0.412582993507385 
806	 0.413540422916412 
807	 0.414449155330658 
808	 0.415294170379639 
809	 0.416119337081909 
810	 0.41697034239769 
811	 0.417787581682205 
812	 0.418671160936356 
813	 0.419534653425217 
814	 0.420220464468002 
815	 0.420955836772919 
816	 0.421752989292145 
817	 0.422602027654648 
818	 0.423477917909622 
819	 0.424268811941147 
820	 0.424943774938583 
821	 0.425536543130875 
822	 0.42619127035141 
823	 0.42689648270607 
824	 0.42759844660759 
825	 0.428249090909958 
826	 0.428853660821915 
827	 0.429529190063477 
828	 0.430252879858017 
829	 0.430935919284821 
830	 0.431476414203644 
831	 0.432095915079117 
832	 0.432806432247162 
833	 0.433456212282181 
834	 0.434021800756454 
835	 0.434589117765427 
836	 0.43517217040062 
837	 0.435722172260284 
838	 0.436326235532761 
839	 0.436874359846115 
840	 0.437339514493942 
841	 0.437869906425476 
842	 0.438430607318878 
843	 0.438930451869965 
844	 0.43932318687439 
845	 0.439718961715698 
846	 0.440288633108139 
847	 0.440871000289917 
848	 0.441255003213882 
849	 0.441643446683884 
850	 0.442048788070679 
851	 0.442444026470184 
852	 0.44280681014061 
853	 0.443302810192108 
854	 0.443787842988968 
855	 0.444214671850204 
856	 0.44464123249054 
857	 0.445051044225693 
858	 0.445461988449097 
859	 0.445907980203629 
860	 0.446415543556213 
861	 0.446862488985062 
862	 0.447249442338943 
863	 0.447608888149261 
864	 0.448020190000534 
865	 0.448422402143478 
866	 0.448780179023743 
867	 0.449103385210037 
868	 0.449454456567764 
869	 0.449775576591492 
870	 0.450084567070007 
871	 0.450440883636475 
872	 0.450860321521759 
873	 0.45123964548111 
874	 0.451582968235016 
875	 0.451940715312958 
876	 0.452279448509216 
877	 0.452630996704102 
878	 0.452998697757721 
879	 0.453352093696594 
880	 0.453577995300293 
881	 0.453859478235245 
882	 0.454203873872757 
883	 0.454536259174347 
884	 0.454807370901108 
885	 0.455047279596329 
886	 0.455342352390289 
887	 0.45574814081192 
888	 0.45611497759819 
889	 0.456323206424713 
890	 0.456516116857529 
891	 0.457002013921738 
892	 0.457246124744415 
893	 0.457498788833618 
894	 0.457805335521698 
895	 0.457933574914932 
896	 0.458208560943604 
897	 0.458547860383987 
898	 0.458874851465225 
899	 0.459212064743042 
900	 0.459374487400055 
901	 0.459591239690781 
902	 0.459958642721176 
903	 0.46025076508522 
904	 0.46057665348053 
905	 0.460829734802246 
906	 0.460998564958572 
907	 0.461363762617111 
908	 0.461611181497574 
909	 0.461797684431076 
910	 0.462034553289413 
911	 0.462361574172974 
912	 0.462813079357147 
913	 0.463090717792511 
914	 0.463139086961746 
915	 0.463545054197311 
916	 0.463868886232376 
917	 0.4640132188797 
918	 0.464146941900253 
919	 0.464762508869171 
920	 0.465138405561447 
921	 0.465333700180054 
922	 0.46557691693306 
923	 0.4659503698349 
924	 0.466064542531967 
925	 0.466233819723129 
926	 0.466653168201447 
927	 0.466862797737122 
928	 0.467047095298767 
929	 0.467220604419708 
930	 0.467400908470154 
931	 0.467661380767822 
932	 0.468041270971298 
933	 0.468324720859528 
934	 0.46843820810318 
935	 0.468746870756149 
936	 0.469091951847076 
937	 0.469170868396759 
938	 0.46908900141716 
939	 0.469639211893082 
940	 0.469840258359909 
941	 0.470024079084396 
942	 0.470364958047867 
943	 0.470357745885849 
944	 0.470647811889648 
945	 0.470929950475693 
946	 0.471050441265106 
947	 0.471341580152512 
948	 0.471587240695953 
949	 0.471616506576538 
950	 0.471610963344574 
951	 0.472114235162735 
952	 0.472225427627563 
953	 0.472361892461777 
954	 0.472736418247223 
955	 0.47304755449295 
956	 0.473140507936478 
957	 0.473273932933807 
958	 0.473517626523972 
959	 0.473705321550369 
960	 0.473897725343704 
961	 0.474070459604263 
962	 0.474173605442047 
963	 0.474198043346405 
964	 0.474401921033859 
965	 0.474673628807068 
966	 0.474825829267502 
967	 0.474762976169586 
968	 0.474858492612839 
969	 0.47494050860405 
970	 0.475216954946518 
971	 0.475768178701401 
972	 0.475645989179611 
973	 0.475604236125946 
974	 0.475725173950195 
975	 0.475862681865692 
976	 0.475886732339859 
977	 0.475985765457153 
978	 0.476103156805038 
979	 0.476226001977921 
980	 0.476549446582794 
981	 0.476471692323685 
982	 0.476633429527283 
983	 0.477146059274673 
984	 0.477205455303192 
985	 0.476904392242432 
986	 0.476992428302765 
987	 0.477426886558533 
988	 0.477498352527618 
989	 0.477478712797165 
990	 0.477376937866211 
991	 0.477273285388947 
992	 0.477308243513107 
993	 0.477694988250732 
994	 0.477798521518707 
995	 0.478040307760239 
996	 0.478747576475143 
997	 0.478797614574432 
998	 0.478075325489044 
999	 0.478022903203964 
1000	 0.479002624750137 
1001	 0.478065758943558 
1002	 0.478269308805466 
1003	 0.47865030169487 
1004	 0.478831768035889 
1005	 0.478828907012939 
1006	 0.478891670703888 
1007	 0.478932589292526 
1008	 0.478893756866455 
1009	 0.478727638721466 
1010	 0.478784322738647 
1011	 0.478783190250397 
1012	 0.478886991739273 
1013	 0.479224026203156 
1014	 0.47964158654213 
1015	 0.479670643806458 
1016	 0.479629725217819 
1017	 0.479522526264191 
1018	 0.479331493377686 
1019	 0.47943651676178 
1020	 0.479887306690216 
1021	 0.480000048875809 
1022	 0.480058670043945 
1023	 0.480124056339264 
1024	 0.479889631271362 
1025	 0.479967802762985 
1026	 0.480442762374878 
1027	 0.48064461350441 
1028	 0.480972528457642 
1029	 0.480923533439636 
1030	 0.480592608451843 
1031	 0.480473041534424 
1032	 0.48051854968071 
1033	 0.480777323246002 
1034	 0.48087802529335 
1035	 0.481119334697723 
1036	 0.481222480535507 
1037	 0.481094390153885 
1038	 0.481107831001282 
1039	 0.481310337781906 
1040	 0.481346189975739 
1041	 0.481171220541 
1042	 0.481219172477722 
1043	 0.481327384710312 
1044	 0.481434196233749 
1045	 0.481831431388855 
1046	 0.482102274894714 
1047	 0.482140481472015 
1048	 0.481958985328674 
1049	 0.482087373733521 
1050	 0.482219874858856 
1051	 0.482247918844223 
1052	 0.482381343841553 
1053	 0.482527047395706 
1054	 0.482498675584793 
1055	 0.482574582099915 
1056	 0.482991337776184 
1057	 0.483100652694702 
1058	 0.483053296804428 
1059	 0.482807517051697 
1060	 0.482714235782623 
1061	 0.482586771249771 
1062	 0.482691317796707 
1063	 0.48301488161087 
1064	 0.483244389295578 
1065	 0.48364794254303 
1066	 0.48376390337944 
1067	 0.483672887086868 
1068	 0.483708620071411 
1069	 0.483616530895233 
1070	 0.483666121959686 
1071	 0.483980864286423 
1072	 0.484079658985138 
1073	 0.48406395316124 
1074	 0.484104126691818 
1075	 0.484264880418777 
1076	 0.484068810939789 
1077	 0.483992457389832 
1078	 0.48388534784317 
1079	 0.483912438154221 
1080	 0.483901023864746 
1081	 0.483977168798447 
1082	 0.484302014112473 
1083	 0.48441669344902 
1084	 0.484356284141541 
1085	 0.484452605247498 
1086	 0.484699159860611 
1087	 0.484698742628098 
1088	 0.484468340873718 
1089	 0.484507143497467 
1090	 0.484543681144714 
1091	 0.484545320272446 
1092	 0.484569162130356 
1093	 0.484795361757278 
1094	 0.484930753707886 
1095	 0.48493167757988 
1096	 0.485045492649078 
1097	 0.485350728034973 
1098	 0.485495537519455 
1099	 0.485497027635574 
1100	 0.485610127449036 
1101	 0.48589500784874 
1102	 0.485966861248016 
1103	 0.485876858234406 
1104	 0.485923141241074 
1105	 0.485921114683151 
1106	 0.485926419496536 
1107	 0.485985457897186 
1108	 0.486197888851166 
1109	 0.486252695322037 
1110	 0.486169427633286 
1111	 0.486229866743088 
1112	 0.486361235380173 
1113	 0.486383706331253 
1114	 0.486366838216782 
1115	 0.486404567956924 
1116	 0.486385494470596 
1117	 0.486406028270721 
1118	 0.486508250236511 
1119	 0.486583441495895 
1120	 0.486634075641632 
1121	 0.486675173044205 
1122	 0.486810743808746 
1123	 0.486735880374908 
1124	 0.486767202615738 
1125	 0.486825317144394 
1126	 0.486811220645905 
1127	 0.486762553453445 
1128	 0.486788123846054 
1129	 0.486800789833069 
1130	 0.486785858869553 
1131	 0.486798316240311 
1132	 0.486839145421982 
1133	 0.486840933561325 
1134	 0.486890345811844 
1135	 0.487086623907089 
1136	 0.487167507410049 
1137	 0.487107038497925 
1138	 0.487173765897751 
1139	 0.487363904714584 
1140	 0.487402886152267 
1141	 0.487458467483521 
1142	 0.487584680318832 
1143	 0.487621575593948 
1144	 0.487472474575043 
1145	 0.487540185451508 
1146	 0.487748473882675 
1147	 0.48784327507019 
1148	 0.488035649061203 
1149	 0.488045036792755 
1150	 0.487874180078506 
1151	 0.48777562379837 
1152	 0.487553775310516 
1153	 0.48749315738678 
1154	 0.48760324716568 
1155	 0.487588316202164 
1156	 0.487572580575943 
1157	 0.487567871809006 
1158	 0.487517923116684 
1159	 0.487460821866989 
1160	 0.487367451190948 
1161	 0.487222373485565 
1162	 0.487232625484467 
1163	 0.487334340810776 
1164	 0.487265020608902 
1165	 0.487200409173965 
1166	 0.487152546644211 
1167	 0.486879736185074 
1168	 0.486788630485535 
1169	 0.486959427595139 
1170	 0.486934453248978 
1171	 0.486851423978806 
1172	 0.486765712499619 
1173	 0.486540794372559 
1174	 0.486412763595581 
1175	 0.486501693725586 
1176	 0.486492216587067 
1177	 0.486472398042679 
1178	 0.486516773700714 
1179	 0.48656502366066 
1180	 0.486572712659836 
1181	 0.486535578966141 
1182	 0.486520916223526 
1183	 0.486530065536499 
1184	 0.486450463533401 
1185	 0.486391425132751 
1186	 0.486403197050095 
1187	 0.486422032117844 
1188	 0.486453413963318 
1189	 0.486450403928757 
1190	 0.486491978168488 
1191	 0.486493617296219 
1192	 0.486491560935974 
1193	 0.486457735300064 
1194	 0.486480593681335 
1195	 0.486571848392487 
1196	 0.486633539199829 
1197	 0.48671093583107 
1198	 0.486730873584747 
1199	 0.486715793609619 
1200	 0.48676061630249 
1201	 0.486785411834717 
1202	 0.486865252256393 
1203	 0.487062901258469 
1204	 0.487144291400909 
1205	 0.487143605947495 
1206	 0.487182766199112 
1207	 0.487218767404556 
1208	 0.487289518117905 
1209	 0.487402230501175 
1210	 0.487450242042542 
1211	 0.487627118825912 
1212	 0.487898916006088 
1213	 0.488158375024796 
1214	 0.488364040851593 
1215	 0.488434433937073 
1216	 0.488414496183395 
1217	 0.488531619310379 
1218	 0.488702982664108 
1219	 0.488881409168243 
1220	 0.489153802394867 
1221	 0.489326745271683 
1222	 0.489472389221191 
1223	 0.489591628313065 
1224	 0.48961728811264 
1225	 0.489739656448364 
1226	 0.489860862493515 
1227	 0.490018248558044 
1228	 0.490252107381821 
1229	 0.4904665350914 
1230	 0.490616083145142 
1231	 0.490762174129486 
1232	 0.490816444158554 
1233	 0.49093833565712 
1234	 0.491128027439117 
1235	 0.491197228431702 
1236	 0.491318821907043 
1237	 0.491564154624939 
1238	 0.491758465766907 
1239	 0.491975694894791 
1240	 0.492138266563416 
1241	 0.492291152477264 
1242	 0.492451846599579 
1243	 0.492609113454819 
1244	 0.492733418941498 
1245	 0.492783397436142 
1246	 0.492927938699722 
1247	 0.49311026930809 
1248	 0.493271768093109 
1249	 0.493374913930893 
1250	 0.493437975645065 
1251	 0.493462681770325 
1252	 0.493564456701279 
1253	 0.493825882673264 
1254	 0.494080364704132 
1255	 0.49422162771225 
1256	 0.494329303503037 
1257	 0.49436017870903 
1258	 0.494392037391663 
1259	 0.494485080242157 
1260	 0.494607120752335 
1261	 0.494708567857742 
1262	 0.494858890771866 
1263	 0.495022892951965 
1264	 0.495173901319504 
1265	 0.495252341032028 
1266	 0.495350182056427 
1267	 0.495460450649261 
1268	 0.495494365692139 
1269	 0.495602756738663 
1270	 0.495795518159866 
1271	 0.495839983224869 
1272	 0.495856106281281 
1273	 0.496051877737045 
1274	 0.496161937713623 
1275	 0.496181845664978 
1276	 0.49631479382515 
1277	 0.496380537748337 
1278	 0.496478021144867 
1279	 0.496674865484238 
1280	 0.496767461299896 
1281	 0.496787548065186 
1282	 0.496906042098999 
1283	 0.49709877371788 
1284	 0.497206956148148 
1285	 0.4973184466362 
1286	 0.497407704591751 
1287	 0.497374653816223 
1288	 0.49740543961525 
1289	 0.497461467981339 
1290	 0.49753150343895 
1291	 0.497552752494812 
1292	 0.497615993022919 
1293	 0.497788429260254 
1294	 0.497997403144836 
1295	 0.498162776231766 
1296	 0.498285114765167 
1297	 0.498437345027924 
1298	 0.498555362224579 
1299	 0.498515963554382 
1300	 0.498600035905838 
1301	 0.498733669519424 
1302	 0.498742610216141 
1303	 0.498833745718002 
1304	 0.498898863792419 
1305	 0.498952835798264 
1306	 0.498925924301147 
1307	 0.498961448669434 
1308	 0.499056309461594 
1309	 0.499155908823013 
1310	 0.499222040176392 
1311	 0.499238461256027 
1312	 0.499253749847412 
1313	 0.499323785305023 
1314	 0.49937716126442 
1315	 0.499418824911118 
1316	 0.499434739351273 
1317	 0.499445587396622 
1318	 0.499326765537262 
1319	 0.499225467443466 
1320	 0.499381512403488 
1321	 0.499422550201416 
1322	 0.499280959367752 
1323	 0.49929067492485 
1324	 0.499199062585831 
1325	 0.498983770608902 
1326	 0.499044984579086 
1327	 0.499120324850082 
1328	 0.499049007892609 
1329	 0.499046981334686 
1330	 0.498955696821213 
1331	 0.498722672462463 
1332	 0.498588114976883 
1333	 0.498506635427475 
1334	 0.49843630194664 
1335	 0.498437434434891 
1336	 0.498339742422104 
1337	 0.498175323009491 
1338	 0.498034089803696 
1339	 0.497818917036057 
1340	 0.49773570895195 
1341	 0.497591316699982 
1342	 0.497432947158813 
1343	 0.49729061126709 
1344	 0.497065216302872 
1345	 0.496855527162552 
1346	 0.496751517057419 
1347	 0.496724784374237 
1348	 0.496600240468979 
1349	 0.496333956718445 
1350	 0.496120870113373 
1351	 0.495939254760742 
1352	 0.495679378509521 
1353	 0.495495229959488 
1354	 0.495400667190552 
1355	 0.495138227939606 
1356	 0.49483123421669 
1357	 0.494661867618561 
1358	 0.494426608085632 
1359	 0.494193285703659 
1360	 0.493953406810761 
1361	 0.493780374526978 
1362	 0.493643552064896 
1363	 0.493439555168152 
1364	 0.493214964866638 
1365	 0.493077635765076 
1366	 0.492930889129639 
1367	 0.492794841527939 
1368	 0.492638945579529 
1369	 0.492482155561447 
1370	 0.492337822914124 
1371	 0.492106527090073 
1372	 0.491988956928253 
1373	 0.491932570934296 
1374	 0.491692364215851 
1375	 0.491471976041794 
1376	 0.49124601483345 
1377	 0.490946471691132 
1378	 0.490649223327637 
1379	 0.490312904119492 
1380	 0.49001356959343 
1381	 0.489639341831207 
1382	 0.489156901836395 
1383	 0.488781213760376 
1384	 0.48839071393013 
1385	 0.487915843725204 
1386	 0.487444818019867 
1387	 0.486909002065659 
1388	 0.486459612846375 
1389	 0.486025810241699 
1390	 0.485607653856277 
1391	 0.48528853058815 
1392	 0.484902620315552 
1393	 0.48443865776062 
1394	 0.484009444713593 
1395	 0.483619272708893 
1396	 0.48318937420845 
1397	 0.482672303915024 
1398	 0.482056021690369 
1399	 0.481334179639816 
1400	 0.480606615543365 
1401	 0.479816526174545 
1402	 0.47892501950264 
1403	 0.477974623441696 
1404	 0.476978749036789 
1405	 0.475937306880951 
1406	 0.474823266267776 
1407	 0.47369110584259 
1408	 0.472528278827667 
1409	 0.471288353204727 
1410	 0.470091611146927 
1411	 0.469000250101089 
1412	 0.467855125665665 
1413	 0.466676086187363 
1414	 0.46564131975174 
1415	 0.464583873748779 
1416	 0.46341997385025 
1417	 0.462344884872437 
1418	 0.461403846740723 
1419	 0.460387676954269 
1420	 0.459336072206497 
1421	 0.458412796258926 
1422	 0.457418441772461 
1423	 0.456389099359512 
1424	 0.455400884151459 
1425	 0.454455852508545 
1426	 0.453452289104462 
1427	 0.452402263879776 
1428	 0.451406955718994 
1429	 0.450352251529694 
1430	 0.449227809906006 
1431	 0.448101550340652 
1432	 0.446886420249939 
1433	 0.445563167333603 
1434	 0.44411700963974 
1435	 0.442562609910965 
1436	 0.440998941659927 
1437	 0.439462006092072 
1438	 0.437951773405075 
1439	 0.436527609825134 
1440	 0.435298085212708 
1441	 0.434213250875473 
1442	 0.43323341012001 
1443	 0.432455599308014 
1444	 0.431935846805573 
1445	 0.431594908237457 
1446	 0.431503385305405 
1447	 0.431710958480835 
1448	 0.432135492563248 
1449	 0.43271866440773 
1450	 0.433407932519913 
1451	 0.434208482503891 
1452	 0.435038954019547 
1453	 0.435829341411591 
1454	 0.436707675457001 
1455	 0.437687367200851 
1456	 0.438524335622787 
1457	 0.439274102449417 
1458	 0.440032839775085 
1459	 0.440599381923676 
1460	 0.441065222024918 
1461	 0.441634744405746 
1462	 0.442144900560379 
1463	 0.442450076341629 
1464	 0.442755967378616 
1465	 0.443040668964386 
1466	 0.443319290876389 
1467	 0.44350865483284 
1468	 0.443738788366318 
1469	 0.44401153922081 
1470	 0.444154620170593 
1471	 0.444172441959381 
1472	 0.44427365064621 
1473	 0.444377243518829 
1474	 0.444485366344452 
1475	 0.444506406784058 
1476	 0.44448259472847 
1477	 0.444485813379288 
1478	 0.444379240274429 
1479	 0.444201946258545 
1480	 0.444142997264862 
1481	 0.443972408771515 
1482	 0.443550169467926 
1483	 0.443307459354401 
1484	 0.443166524171829 
1485	 0.442925274372101 
1486	 0.442860007286072 
1487	 0.44282254576683 
1488	 0.442720770835876 
1489	 0.442886054515839 
1490	 0.443219244480133 
1491	 0.4435074031353 
1492	 0.44394439458847 
1493	 0.444398432970047 
1494	 0.44488513469696 
1495	 0.445666521787643 
1496	 0.446518331766129 
1497	 0.447327554225922 
1498	 0.448211550712585 
1499	 0.449042916297913 
1500	 0.449810415506363 
1501	 0.450675874948502 
1502	 0.451541781425476 
1503	 0.452340126037598 
1504	 0.453095823526382 
1505	 0.453754663467407 
1506	 0.454405725002289 
1507	 0.455000340938568 
1508	 0.455511718988419 
1509	 0.456011116504669 
1510	 0.456430524587631 
1511	 0.456823468208313 
1512	 0.457178860902786 
1513	 0.457440137863159 
1514	 0.457713216543198 
1515	 0.457896798849106 
1516	 0.458006978034973 
1517	 0.458155274391174 
1518	 0.458326160907745 
1519	 0.458392024040222 
1520	 0.458422929048538 
1521	 0.458485066890717 
1522	 0.458516180515289 
1523	 0.458489239215851 
1524	 0.45843505859375 
1525	 0.45839735865593 
1526	 0.458347022533417 
1527	 0.458222299814224 
1528	 0.458090990781784 
1529	 0.457966089248657 
1530	 0.457703977823257 
1531	 0.457577675580978 
1532	 0.45753812789917 
1533	 0.457479417324066 
1534	 0.457428574562073 
1535	 0.457468897104263 
1536	 0.457523286342621 
1537	 0.457756757736206 
1538	 0.458067715167999 
1539	 0.458374798297882 
1540	 0.458722442388535 
1541	 0.45910581946373 
1542	 0.459565162658691 
1543	 0.460136473178864 
1544	 0.460736662149429 
1545	 0.461336880922318 
1546	 0.462013214826584 
1547	 0.462706208229065 
1548	 0.463312059640884 
1549	 0.464057058095932 
1550	 0.464822679758072 
1551	 0.465397864580154 
1552	 0.466104120016098 
1553	 0.466805577278137 
1554	 0.467376410961151 
1555	 0.468069463968277 
1556	 0.468728363513947 
1557	 0.469310939311981 
1558	 0.469886749982834 
1559	 0.470394104719162 
1560	 0.470969319343567 
1561	 0.471609473228455 
1562	 0.47219529747963 
1563	 0.472679525613785 
1564	 0.473053932189941 
1565	 0.47346356511116 
1566	 0.473923146724701 
1567	 0.474326252937317 
1568	 0.47465056180954 
1569	 0.474996954202652 
1570	 0.475348263978958 
1571	 0.47565433382988 
1572	 0.476099014282227 
1573	 0.476610422134399 
1574	 0.477014571428299 
1575	 0.477340936660767 
1576	 0.477641075849533 
1577	 0.477934628725052 
1578	 0.478225618600845 
1579	 0.478594422340393 
1580	 0.479030162096024 
1581	 0.479371815919876 
1582	 0.47964996099472 
1583	 0.479999959468842 
1584	 0.480315268039703 
1585	 0.48057222366333 
1586	 0.480840563774109 
1587	 0.481072932481766 
1588	 0.481382638216019 
1589	 0.481825679540634 
1590	 0.48228719830513 
1591	 0.482703775167465 
1592	 0.483101695775986 
1593	 0.483511716127396 
1594	 0.483902096748352 
1595	 0.48436251282692 
1596	 0.484856575727463 
1597	 0.485180824995041 
1598	 0.485490381717682 
1599	 0.485914081335068 
1600	 0.486342638731003 
1601	 0.486829489469528 
1602	 0.487359583377838 
1603	 0.487858891487122 
1604	 0.48824143409729 
1605	 0.488563448190689 
1606	 0.48899918794632 
1607	 0.489392399787903 
1608	 0.489808171987534 
1609	 0.490291923284531 
1610	 0.490664809942245 
1611	 0.491014301776886 
1612	 0.491329967975616 
1613	 0.49165678024292 
1614	 0.492084890604019 
1615	 0.492449551820755 
1616	 0.492759168148041 
1617	 0.493141174316406 
1618	 0.493531197309494 
1619	 0.493834346532822 
1620	 0.49411740899086 
1621	 0.494407653808594 
1622	 0.494718343019485 
1623	 0.495006531476974 
1624	 0.495256632566452 
1625	 0.495620936155319 
1626	 0.495933800935745 
1627	 0.49612358212471 
1628	 0.496399581432343 
1629	 0.496659576892853 
1630	 0.496901720762253 
1631	 0.497218728065491 
1632	 0.497567236423492 
1633	 0.497927695512772 
1634	 0.498168468475342 
1635	 0.498288303613663 
1636	 0.498458027839661 
1637	 0.498683452606201 
1638	 0.498973220586777 
1639	 0.499261289834976 
1640	 0.499431908130646 
1641	 0.499512732028961 
1642	 0.499519526958466 
1643	 0.499599933624268 
1644	 0.499933660030365 
1645	 0.500253736972809 
1646	 0.500452995300293 
1647	 0.500696957111359 
1648	 0.500769019126892 
1649	 0.500744044780731 
1650	 0.500873446464539 
1651	 0.500987470149994 
1652	 0.501184403896332 
1653	 0.501351594924927 
1654	 0.501338005065918 
1655	 0.501455426216125 
1656	 0.501589119434357 
1657	 0.501696407794952 
1658	 0.501913011074066 
1659	 0.502109885215759 
1660	 0.502121448516846 
1661	 0.502113044261932 
1662	 0.502239644527435 
1663	 0.502364277839661 
1664	 0.50235903263092 
1665	 0.502382159233093 
1666	 0.502524614334106 
1667	 0.502521812915802 
1668	 0.502537608146667 
1669	 0.502674221992493 
1670	 0.502656221389771 
1671	 0.502613306045532 
1672	 0.502665400505066 
1673	 0.502712070941925 
1674	 0.502653539180756 
1675	 0.502539813518524 
1676	 0.502486288547516 
1677	 0.502455711364746 
1678	 0.502450883388519 
1679	 0.502453804016113 
1680	 0.502519905567169 
1681	 0.502470970153809 
1682	 0.502230703830719 
1683	 0.502176284790039 
1684	 0.502291738986969 
1685	 0.502172529697418 
1686	 0.502029359340668 
1687	 0.501873195171356 
1688	 0.501413583755493 
1689	 0.50119948387146 
1690	 0.50130558013916 
1691	 0.501182734966278 
1692	 0.501031756401062 
1693	 0.500822603702545 
1694	 0.500486075878143 
1695	 0.50015789270401 
1696	 0.499812096357346 
1697	 0.499449253082275 
1698	 0.499000936746597 
1699	 0.498638212680817 
1700	 0.498288214206696 
1701	 0.497953683137894 
1702	 0.497734159231186 
1703	 0.49740082025528 
1704	 0.497036427259445 
1705	 0.496672093868256 
1706	 0.49620857834816 
1707	 0.495793223381042 
1708	 0.495452255010605 
1709	 0.494996249675751 
1710	 0.494506061077118 
1711	 0.493966817855835 
1712	 0.493382155895233 
1713	 0.492702007293701 
1714	 0.491956263780594 
1715	 0.491216480731964 
1716	 0.49038353562355 
1717	 0.489605963230133 
1718	 0.488877505064011 
1719	 0.488097459077835 
1720	 0.487230271100998 
1721	 0.48654568195343 
1722	 0.48599562048912 
1723	 0.485264003276825 
1724	 0.484616219997406 
1725	 0.483740121126175 
1726	 0.482582271099091 
1727	 0.481689423322678 
1728	 0.480814278125763 
1729	 0.480006724596024 
1730	 0.479345262050629 
1731	 0.478480935096741 
1732	 0.477665215730667 
1733	 0.476896435022354 
1734	 0.476033955812454 
1735	 0.475132912397385 
1736	 0.474361002445221 
1737	 0.473581880331039 
1738	 0.472881197929382 
1739	 0.472394943237305 
1740	 0.47182297706604 
1741	 0.471139371395111 
1742	 0.470610469579697 
1743	 0.470156192779541 
1744	 0.469737827777863 
1745	 0.469433128833771 
1746	 0.469145804643631 
1747	 0.468719094991684 
1748	 0.468605607748032 
1749	 0.468790978193283 
1750	 0.468861967325211 
1751	 0.469186037778854 
1752	 0.46928471326828 
1753	 0.469030320644379 
1754	 0.469123065471649 
1755	 0.469375103712082 
1756	 0.469553738832474 
1757	 0.469924867153168 
1758	 0.470150768756866 
1759	 0.470131278038025 
1760	 0.470365703105927 
1761	 0.47082731127739 
1762	 0.471037268638611 
1763	 0.471224874258041 
1764	 0.471398949623108 
1765	 0.471369296312332 
1766	 0.471500426530838 
1767	 0.471806108951569 
1768	 0.471922874450684 
1769	 0.471927732229233 
1770	 0.472045719623566 
1771	 0.472147554159164 
1772	 0.472229808568954 
1773	 0.472381144762039 
1774	 0.472584366798401 
1775	 0.472648471593857 
1776	 0.472819983959198 
1777	 0.473034918308258 
1778	 0.473201960325241 
1779	 0.473429054021835 
1780	 0.473924875259399 
1781	 0.474267572164536 
1782	 0.474536389112473 
1783	 0.474872976541519 
1784	 0.475147694349289 
1785	 0.475478917360306 
1786	 0.47585317492485 
1787	 0.476321518421173 
1788	 0.476873874664307 
1789	 0.477378696203232 
1790	 0.478091567754745 
1791	 0.478534191846848 
1792	 0.478735893964767 
1793	 0.479011088609695 
1794	 0.479092746973038 
1795	 0.479375600814819 
1796	 0.479842156171799 
1797	 0.480169057846069 
1798	 0.480521559715271 
1799	 0.480825424194336 
1800	 0.48101669549942 
1801	 0.481264680624008 
1802	 0.481514275074005 
1803	 0.481808632612228 
1804	 0.482123225927353 
1805	 0.482424885034561 
1806	 0.482770204544067 
1807	 0.482925266027451 
1808	 0.483070969581604 
1809	 0.483269542455673 
1810	 0.483411312103271 
1811	 0.483549952507019 
1812	 0.483610272407532 
1813	 0.483490526676178 
1814	 0.483370453119278 
1815	 0.483346730470657 
1816	 0.483296245336533 
1817	 0.483382076025009 
1818	 0.483516842126846 
1819	 0.483736991882324 
1820	 0.48395299911499 
1821	 0.484281688928604 
1822	 0.48441469669342 
1823	 0.484519153833389 
1824	 0.484463304281235 
1825	 0.484081089496613 
1826	 0.483950525522232 
1827	 0.483853369951248 
1828	 0.483776479959488 
1829	 0.483950555324554 
1830	 0.483836501836777 
1831	 0.484330236911774 
1832	 0.484194666147232 
1833	 0.483735740184784 
1834	 0.483554184436798 
1835	 0.483552634716034 
1836	 0.483493059873581 
1837	 0.483452528715134 
1838	 0.483422160148621 
1839	 0.483465880155563 
1840	 0.483483493328094 
1841	 0.483517318964005 
1842	 0.483265072107315 
1843	 0.482920348644257 
1844	 0.482272386550903 
1845	 0.481947302818298 
1846	 0.481653898954391 
1847	 0.48137828707695 
1848	 0.481271505355835 
1849	 0.480977207422256 
1850	 0.480572253465652 
1851	 0.48015159368515 
1852	 0.479728072881699 
1853	 0.479275017976761 
1854	 0.478470116853714 
1855	 0.477131336927414 
1856	 0.476273149251938 
1857	 0.475441724061966 
1858	 0.474552273750305 
1859	 0.473838090896606 
1860	 0.473139256238937 
1861	 0.472169905900955 
1862	 0.470991373062134 
1863	 0.469853520393372 
1864	 0.468798071146011 
1865	 0.46751469373703 
1866	 0.466116905212402 
1867	 0.464539587497711 
1868	 0.462894231081009 
1869	 0.461275607347488 
1870	 0.459915280342102 
1871	 0.458360403776169 
1872	 0.456606149673462 
1873	 0.454969614744186 
1874	 0.453168570995331 
1875	 0.451000034809113 
1876	 0.449035853147507 
1877	 0.447261482477188 
1878	 0.445268750190735 
1879	 0.443053513765335 
1880	 0.441084623336792 
1881	 0.438795447349548 
1882	 0.436254560947418 
1883	 0.433737367391586 
1884	 0.431131035089493 
1885	 0.428669571876526 
1886	 0.426345437765121 
1887	 0.423962980508804 
1888	 0.421367645263672 
1889	 0.418752193450928 
1890	 0.415936499834061 
1891	 0.413040071725845 
1892	 0.410219997167587 
1893	 0.407177776098251 
1894	 0.403825998306274 
1895	 0.400429517030716 
1896	 0.397357851266861 
1897	 0.394397348165512 
1898	 0.391594171524048 
1899	 0.388841420412064 
1900	 0.385956317186356 
1901	 0.382716327905655 
1902	 0.379615783691406 
1903	 0.376686900854111 
1904	 0.373609691858292 
1905	 0.370606273412704 
1906	 0.367864429950714 
1907	 0.365164518356323 
1908	 0.362512856721878 
1909	 0.360006898641586 
1910	 0.357645720243454 
1911	 0.355026751756668 
1912	 0.352385401725769 
1913	 0.35019925236702 
1914	 0.347989827394485 
1915	 0.345611363649368 
1916	 0.343489229679108 
1917	 0.341463267803192 
1918	 0.339530408382416 
1919	 0.337789863348007 
1920	 0.336240977048874 
1921	 0.33446016907692 
1922	 0.332620054483414 
1923	 0.330711990594864 
1924	 0.328652381896973 
1925	 0.326874852180481 
1926	 0.325326204299927 
1927	 0.32392019033432 
1928	 0.322913557291031 
1929	 0.321684569120407 
1930	 0.320495456457138 
1931	 0.31903076171875 
1932	 0.317808002233505 
1933	 0.316680341959 
1934	 0.315689593553543 
1935	 0.314867854118347 
1936	 0.314025461673737 
1937	 0.313405215740204 
1938	 0.313018262386322 
1939	 0.312871247529984 
1940	 0.312820553779602 
1941	 0.313011109828949 
1942	 0.313038051128387 
1943	 0.313229113817215 
1944	 0.313619792461395 
1945	 0.314168095588684 
1946	 0.314990401268005 
1947	 0.315752238035202 
1948	 0.316587686538696 
1949	 0.31767338514328 
1950	 0.318654596805573 
1951	 0.319884926080704 
1952	 0.3212029337883 
1953	 0.322714596986771 
1954	 0.324064195156097 
1955	 0.32565501332283 
1956	 0.327265590429306 
1957	 0.328716725111008 
1958	 0.330297887325287 
1959	 0.331635296344757 
1960	 0.332680553197861 
1961	 0.333889901638031 
1962	 0.334894627332687 
1963	 0.335797816514969 
1964	 0.336773544549942 
1965	 0.337536752223969 
1966	 0.338064163923264 
1967	 0.338639438152313 
1968	 0.339240878820419 
1969	 0.339688420295715 
1970	 0.340398669242859 
1971	 0.341223180294037 
1972	 0.34170863032341 
1973	 0.342395961284637 
1974	 0.343287110328674 
1975	 0.343635529279709 
1976	 0.344189345836639 
1977	 0.344793975353241 
1978	 0.345796883106232 
1979	 0.346643656492233 
1980	 0.347671627998352 
1981	 0.348924070596695 
1982	 0.350003898143768 
1983	 0.35097336769104 
1984	 0.352173298597336 
1985	 0.353535026311874 
1986	 0.354672938585281 
1987	 0.355976581573486 
1988	 0.357697397470474 
1989	 0.359464466571808 
1990	 0.361392706632614 
1991	 0.363521218299866 
1992	 0.365818619728088 
1993	 0.368135392665863 
1994	 0.370610266923904 
1995	 0.37309068441391 
1996	 0.375372380018234 
1997	 0.377708613872528 
1998	 0.380296975374222 
1999	 0.382965385913849 
2000	 0.385482251644135 
2001	 0.388043761253357 
2002	 0.390304237604141 
2003	 0.392215877771378 
2004	 0.393933326005936 
2005	 0.396015197038651 
2006	 0.397741585969925 
2007	 0.399125725030899 
2008	 0.400703847408295 
2009	 0.402263343334198 
2010	 0.403772592544556 
2011	 0.405067086219788 
2012	 0.406300812959671 
2013	 0.407392531633377 
2014	 0.408139556646347 
2015	 0.408976048231125 
2016	 0.409946471452713 
2017	 0.410698920488358 
2018	 0.411278158426285 
2019	 0.4118732213974 
2020	 0.412394553422928 
2021	 0.412734985351563 
2022	 0.413046270608902 
2023	 0.413404673337936 
2024	 0.413839906454086 
2025	 0.414136946201324 
2026	 0.414264500141144 
2027	 0.414391815662384 
2028	 0.414548188447952 
2029	 0.414587020874023 
2030	 0.414764881134033 
2031	 0.415095508098602 
2032	 0.415256768465042 
2033	 0.415419608354568 
2034	 0.415398418903351 
2035	 0.415392726659775 
2036	 0.415375143289566 
2037	 0.415238052606583 
2038	 0.4152652323246 
2039	 0.415209710597992 
2040	 0.414899617433548 
2041	 0.414574503898621 
2042	 0.414061218500137 
2043	 0.413725554943085 
2044	 0.413644701242447 
2045	 0.41334393620491 
2046	 0.41302764415741 
2047	 0.412575155496597 
2048	 0.412083953619003 
2049	 0.411442369222641 
2050	 0.410911083221436 
2051	 0.410541385412216 
2052	 0.41003355383873 
2053	 0.409501373767853 
2054	 0.409200370311737 
2055	 0.408811092376709 
2056	 0.408407777547836 
2057	 0.408044725656509 
2058	 0.407610058784485 
2059	 0.40699115395546 
2060	 0.406457632780075 
2061	 0.405936390161514 
2062	 0.405537724494934 
2063	 0.404958635568619 
2064	 0.404344469308853 
2065	 0.403899729251862 
2066	 0.403389751911163 
2067	 0.402869880199432 
2068	 0.40265753865242 
2069	 0.402313321828842 
2070	 0.401813089847565 
2071	 0.401525259017944 
2072	 0.401063233613968 
2073	 0.400452554225922 
2074	 0.399584144353867 
2075	 0.399070501327515 
2076	 0.398481577634811 
2077	 0.398223519325256 
2078	 0.398021757602692 
2079	 0.39770644903183 
2080	 0.39726710319519 
2081	 0.396234810352325 
2082	 0.395667761564255 
2083	 0.395610213279724 
2084	 0.395065605640411 
2085	 0.394749343395233 
2086	 0.394461154937744 
2087	 0.393598735332489 
2088	 0.393066674470901 
2089	 0.392817765474319 
2090	 0.39233261346817 
2091	 0.391706228256226 
2092	 0.391253471374512 
2093	 0.390854269266129 
2094	 0.390297144651413 
2095	 0.389822214841843 
2096	 0.389306157827377 
2097	 0.388795852661133 
2098	 0.388244718313217 
2099	 0.387660026550293 
2100	 0.387288510799408 
2101	 0.386843502521515 
2102	 0.386220932006836 
2103	 0.385731935501099 
2104	 0.385291159152985 
2105	 0.384866088628769 
2106	 0.384626269340515 
2107	 0.384189158678055 
2108	 0.383573204278946 
2109	 0.383195787668228 
2110	 0.382855325937271 
2111	 0.382461398839951 
2112	 0.382264375686646 
2113	 0.382105559110641 
2114	 0.381733000278473 
2115	 0.381417959928513 
2116	 0.381084263324738 
2117	 0.380547851324081 
2118	 0.380193799734116 
2119	 0.380028933286667 
2120	 0.379859507083893 
2121	 0.37982389330864 
2122	 0.379689574241638 
2123	 0.37935683131218 
2124	 0.379115879535675 
2125	 0.378905117511749 
2126	 0.37867134809494 
2127	 0.378471404314041 
2128	 0.378242880105972 
2129	 0.377967029809952 
2130	 0.37762239575386 
2131	 0.377358585596085 
2132	 0.377292335033417 
2133	 0.377356827259064 
2134	 0.377435743808746 
2135	 0.37757021188736 
2136	 0.377500057220459 
2137	 0.377233892679214 
2138	 0.377185016870499 
2139	 0.377185493707657 
2140	 0.377128303050995 
2141	 0.377055823802948 
2142	 0.377083480358124 
2143	 0.376915276050568 
2144	 0.376572012901306 
2145	 0.376335889101028 
2146	 0.37603884935379 
2147	 0.375705897808075 
2148	 0.375335544347763 
2149	 0.375137805938721 
2150	 0.374740689992905 
2151	 0.37436830997467 
2152	 0.374223828315735 
2153	 0.374021410942078 
2154	 0.373676896095276 
2155	 0.373411029577255 
2156	 0.373160779476166 
2157	 0.372790992259979 
2158	 0.372257113456726 
2159	 0.37185725569725 
2160	 0.371533215045929 
2161	 0.371159076690674 
2162	 0.371018141508102 
2163	 0.371283352375031 
2164	 0.371298909187317 
2165	 0.371378630399704 
2166	 0.371230483055115 
2167	 0.37084424495697 
2168	 0.370519995689392 
2169	 0.370055049657822 
2170	 0.369723975658417 
2171	 0.369201302528381 
2172	 0.36902379989624 
2173	 0.369267106056213 
2174	 0.369005262851715 
2175	 0.368973076343536 
2176	 0.369103699922562 
2177	 0.368918657302856 
2178	 0.368939846754074 
2179	 0.368961870670319 
2180	 0.369015902280808 
2181	 0.368738025426865 
2182	 0.368267357349396 
2183	 0.36812949180603 
2184	 0.368116647005081 
2185	 0.367884129285812 
2186	 0.367699593305588 
2187	 0.367468595504761 
2188	 0.367000341415405 
2189	 0.366514205932617 
2190	 0.366202503442764 
2191	 0.365858525037766 
2192	 0.365440636873245 
2193	 0.364840656518936 
2194	 0.364243239164352 
2195	 0.363452047109604 
2196	 0.362779647111893 
2197	 0.362284660339355 
2198	 0.362026065587997 
2199	 0.361840486526489 
2200	 0.361453354358673 
2201	 0.360943764448166 
2202	 0.360590875148773 
2203	 0.360673546791077 
2204	 0.360425680875778 
2205	 0.359727799892426 
2206	 0.359296232461929 
2207	 0.358722805976868 
2208	 0.358197838068008 
2209	 0.358204782009125 
2210	 0.358040750026703 
2211	 0.357760936021805 
2212	 0.357544898986816 
2213	 0.357423305511475 
2214	 0.357305228710175 
2215	 0.357221126556396 
2216	 0.357176780700684 
2217	 0.357189357280731 
2218	 0.357090532779694 
2219	 0.357233911752701 
2220	 0.357730090618134 
2221	 0.358046561479568 
2222	 0.358446508646011 
2223	 0.358984440565109 
2224	 0.359396576881409 
2225	 0.360042273998261 
2226	 0.361055105924606 
2227	 0.361801028251648 
2228	 0.361928045749664 
2229	 0.361682176589966 
2230	 0.361696541309357 
2231	 0.362046718597412 
2232	 0.362235963344574 
2233	 0.362459778785706 
2234	 0.362570762634277 
2235	 0.362191259860992 
2236	 0.362086057662964 
2237	 0.362049072980881 
2238	 0.362280964851379 
2239	 0.361943364143372 
2240	 0.361231684684753 
2241	 0.361003458499908 
2242	 0.36094269156456 
2243	 0.36055126786232 
2244	 0.360299557447433 
2245	 0.359759986400604 
2246	 0.358599185943604 
2247	 0.357875615358353 
2248	 0.357779651880264 
2249	 0.357682347297668 
2250	 0.357372790575027 
2251	 0.356675952672958 
2252	 0.355665475130081 
2253	 0.35470911860466 
2254	 0.353928536176682 
2255	 0.3532654941082 
2256	 0.35283350944519 
2257	 0.352292031049728 
2258	 0.351470440626144 
2259	 0.350447475910187 
2260	 0.349534243345261 
2261	 0.348924458026886 
2262	 0.348329573869705 
2263	 0.348253786563873 
2264	 0.348220616579056 
2265	 0.347623288631439 
2266	 0.347059309482574 
2267	 0.346608459949493 
2268	 0.345988988876343 
2269	 0.345252990722656 
2270	 0.345186442136765 
2271	 0.345426350831985 
2272	 0.345510423183441 
2273	 0.345907390117645 
2274	 0.345924556255341 
2275	 0.345378160476685 
2276	 0.345465272665024 
2277	 0.345694661140442 
2278	 0.345889091491699 
2279	 0.346494257450104 
2280	 0.346968799829483 
2281	 0.347317039966583 
2282	 0.347531914710999 
2283	 0.347883343696594 
2284	 0.34841176867485 
2285	 0.348632723093033 
2286	 0.348839610815048 
2287	 0.349315017461777 
2288	 0.34968164563179 
2289	 0.349857360124588 
2290	 0.350040435791016 
2291	 0.350168585777283 
2292	 0.35026016831398 
2293	 0.350518792867661 
2294	 0.350620061159134 
2295	 0.350713729858398 
2296	 0.350570827722549 
2297	 0.350121080875397 
2298	 0.349929124116898 
2299	 0.349402844905853 
2300	 0.348876953125 
2301	 0.348751217126846 
2302	 0.348418980836868 
2303	 0.34785208106041 
2304	 0.347591668367386 
2305	 0.347564518451691 
2306	 0.347217351198196 
2307	 0.346724390983582 
2308	 0.346161961555481 
2309	 0.34507355093956 
2310	 0.343855351209641 
2311	 0.343376219272614 
2312	 0.342930912971497 
2313	 0.341952949762344 
2314	 0.341383755207062 
2315	 0.340876191854477 
2316	 0.339999288320541 
2317	 0.339633643627167 
2318	 0.339436173439026 
2319	 0.339008837938309 
2320	 0.33884271979332 
2321	 0.338789433240891 
2322	 0.33821439743042 
2323	 0.337423115968704 
2324	 0.335983842611313 
2325	 0.335447281599045 
2326	 0.335094511508942 
2327	 0.334789365530014 
2328	 0.335419774055481 
2329	 0.335389703512192 
2330	 0.334881365299225 
2331	 0.334497302770615 
2332	 0.334399729967117 
2333	 0.334012359380722 
2334	 0.3332559466362 
2335	 0.33236837387085 
2336	 0.331849455833435 
2337	 0.331840544939041 
2338	 0.33191779255867 
2339	 0.331786036491394 
2340	 0.33150327205658 
2341	 0.331333816051483 
2342	 0.331248968839645 
2343	 0.331495761871338 
2344	 0.332024335861206 
2345	 0.331215590238571 
2346	 0.330100059509277 
2347	 0.329995334148407 
2348	 0.329082757234573 
2349	 0.327813267707825 
2350	 0.32754248380661 
2351	 0.326874852180481 
2352	 0.326210021972656 
2353	 0.326629966497421 
2354	 0.326479464769363 
2355	 0.325966686010361 
2356	 0.325967341661453 
2357	 0.326146513223648 
2358	 0.326105237007141 
2359	 0.325235575437546 
2360	 0.325158566236496 
2361	 0.324882805347443 
2362	 0.323470503091812 
2363	 0.323412299156189 
2364	 0.323011457920074 
2365	 0.321993559598923 
2366	 0.322086662054062 
2367	 0.321420222520828 
2368	 0.320262402296066 
2369	 0.319345772266388 
2370	 0.31860089302063 
2371	 0.318776696920395 
2372	 0.318481087684631 
2373	 0.317716836929321 
2374	 0.316976606845856 
2375	 0.315561175346375 
2376	 0.314915269613266 
2377	 0.314528554677963 
2378	 0.31363707780838 
2379	 0.313290506601334 
2380	 0.312369525432587 
2381	 0.310766935348511 
2382	 0.30936324596405 
2383	 0.308709979057312 
2384	 0.308950573205948 
2385	 0.308538496494293 
2386	 0.307530909776688 
2387	 0.30668705701828 
2388	 0.304660856723785 
2389	 0.302728116512299 
2390	 0.302440762519836 
2391	 0.30043813586235 
2392	 0.298473685979843 
2393	 0.29857349395752 
2394	 0.29711177945137 
2395	 0.296366363763809 
2396	 0.296636670827866 
2397	 0.295210033655167 
2398	 0.294624626636505 
2399	 0.295010805130005 
2400	 0.294209420681 
2401	 0.292564183473587 
2402	 0.290917962789536 
2403	 0.288400709629059 
2404	 0.286290973424912 
2405	 0.285308688879013 
2406	 0.284173488616943 
2407	 0.284498780965805 
2408	 0.28446152806282 
2409	 0.283274382352829 
2410	 0.28336364030838 
2411	 0.282634109258652 
2412	 0.280485868453979 
2413	 0.279334872961044 
2414	 0.278984844684601 
2415	 0.278026103973389 
2416	 0.276549130678177 
2417	 0.275479584932327 
2418	 0.275398850440979 
2419	 0.274029821157455 
2420	 0.273525238037109 
2421	 0.274897247552872 
2422	 0.273482322692871 
2423	 0.273882567882538 
2424	 0.27540123462677 
2425	 0.274338513612747 
2426	 0.274315148591995 
2427	 0.273745179176331 
2428	 0.272327452898026 
2429	 0.270331144332886 
2430	 0.2681023478508 
2431	 0.266879349946976 
2432	 0.265546530485153 
2433	 0.266431003808975 
2434	 0.268102586269379 
2435	 0.266954153776169 
2436	 0.265310138463974 
2437	 0.262923866510391 
2438	 0.260190457105637 
2439	 0.260069489479065 
2440	 0.260202586650848 
2441	 0.258858054876328 
2442	 0.25809833407402 
2443	 0.258084386587143 
2444	 0.25684717297554 
2445	 0.256318688392639 
2446	 0.256957322359085 
2447	 0.255960077047348 
2448	 0.255783498287201 
2449	 0.257181704044342 
2450	 0.256881922483444 
2451	 0.254719793796539 
2452	 0.251615136861801 
2453	 0.247950673103333 
2454	 0.246643155813217 
2455	 0.247378095984459 
2456	 0.247455716133118 
2457	 0.247242525219917 
2458	 0.245010256767273 
2459	 0.24274268746376 
2460	 0.242346331477165 
2461	 0.244939982891083 
2462	 0.245321184396744 
2463	 0.243955597281456 
2464	 0.243156030774117 
2465	 0.242033079266548 
2466	 0.241201147437096 
2467	 0.240767300128937 
2468	 0.240581721067429 
2469	 0.240760132670403 
2470	 0.239326819777489 
2471	 0.237404480576515 
2472	 0.236532747745514 
2473	 0.234770074486732 
2474	 0.233161494135857 
2475	 0.232489854097366 
2476	 0.23117271065712 
2477	 0.228519007563591 
2478	 0.230065628886223 
2479	 0.230437979102135 
2480	 0.230827033519745 
2481	 0.232938557863235 
2482	 0.232002258300781 
2483	 0.23134733736515 
2484	 0.23286172747612 
2485	 0.230282887816429 
2486	 0.226409569382668 
2487	 0.226433873176575 
2488	 0.227960512042046 
2489	 0.230392619967461 
2490	 0.234366595745087 
2491	 0.235013738274574 
2492	 0.232530683279037 
2493	 0.231331676244736 
2494	 0.229329377412796 
2495	 0.226863384246826 
2496	 0.226804152131081 
2497	 0.226157829165459 
2498	 0.224657014012337 
2499	 0.22469137609005 
2500	 0.227464601397514 
