0.9756
0.9759
0.9761
0.9764
0.9766
0.9768
0.9771
0.9774
0.9776
0.9779
0.9782
0.9784
0.9786
0.9789
0.9791
0.9793
0.9795
0.9797
0.9799
0.9801
0.9803
0.9805
0.9807
0.9809
0.9810
0.9812
0.9813
0.9814
0.9815
0.9816
0.9817
0.9819
0.9820
0.9822
0.9823
0.9825
0.9826
0.9827
0.9828
0.9829
0.9831
0.9832
0.9833
0.9835
0.9836
0.9837
0.9838
0.9839
0.9840
0.9842
0.9843
0.9844
0.9845
0.9845
0.9846
0.9847
0.9848
0.9849
0.9850
0.9851
0.9852
0.9852
0.9853
0.9854
0.9855
0.9856
0.9857
0.9857
0.9858
0.9859
0.9860
0.9860
0.9861
0.9862
0.9863
0.9863
0.9864
0.9864
0.9865
0.9866
0.9866
0.9867
0.9868
0.9869
0.9870
0.9871
0.9871
0.9872
0.9872
0.9873
0.9873
0.9874
0.9874
0.9875
0.9876
0.9876
0.9877
0.9877
0.9878
0.9878
0.9879
0.9879
0.9879
0.9879
0.9879
0.9880
0.9880
0.9880
0.9881
0.9881
0.9881
0.9881
0.9882
0.9882
0.9882
0.9883
0.9883
0.9883
0.9883
0.9883
0.9883
0.9883
0.9883
0.9884
0.9884
0.9884
0.9884
0.9885
0.9885
0.9885
0.9886
0.9886
0.9887
0.9887
0.9887
0.9888
0.9889
0.9889
0.9890
0.9891
0.9892
0.9892
0.9893
0.9894
0.9894
0.9895
0.9896
0.9897
0.9897
0.9898
0.9899
0.9899
0.9900
0.9900
0.9901
0.9901
0.9901
0.9902
0.9902
0.9902
0.9903
0.9903
0.9903
0.9904
0.9904
0.9904
0.9904
0.9904
0.9904
0.9905
0.9905
0.9905
0.9905
0.9906
0.9906
0.9906
0.9906
0.9906
0.9907
0.9907
0.9907
0.9907
0.9907
0.9907
0.9907
0.9908
0.9908
0.9908
0.9909
0.9909
0.9909
0.9909
0.9908
0.9908
0.9908
0.9907
0.9907
0.9907
0.9907
0.9907
0.9907
0.9907
0.9907
0.9906
0.9906
0.9906
0.9906
0.9906
0.9906
0.9907
0.9907
0.9907
0.9907
0.9908
0.9908
0.9908
0.9908
0.9909
0.9909
0.9910
0.9910
0.9910
0.9911
0.9911
0.9912
0.9912
0.9912
0.9913
0.9913
0.9914
0.9914
0.9914
0.9914
0.9915
0.9915
0.9915
0.9915
0.9916
0.9916
0.9916
0.9917
0.9917
0.9917
0.9917
0.9917
0.9917
0.9917
0.9917
0.9918
0.9918
0.9918
0.9918
0.9918
0.9918
0.9917
0.9917
0.9917
0.9917
0.9917
0.9917
0.9917
0.9917
0.9917
0.9917
0.9917
0.9917
0.9917
0.9917
0.9917
0.9917
0.9916
0.9917
0.9917
0.9917
0.9917
0.9917
0.9917
0.9917
0.9917
0.9917
0.9917
0.9917
0.9917
0.9917
0.9917
0.9917
0.9917
0.9917
0.9917
0.9917
0.9917
0.9917
0.9917
0.9918
0.9918
0.9918
0.9918
0.9918
0.9919
0.9919
0.9919
0.9919
0.9920
0.9920
0.9920
0.9921
0.9921
0.9922
0.9922
0.9922
0.9923
0.9923
0.9924
0.9924
0.9924
0.9925
0.9925
0.9925
0.9925
0.9925
0.9926
0.9926
0.9926
0.9926
0.9927
0.9927
0.9927
0.9927
0.9927
0.9927
0.9927
0.9927
0.9927
0.9927
0.9927
0.9928
0.9928
0.9928
0.9928
0.9928
0.9928
0.9928
0.9928
0.9928
0.9928
0.9928
0.9928
0.9928
0.9928
0.9928
0.9929
0.9929
0.9929
0.9929
0.9929
0.9929
0.9929
0.9929
0.9929
0.9929
0.9929
0.9930
0.9930
0.9930
0.9930
0.9930
0.9930
0.9930
0.9930
0.9930
0.9931
0.9930
0.9930
0.9930
0.9930
0.9930
0.9930
0.9930
0.9930
0.9930
0.9930
0.9930
0.9930
0.9929
0.9929
0.9929
0.9929
0.9929
0.9929
0.9928
0.9928
0.9929
0.9929
0.9929
0.9930
0.9930
0.9930
0.9930
0.9930
0.9931
0.9931
0.9930
0.9930
0.9930
0.9929
0.9929
0.9929
0.9929
0.9929
0.9929
0.9929
0.9929
0.9929
0.9928
0.9928
0.9928
0.9928
0.9928
0.9927
0.9927
0.9927
0.9927
0.9927
0.9927
0.9927
0.9927
0.9927
0.9927
0.9927
0.9927
0.9927
0.9927
0.9927
0.9927
0.9927
0.9928
0.9928
0.9928
0.9928
0.9928
0.9928
0.9928
0.9928
0.9928
0.9928
0.9928
0.9928
0.9928
0.9928
0.9928
0.9928
0.9928
0.9928
0.9928
0.9928
0.9928
0.9929
0.9929
0.9929
0.9930
0.9930
0.9930
0.9930
0.9930
0.9929
0.9929
0.9929
0.9929
0.9930
0.9930
0.9930
0.9930
0.9930
0.9930
0.9931
0.9931
0.9931
0.9932
0.9932
0.9932
0.9932
0.9933
0.9933
0.9933
0.9933
0.9933
0.9934
0.9934
0.9935
0.9935
0.9935
0.9936
0.9936
0.9937
0.9937
0.9937
0.9938
0.9938
0.9938
0.9938
0.9938
0.9938
0.9938
0.9938
0.9939
0.9939
0.9939
0.9939
0.9939
0.9939
0.9939
0.9939
0.9939
0.9939
0.9939
0.9939
0.9939
0.9940
0.9940
0.9940
0.9941
0.9941
0.9941
0.9941
0.9941
0.9941
0.9940
0.9940
0.9940
0.9939
0.9939
0.9939
0.9939
0.9939
0.9938
0.9938
0.9938
0.9938
0.9938
0.9938
0.9938
0.9937
0.9937
0.9937
0.9936
0.9936
0.9936
0.9935
0.9935
0.9935
0.9935
0.9935
0.9935
0.9935
0.9934
0.9934
0.9934
0.9934
0.9934
0.9933
0.9933
0.9933
0.9932
0.9932
0.9932
0.9931
0.9931
0.9931
0.9931
0.9931
0.9931
0.9931
0.9931
0.9930
0.9930
0.9930
0.9930
0.9930
0.9930
0.9929
0.9929
0.9929
0.9929
0.9929
0.9929
0.9929
0.9929
0.9929
0.9928
0.9928
0.9928
0.9928
0.9928
0.9928
0.9928
0.9928
0.9927
0.9927
0.9927
0.9927
0.9927
0.9927
0.9926
0.9926
0.9926
0.9926
0.9926
0.9926
0.9925
0.9925
0.9925
0.9925
0.9925
0.9925
0.9925
0.9925
0.9925
0.9925
0.9925
0.9925
0.9925
0.9924
0.9924
0.9923
0.9923
0.9923
0.9922
0.9922
0.9922
0.9922
0.9921
0.9921
0.9921
0.9921
0.9920
0.9920
0.9920
0.9920
0.9920
0.9920
0.9919
0.9919
0.9919
0.9918
0.9918
0.9918
0.9917
0.9917
0.9917
0.9917
0.9916
0.9916
0.9916
0.9916
0.9915
0.9915
0.9915
0.9915
0.9914
0.9914
0.9914
0.9914
0.9914
0.9914
0.9913
0.9913
0.9913
0.9913
0.9913
0.9913
0.9912
0.9912
0.9912
0.9912
0.9912
0.9912
0.9912
0.9912
0.9912
0.9912
0.9912
0.9911
0.9911
0.9911
0.9910
0.9910
0.9910
0.9910
0.9910
0.9909
0.9909
0.9909
0.9909
0.9909
0.9909
0.9909
0.9909
0.9910
0.9910
0.9910
0.9910
0.9910
0.9910
0.9909
0.9909
0.9909
0.9909
0.9909
0.9909
0.9909
0.9909
0.9908
0.9908
0.9908
0.9908
0.9908
0.9908
0.9908
0.9908
0.9908
0.9908
0.9908
0.9908
0.9908
0.9908
0.9908
0.9908
0.9908
0.9908
0.9908
0.9908
0.9908
0.9909
0.9909
0.9909
0.9909
0.9909
0.9910
0.9910
0.9911
0.9911
0.9911
0.9911
0.9911
0.9912
0.9912
0.9912
0.9912
0.9912
0.9912
0.9912
0.9912
0.9912
0.9912
0.9913
0.9913
0.9913
0.9913
0.9913
0.9913
0.9913
0.9913
0.9913
0.9913
0.9913
0.9914
0.9914
0.9914
0.9914
0.9914
0.9914
0.9914
0.9914
0.9914
0.9914
0.9913
0.9914
0.9914
0.9914
0.9914
0.9914
0.9914
0.9914
0.9914
0.9914
0.9915
0.9915
0.9915
0.9915
0.9915
0.9915
0.9915
0.9915
0.9914
0.9914
0.9914
0.9914
0.9914
0.9914
0.9914
0.9914
0.9914
0.9914
0.9914
0.9914
0.9914
0.9914
0.9914
0.9914
0.9913
0.9913
0.9913
0.9913
0.9913
0.9913
0.9913
0.9913
0.9913
0.9913
0.9913
0.9913
0.9913
0.9913
0.9913
0.9913
0.9913
0.9913
0.9913
0.9913
0.9913
0.9913
0.9912
0.9912
0.9912
0.9912
0.9911
0.9911
0.9911
0.9911
0.9910
0.9910
0.9910
0.9910
0.9910
0.9910
0.9910
0.9910
0.9910
0.9910
0.9910
0.9910
0.9910
0.9910
0.9909
0.9909
0.9909
0.9909
0.9908
0.9908
0.9908
0.9908
0.9908
0.9908
0.9907
0.9907
0.9907
0.9907
0.9907
0.9907
0.9907
0.9907
0.9907
0.9906
0.9906
0.9906
0.9906
0.9905
0.9905
0.9905
0.9905
0.9905
0.9905
0.9904
0.9904
0.9904
0.9904
0.9904
0.9904
0.9905
0.9905
0.9905
0.9905
0.9905
0.9905
0.9904
0.9904
0.9904
0.9904
0.9903
0.9903
0.9903
0.9902
0.9902
0.9902
0.9901
0.9901
0.9901
0.9900
0.9900
0.9900
0.9900
0.9900
0.9899
0.9899
0.9899
0.9899
0.9899
0.9898
0.9898
0.9898
0.9898
0.9898
0.9898
0.9898
0.9898
0.9898
0.9898
0.9898
0.9898
0.9898
0.9898
0.9898
0.9897
0.9897
0.9897
0.9897
0.9897
0.9898
0.9898
0.9898
0.9898
0.9898
0.9897
0.9897
0.9897
0.9896
0.9897
0.9897
0.9897
0.9897
0.9897
0.9897
0.9898
0.9898
0.9898
0.9898
0.9899
0.9899
0.9899
0.9899
0.9899
0.9900
0.9900
0.9900
0.9901
0.9901
0.9902
0.9902
0.9902
0.9902
0.9902
0.9902
0.9902
0.9902
0.9902
0.9902
0.9902
0.9901
0.9901
0.9901
0.9900
0.9900
0.9899
0.9899
0.9899
0.9898
0.9898
0.9898
0.9898
0.9898
0.9897
0.9897
0.9897
0.9897
0.9897
0.9896
0.9896
0.9896
0.9896
0.9896
0.9896
0.9895
0.9895
0.9894
0.9893
0.9892
0.9892
0.9892
0.9892
0.9891
0.9891
0.9891
0.9890
0.9890
0.9890
0.9889
0.9889
0.9888
0.9887
0.9887
0.9886
0.9885
0.9885
0.9884
0.9884
0.9883
0.9883
0.9883
0.9883
0.9883
0.9883
0.9883
0.9884
0.9884
0.9885
0.9885
0.9886
0.9886
0.9887
0.9887
0.9888
0.9888
0.9888
0.9888
0.9888
0.9888
0.9888
0.9887
0.9887
0.9887
0.9887
0.9887
0.9887
0.9887
0.9887
0.9887
0.9888
0.9888
0.9888
0.9889
0.9889
0.9889
0.9889
0.9889
0.9890
0.9890
0.9890
0.9890
0.9890
0.9890
0.9890
0.9891
0.9891
0.9892
0.9892
0.9893
0.9893
0.9893
0.9894
0.9894
0.9895
0.9895
0.9896
0.9896
0.9896
0.9897
0.9896
0.9896
0.9896
0.9895
0.9895
0.9895
0.9895
0.9894
0.9894
0.9894
0.9894
0.9894
0.9894
0.9894
0.9894
0.9894
0.9894
0.9895
0.9895
0.9895
0.9895
0.9895
0.9895
0.9895
0.9895
0.9895
0.9895
0.9895
0.9896
0.9896
0.9896
0.9896
0.9896
0.9895
0.9895
0.9895
0.9895
0.9895
0.9895
0.9895
0.9895
0.9895
0.9894
0.9894
0.9894
0.9894
0.9893
0.9893
0.9893
0.9892
0.9892
0.9892
0.9891
0.9891
0.9891
0.9890
0.9890
0.9890
0.9890
0.9890
0.9890
0.9890
0.9890
0.9889
0.9889
0.9889
0.9889
0.9889
0.9889
0.9889
0.9889
0.9888
0.9888
0.9888
0.9888
0.9888
0.9888
0.9889
0.9889
0.9889
0.9889
0.9889
0.9889
0.9889
0.9889
0.9889
0.9889
0.9890
0.9890
0.9890
0.9890
0.9890
0.9890
0.9889
0.9889
0.9889
0.9889
0.9889
0.9889
0.9889
0.9889
0.9889
0.9889
0.9889
0.9889
0.9889
0.9889
0.9889
0.9889
0.9889
0.9889
0.9889
0.9889
0.9889
0.9889
0.9889
0.9890
0.9890
0.9891
0.9891
0.9891
0.9891
0.9892
0.9892
0.9892
0.9892
0.9892
0.9892
0.9893
0.9893
0.9893
0.9893
0.9893
0.9893
0.9893
0.9892
0.9892
0.9892
0.9892
0.9892
0.9892
0.9892
0.9892
0.9892
0.9892
0.9892
0.9892
0.9892
0.9892
0.9893
0.9892
0.9892
0.9892
0.9892
0.9892
0.9892
0.9892
0.9893
0.9893
0.9893
0.9893
0.9893
0.9893
0.9893
0.9893
0.9893
0.9893
0.9892
0.9892
0.9892
0.9892
0.9892
0.9891
0.9891
0.9891
0.9891
0.9890
0.9890
0.9890
0.9890
0.9890
0.9890
0.9890
0.9890
0.9890
0.9889
0.9889
0.9888
0.9888
0.9888
0.9887
0.9887
0.9887
0.9886
0.9886
0.9886
0.9887
0.9887
0.9887
0.9887
0.9888
0.9888
0.9889
0.9889
0.9890
0.9891
0.9892
0.9893
0.9894
0.9895
0.9895
0.9895
0.9896
0.9896
0.9897
0.9897
0.9898
0.9899
0.9900
0.9901
0.9901
0.9902
0.9903
0.9903
0.9904
0.9904
0.9905
0.9905
0.9906
0.9906
0.9906
0.9906
0.9907
0.9907
0.9907
0.9908
0.9909
0.9909
0.9910
0.9911
0.9911
0.9912
0.9912
0.9913
0.9913
0.9914
0.9914
0.9915
0.9915
0.9916
0.9915
0.9915
0.9915
0.9914
0.9914
0.9914
0.9913
0.9913
0.9913
0.9912
0.9912
0.9911
0.9910
0.9909
0.9909
0.9908
0.9908
0.9907
0.9907
0.9907
0.9906
0.9906
0.9905
0.9905
0.9904
0.9904
0.9904
0.9903
0.9903
0.9902
0.9902
0.9902
0.9901
0.9901
0.9901
0.9900
0.9900
0.9900
0.9899
0.9899
0.9898
0.9897
0.9896
0.9895
0.9894
0.9894
0.9893
0.9893
0.9892
0.9892
0.9891
0.9891
0.9890
0.9890
0.9890
0.9889
0.9889
0.9889
0.9888
0.9888
0.9888
0.9888
0.9887
0.9887
0.9887
0.9887
0.9887
0.9887
0.9886
0.9886
0.9886
0.9886
0.9885
0.9885
0.9885
0.9885
0.9884
0.9884
0.9884
0.9884
0.9883
0.9883
0.9883
0.9883
0.9882
0.9882
0.9882
0.9882
0.9881
0.9881
0.9881
0.9881
0.9880
0.9880
0.9880
0.9880
0.9879
0.9879
0.9879
0.9878
0.9878
0.9878
0.9877
0.9877
0.9877
0.9876
0.9875
0.9875
0.9874
0.9873
0.9873
0.9872
0.9871
0.9871
0.9870
0.9869
0.9868
0.9868
0.9867
0.9866
0.9865
0.9864
0.9863
0.9862
0.9861
0.9860
0.9860
0.9859
0.9858
0.9858
0.9857
0.9856
0.9855
0.9854
0.9853
0.9852
0.9852
0.9851
0.9851
0.9850
0.9849
0.9849
0.9848
0.9847
0.9847
0.9846
0.9845
0.9845
0.9844
0.9843
0.9843
0.9842
0.9841
0.9841
0.9840
0.9839
0.9838
0.9838
0.9837
0.9836
0.9835
0.9834
0.9834
0.9833
0.9832
0.9831
0.9830
0.9830
0.9829
0.9828
0.9827
0.9825
0.9824
0.9823
0.9822
0.9820
0.9819
0.9818
0.9817
0.9816
0.9815
0.9813
0.9812
0.9810
0.9809
0.9807
0.9806
0.9804
0.9803
0.9801
0.9800
0.9799
0.9798
0.9797
0.9796
0.9795
0.9793
0.9792
0.9791
0.9790
0.9789
0.9788
0.9787
0.9786
0.9784
0.9783
0.9782
0.9782
0.9781
0.9780
0.9779
0.9778
0.9777
0.9777
0.9776
0.9775
0.9775
0.9774
0.9774
0.9773
0.9772
0.9771
0.9771
0.9770
0.9769
0.9768
0.9768
0.9768
0.9767
0.9767
0.9766
0.9766
0.9766
0.9765
0.9765
0.9765
0.9764
0.9764
0.9764
0.9763
0.9763
0.9762
0.9762
0.9761
0.9761
0.9760
0.9759
0.9758
0.9757
0.9756
0.9755
0.9754
0.9753
0.9752
0.9751
0.9750
0.9749
0.9748
0.9747
0.9746
0.9745
0.9744
0.9743
0.9742
0.9741
0.9739
0.9738
0.9737
0.9736
0.9735
0.9733
0.9732
0.9731
0.9729
0.9728
0.9727
0.9726
0.9725
0.9724
0.9723
0.9722
0.9720
0.9719
0.9718
0.9717
0.9716
0.9714
0.9713
0.9712
0.9710
0.9709
0.9707
0.9706
0.9704
0.9703
0.9701
0.9700
0.9698
0.9697
0.9695
0.9694
0.9692
0.9690
0.9688
0.9687
0.9685
0.9683
0.9681
0.9678
0.9676
0.9675
0.9673
0.9671
0.9669
0.9668
0.9666
0.9664
0.9663
0.9661
0.9660
0.9656
0.9653
0.9650
0.9646
0.9643
0.9640
0.9637
0.9634
0.9631
0.9628
0.9624
0.9621
0.9617
0.9614
0.9610
0.9606
0.9602
0.9598
0.9594
0.9590
0.9587
0.9584
0.9581
0.9578
0.9575
0.9571
0.9567
0.9564
0.9560
0.9557
0.9553
0.9550
0.9547
0.9543
0.9540
0.9537
0.9534
0.9531
0.9528
0.9526
0.9523
0.9520
0.9517
0.9514
0.9512
0.9509
0.9506
0.9503
0.9500
0.9497
0.9495
0.9493
0.9490
0.9488
0.9486
0.9483
0.9481
0.9479
0.9476
0.9474
0.9472
0.9469
0.9467
0.9465
0.9462
0.9460
0.9458
0.9457
0.9455
0.9453
0.9450
0.9448
0.9446
0.9443
0.9441
0.9439
0.9437
0.9435
0.9433
0.9431
0.9428
0.9424
0.9421
0.9418
0.9415
0.9412
0.9410
0.9407
0.9404
0.9402
0.9398
0.9394
0.9391
0.9387
0.9383
0.9380
0.9377
0.9374
0.9371
0.9368
0.9364
0.9360
0.9355
0.9351
0.9347
0.9344
0.9341
0.9338
0.9335
0.9332
0.9328
0.9324
0.9320
0.9316
0.9312
0.9309
0.9305
0.9302
0.9298
0.9295
0.9292
0.9289
0.9287
0.9284
0.9281
0.9280
0.9280
0.9279
0.9278
0.9277
0.9277
0.9277
0.9277
0.9277
0.9278
0.9279
0.9280
0.9282
0.9283
0.9284
0.9287
0.9289
0.9291
0.9294
0.9296
0.9299
0.9303
0.9306
0.9309
0.9313
0.9317
0.9322
0.9327
0.9331
0.9336
0.9342
0.9348
0.9354
0.9360
0.9366
0.9372
0.9377
0.9382
0.9388
0.9393
0.9399
0.9404
0.9410
0.9415
0.9421
0.9426
0.9432
0.9438
0.9444
0.9450
0.9455
0.9460
0.9466
0.9471
0.9477
0.9482
0.9487
0.9492
0.9497
0.9502
0.9506
0.9509
0.9513
0.9517
0.9521
0.9525
0.9528
0.9532
0.9535
0.9539
0.9542
0.9545
0.9548
0.9551
0.9554
0.9557
0.9559
0.9561
0.9564
0.9566
0.9568
0.9569
0.9571
0.9573
0.9574
0.9575
0.9576
0.9576
0.9577
0.9577
0.9577
0.9577
0.9577
0.9577
0.9577
0.9578
0.9578
0.9579
0.9579
0.9580
0.9578
0.9577
0.9576
0.9575
0.9573
0.9573
0.9573
0.9573
0.9572
0.9572
0.9571
0.9569
0.9568
0.9567
0.9566
0.9564
0.9562
0.9561
0.9559
0.9558
0.9556
0.9555
0.9554
0.9553
0.9552
0.9550
0.9548
0.9546
0.9544
0.9541
0.9541
0.9540
0.9539
0.9538
0.9538
0.9535
0.9533
0.9530
0.9528
0.9526
0.9523
0.9521
0.9519
0.9517
0.9515
0.9513
0.9512
0.9510
0.9509
0.9507
0.9504
0.9501
0.9498
0.9495
0.9491
0.9490
0.9489
0.9487
0.9486
0.9485
0.9481
0.9477
0.9473
0.9470
0.9466
0.9463
0.9459
0.9456
0.9453
0.9450
0.9448
0.9446
0.9445
0.9443
0.9442
0.9440
0.9439
0.9437
0.9436
0.9434
0.9432
0.9429
0.9427
0.9424
0.9422
0.9419
0.9416
0.9413
0.9410
0.9407
0.9403
0.9399
0.9395
0.9391
0.9387
0.9383
0.9379
0.9375
0.9371
0.9367
0.9364
0.9360
0.9356
0.9353
0.9349
0.9345
0.9341
0.9337
0.9332
0.9328
0.9326
0.9323
0.9320
0.9318
0.9315
0.9312
0.9310
0.9307
0.9305
0.9302
0.9301
0.9299
0.9297
0.9296
0.9294
0.9293
0.9292
0.9291
0.9290
0.9289
0.9286
0.9283
0.9280
0.9276
0.9273
0.9273
0.9273
0.9273
0.9273
0.9273
0.9271
0.9270
0.9268
0.9266
0.9265
0.9264
0.9264
0.9263
0.9263
0.9263
0.9262
0.9262
0.9261
0.9261
0.9261
0.9260
0.9260
0.9259
0.9258
0.9258
0.9256
0.9255
0.9254
0.9252
0.9251
0.9251
0.9251
0.9251
0.9251
0.9251
0.9252
0.9252
0.9252
0.9253
0.9253
0.9253
0.9252
0.9252
0.9251
0.9251
0.9250
0.9249
0.9248
0.9248
0.9247
0.9246
0.9245
0.9244
0.9243
0.9242
0.9243
0.9244
0.9246
0.9247
0.9248
0.9247
0.9247
0.9247
0.9246
0.9246
0.9246
0.9246
0.9246
0.9246
0.9246
0.9246
0.9247
0.9247
0.9247
0.9248
0.9249
0.9250
0.9251
0.9252
0.9253
0.9253
0.9253
0.9254
0.9254
0.9254
0.9254
0.9254
0.9254
0.9253
0.9253
0.9254
0.9255
0.9255
0.9256
0.9257
0.9257
0.9258
0.9258
0.9259
0.9259
0.9259
0.9260
0.9260
0.9260
0.9260
0.9260
0.9261
0.9261
0.9261
0.9261
0.9261
0.9261
0.9261
0.9261
0.9261
0.9259
0.9258
0.9256
0.9255
0.9253
0.9252
0.9250
0.9249
0.9247
0.9246
0.9244
0.9243
0.9241
0.9240
0.9238
0.9234
0.9229
0.9225
0.9220
0.9216