4.492425115853545398e-02
4.413678801655767509e-02
4.641864236630503099e-02
4.528047262579205229e-02
3.964676022529606964e-02
4.518873227834702827e-02
4.616912051662803995e-02
4.206661501899364858e-02
3.849862635731696875e-02
3.951382872350518022e-02
4.167543990239500062e-02
4.273683377206324852e-02
4.198944235369560934e-02
4.037206337638197390e-02
4.019845088534056143e-02
4.149128009192644406e-02
3.986286930553616797e-02
4.096374455690386662e-02
4.225846478529277084e-02
4.073031420037154932e-02
4.093208517394962553e-02
4.045239130966366697e-02
3.919913367144765848e-02
3.865795845910903472e-02
3.933701173961162700e-02
3.962591592073439611e-02
3.878869587667290592e-02
3.763812411129477398e-02
3.832153994962573390e-02
4.017016246318819150e-02
4.152218416966500097e-02
4.007279497794808548e-02
3.963702457398174395e-02
4.051573697403069996e-02
4.094929066672917117e-02
3.892132175154987966e-02
3.831536833569403749e-02
3.974896227717403946e-02
3.963547847717997091e-02
3.981134238503877820e-02
3.975083669498566397e-02
3.902325104176997822e-02
3.852938211113210443e-02
3.890291236340998049e-02
3.903122705370185713e-02
3.778507916294036872e-02
3.863009011670948123e-02
3.974729695357379772e-02
3.999339661002163093e-02
3.937515232637521512e-02
3.935440213121473019e-02
3.945915233045821369e-02
3.928098631836478977e-02
3.957305519469085653e-02
3.944098760560152406e-02
3.904603347629307525e-02
3.891542474627491394e-02
3.906770090013747532e-02
3.906392877921462115e-02
3.888670644089575745e-02
3.893166792243714369e-02
3.890048260688779708e-02
3.934605807401243827e-02
4.021011046171188430e-02
3.970335902832447528e-02
3.957568950653077983e-02
3.964179138839246663e-02
3.924707508794961913e-02
3.963130346015100031e-02
4.012630607523019755e-02
4.023836262524126128e-02
3.981231922656295469e-02
3.983388329744340373e-02
4.014932468757032025e-02
4.044285719171162446e-02
4.056532374583186884e-02
4.079721568822857608e-02
4.095833335518837132e-02
4.083635969832541401e-02
4.116013156771657772e-02
4.129612030982970222e-02
4.113195693790917123e-02
4.118898813128467340e-02
4.118385693319138313e-02
4.120944035053255433e-02
4.133467011749740461e-02
4.134016758240754985e-02
4.147431856393814925e-02
4.157781376838683152e-02
4.141996634379031123e-02
4.170206366367637529e-02
4.183352537453174924e-02
4.168794725164774034e-02
4.195879213511943817e-02
4.231674948334691183e-02
4.236523629873995000e-02
4.203722946941856192e-02
4.245569918416437077e-02
4.275221017897128800e-02
4.264975602477787120e-02
4.238928593806923911e-02
4.247868202328679982e-02
4.263502120636404602e-02
4.267973580993712768e-02
4.288634672015900762e-02
4.291203896701333703e-02
4.282876200973984721e-02
4.283830577135082363e-02
4.293997355923059867e-02
4.286215071678162875e-02
4.279730693697931382e-02
4.331114309467377910e-02
4.345221422240141268e-02
4.345300939008590185e-02
4.359839991107584273e-02
4.367006550580263685e-02
4.364766601622099840e-02
4.354522627294059312e-02
4.345282653756434715e-02
4.389009152427317956e-02
4.417867087870834542e-02
4.403051541186868423e-02
4.378901769332588234e-02
4.406548027843239929e-02
4.433098748177294324e-02
4.413507889658212918e-02
4.434353968203066237e-02
4.463069458119566651e-02
4.478297123126681600e-02
4.473247011937198092e-02
4.480301367416981290e-02
4.492901774570341733e-02
4.502921870201826576e-02
4.502522611916068979e-02
4.524173902571196337e-02
4.553936108350755546e-02
4.567553850337868065e-02
4.585348752066497474e-02
4.593829496949912439e-02
4.590953085757788765e-02
4.589974908977751539e-02
4.617248017042872854e-02
4.642739587612451646e-02
4.646792588531967888e-02
4.678225109875205900e-02
4.705394696444276798e-02
4.721132903397085023e-02
4.733351343087851409e-02
4.751467023566362941e-02
4.774019247144464795e-02
4.805054609701034374e-02
4.864329397231340751e-02
4.873350486159321732e-02
4.871215112507340517e-02
4.912353800646956925e-02
4.942807894870634988e-02
4.968048790507020862e-02
4.988265998512508848e-02
4.997746538296337498e-02
5.018432861417532198e-02
5.050034452043468403e-02
5.085355159677565351e-02
5.118640191592273986e-02
5.132199180126185284e-02
5.140017288923267452e-02
5.168146615624428369e-02
5.197017168402667808e-02
5.222082342505450503e-02
5.249136540889743491e-02
5.296650039777158619e-02
5.321043599955734699e-02
5.340041050314899007e-02
5.373925402387975947e-02
5.390600713714960995e-02
5.408174160718916268e-02
5.435646394863723196e-02
5.471208813562990214e-02
5.501942510604858338e-02
5.532056671418249250e-02
5.560843703187998144e-02
5.572657089084386006e-02
5.599596583917734044e-02
5.628653032779689508e-02
5.635771918110552003e-02
5.658146823085841853e-02
5.692253058999779264e-02
5.726605360060926797e-02
5.747859346866611430e-02
5.779205730333927121e-02
5.810709530487655899e-02
5.833992973901332146e-02
5.872314033396539706e-02
5.902849975377321562e-02
5.924723684042697280e-02
5.951211164742710447e-02
5.988627114705737109e-02
6.029318691305820405e-02
6.061124670766293576e-02
6.068292641676958921e-02
6.094643478617070564e-02
6.133975052498281261e-02
6.160837043784563732e-02
6.178976933509116448e-02
6.197429730445142698e-02
6.220589881092308815e-02
6.241928513199093698e-02
6.260795400738712602e-02
6.284836788475509084e-02
6.316829237490893811e-02
6.334694107770920402e-02
6.342598731443289950e-02
6.353764409124848522e-02
6.383151539787655648e-02
6.403962090909479099e-02
6.417313239872457498e-02
6.429470713734625198e-02
6.440839786231514208e-02
6.456144669726492091e-02
6.470679887607692915e-02
6.480541630834346645e-02
6.493034555763006754e-02
6.500462382286791019e-02
6.505516403540965997e-02
6.525012354329226549e-02
6.530547040700912520e-02
6.533046129941939839e-02
6.548286586403845311e-02
6.555683042332534349e-02
6.561645566821094899e-02
6.568688692301506704e-02
6.571723807454107891e-02
6.583786709755660993e-02
6.597728000432251383e-02
6.608251782506709138e-02
6.619645877927540778e-02
6.625035616010430117e-02
6.632303193211555592e-02
6.652176465392109495e-02
6.655380639135838328e-02
6.653311261534690380e-02
6.653705151006582275e-02
6.652537729963657609e-02
6.652094405516985332e-02
6.653009870499375367e-02
6.656191462278363002e-02
6.663896441161629158e-02
6.675105160921815384e-02
6.688782458975908729e-02
6.703533166944976307e-02
6.702110690921549152e-02
6.696635820865626254e-02
6.697137566953902110e-02
6.698206825554368915e-02
6.701158186197278543e-02
6.708075938895342871e-02
6.721561868563298570e-02
6.728055832833049199e-02
6.733539756238460239e-02
6.739651722609991957e-02
6.740427540391683014e-02
6.749441804140807188e-02
6.763392485603689219e-02
6.775020146965980705e-02
6.780679922401901261e-02
6.793489782288671119e-02
6.811402306556699204e-02
6.821660834252833705e-02
6.827585126608613775e-02
6.838673409894110988e-02
6.857049947082997920e-02
6.866016829907897745e-02
6.878175834715363757e-02
6.891807322576644357e-02
6.905331673696639416e-02
6.923964600190520013e-02
6.935329222381116099e-02
6.939266682341696524e-02
6.951243831142780993e-02
6.964097284600137550e-02
6.979313657358293677e-02
6.995546720847489741e-02
6.995752866715192197e-02
6.994309845641252799e-02
6.993088486790656477e-02
6.986044061332936927e-02
6.981428314968947391e-02
6.972020231336352458e-02
6.955779040232297483e-02
6.944854048117993228e-02
6.928277408182617614e-02
6.908202938362954793e-02
6.888961179628966258e-02
6.858357015326614625e-02
6.837558488398789991e-02
6.826206760257486073e-02
6.804635373204950821e-02
6.785075404196978799e-02
6.777064462602136463e-02
6.781419238895183832e-02
6.772004084736105156e-02
6.768241718187928413e-02
6.773749657273295255e-02
6.783895969390869862e-02
6.792869353294368751e-02
6.798291373252871028e-02
6.803970531597734739e-02
6.821438646689056973e-02
6.825850546807051000e-02
6.828241270333523794e-02
6.845473108738656109e-02
6.861293983384968154e-02
6.869946258366109448e-02
6.878653632402415008e-02
6.899078696966175206e-02
6.929565457105633930e-02
6.965596342459316748e-02
7.000956324860449498e-02
7.032975381240243185e-02
7.075903100892905195e-02
7.128920890390871845e-02
7.186416229456667193e-02
7.246304553598161002e-02
7.318396103680137321e-02
7.401117868274452449e-02
7.482321486175064207e-02
7.570749610438945454e-02
7.673254166096445117e-02
7.790259694531560808e-02
7.908737804666159110e-02
8.034508559480305068e-02
8.170537831708792054e-02
8.319088855907318114e-02
8.489636892825365433e-02
8.665453976467256403e-02
8.842593499124049017e-02
9.039054082036020177e-02
9.243813856840138454e-02
9.459628353118892941e-02
9.686816378831861196e-02
9.913015434145923399e-02
1.014129894614222982e-01
1.037971700072286840e-01
1.063531074166295665e-01
1.087572227060790708e-01
1.111902970016006992e-01
1.137465376853941806e-01
1.162733829438681865e-01
1.188432265937331006e-01
1.214467558920379470e-01
1.240671502053737052e-01
1.267717297643422836e-01
1.295288604453208869e-01
1.322887726545335374e-01
1.349704913705592202e-01
1.378255081728103626e-01
1.407267160981892362e-01
1.435772647008302094e-01
1.464446356311442099e-01
1.494252650648357494e-01
1.524358551084991908e-01
1.553478340581061212e-01
1.581886874735357884e-01
1.610747100859876713e-01
1.639909182786937203e-01
1.667609631568196527e-01
1.696133525222542626e-01
1.724710539579388247e-01
1.752482901066543808e-01
1.779650515168905156e-01
1.807046296745537517e-01
1.834489191100001915e-01
1.860924450159075483e-01
1.888071496635675695e-01
1.915338397622105837e-01
1.942480561137198414e-01
1.969456555992361857e-01
1.996031260192396850e-01
2.022670922577378128e-01
2.049734662771220683e-01
2.077219965308906291e-01
2.103833289295436171e-01
2.129891287386413146e-01
2.156112642735243112e-01
2.181435415029524261e-01
2.207490345090626638e-01
2.233713942289351773e-01
2.258553433284167800e-01
2.283424290448425598e-01
2.308330952391031698e-01
2.332712958097461764e-01
2.356469107031823607e-01
2.380350784480567139e-01
2.403719912305479212e-01
2.426575493082407109e-01
2.449750421047209858e-01
2.471471313536169612e-01
2.492347897589203276e-01
2.513919933736324386e-01
2.535496704876423757e-01
2.557019036859272676e-01
2.577890028148893120e-01
2.598267027139665730e-01
2.618063736855987811e-01
2.637572499811646765e-01
2.657103966593739597e-01
2.676380253165961398e-01
2.695790585726497990e-01
2.715206836432216830e-01
2.734231010019774200e-01
2.753728043407198678e-01
2.773234841734170675e-01
2.792647837460043303e-01
2.812465042501686718e-01
2.831852605819700219e-01
2.850943211078642570e-01
2.869629351854324217e-01
2.889574451208118955e-01
2.909213021516795505e-01
2.927914593189954173e-01
2.946407438367604215e-01
2.964288766443731737e-01
2.982391684412957211e-01
3.000922693938017360e-01
3.019297791749242510e-01
3.036795701265335712e-01
3.053813745886084230e-01
3.070851908147333997e-01
3.088146866172548077e-01
3.105159881383178777e-01
3.122318453639748581e-01
3.139943577647212325e-01
3.156851271092887545e-01
3.173136205226181339e-01
3.189070559889073952e-01
3.205062900692227656e-01
3.221941882848743943e-01
3.237070097208018526e-01
3.251016577005387820e-01
3.266669086217883766e-01
3.281892868995668899e-01
3.296798583507536962e-01
3.311774716854098966e-01
3.326984593391422718e-01
3.341479334115978750e-01
3.355641804456713229e-01
3.370051628351208861e-01
3.383966449260709664e-01
3.397595748424530049e-01
3.411301975727085156e-01
3.425331892967221070e-01
3.439113273143764027e-01
3.452958266973497059e-01
3.466774264812466644e-01
3.479826307058337953e-01
3.492425065040586918e-01
3.504980033159253994e-01
3.518124552041297370e-01
3.531036169379947465e-01
3.543568137705321308e-01
3.556317688822749901e-01
3.568760658502582173e-01
3.580106885433197994e-01
3.591395108699796945e-01
3.603218978047370014e-01
3.615217937767500889e-01
3.627037953227758571e-01
3.638731024473904063e-01
3.650676208704713988e-01
3.663310773968696532e-01
3.674979276359076619e-01
3.685716760754583765e-01
3.695738077461722115e-01
3.706236444711683564e-01
3.717286438643929158e-01
3.728816962689160408e-01
3.739421159446240650e-01
3.748676635205746566e-01
3.758711294651033152e-01
3.769298503398896272e-01
3.780404298305509170e-01
3.789976534485817172e-01
3.800253699749710501e-01
3.810841678440565761e-01
3.821276315420861769e-01
3.831688454389574061e-01
3.841649152994156546e-01
3.851496091246600639e-01
3.861019925415514753e-01
3.870223371088502562e-01
3.878827632367615186e-01
3.887833682447670580e-01
3.897889047145843833e-01
3.907188270092009086e-01
3.916377328395842516e-01
3.924783127307887587e-01
3.932878565549845495e-01
3.942262384116650975e-01
3.951504539966584351e-01
3.959739699184897099e-01
3.966935282468797563e-01
3.974190397024156551e-01
3.982153074800968140e-01
3.990889362931252515e-01
3.999336583793159927e-01
4.008370138227935753e-01
4.016829464882616940e-01
4.024265402287242055e-01
4.031076938956978939e-01
4.037760514944795376e-01
4.045088929831985314e-01
4.053808324724433865e-01
4.061836080282931194e-01
4.069031202793120805e-01
4.075806602418420854e-01
4.083142422437669450e-01
4.089959290802476222e-01
4.096219589442012254e-01
4.102768827676772090e-01
4.109339025616647878e-01
4.116829625964164019e-01
4.124278011143206468e-01
4.130118873387579881e-01
4.136599371522665658e-01
4.143303253382447093e-01
4.150109642893078932e-01
4.156933512032027767e-01
4.162459012269972281e-01
4.168408301472661392e-01
4.174849637150761517e-01
4.181101656138895839e-01
4.185461205482480795e-01
4.190301495999102510e-01
4.196413691997531448e-01
4.203073275357482874e-01
4.207079988896851308e-01
4.211881585776807158e-01
4.217795025408271892e-01
4.223480706095694148e-01
4.229408658325673476e-01
4.234503172755244571e-01
4.239083822727205408e-01
4.244292033523316965e-01
4.250103596299891207e-01
4.255502628147605493e-01
4.259544841289523709e-01
4.263169003486636521e-01
4.267632950305937367e-01
4.272278353422877539e-01
4.277575037181379769e-01
4.282961731106041947e-01
4.286631717979911826e-01
4.290497713834050542e-01
4.295652572363620192e-01
4.300730448514218374e-01
4.304222379684446431e-01
4.308251409471032245e-01
4.313076830625530711e-01
4.318265216767790404e-01
4.322258719801899129e-01
4.325611576974389139e-01
4.329971454799172448e-01
4.334101320058107443e-01
4.338823912382124837e-01
4.342591949939732521e-01
4.344475672721864745e-01
4.349153445988890310e-01
4.354716735124589677e-01
4.358800189942122483e-01
4.361621050119399712e-01
4.367110347539190918e-01
4.372013038635256810e-01
4.375203857392067630e-01
4.377612435728315821e-01
4.382333663105963395e-01
4.386255421042443148e-01
4.389653962254522757e-01
4.393891485035423816e-01
4.398842512071135524e-01
4.403667469918731148e-01
4.406978766083715637e-01
4.409572393208738839e-01
4.412290893197058916e-01
4.416135912120344731e-01
4.420358212798836117e-01
4.424477833658453929e-01
4.429982892304659137e-01
4.432390097856522826e-01
4.433964916288850588e-01
4.437145215034489221e-01
4.442941750288010860e-01
4.446183087825774094e-01
4.448994811296459462e-01
4.452517824172976812e-01
4.454093667507176280e-01
4.456212445974351843e-01
4.461048267126080380e-01
4.466603155195716934e-01
4.467714358985426237e-01
4.469823161065575867e-01
4.472261833280324339e-01
4.474646365374328472e-01
4.478539424657826395e-01
4.479717937886711909e-01
4.483257694303994789e-01
4.488233646392822962e-01
4.488485091567034901e-01
4.490449026286598144e-01
4.494922975480557525e-01
4.498043843358755511e-01
4.496094304323199342e-01
4.499017281830311465e-01
4.502840046584611344e-01
4.505173222720626480e-01
4.506150506436829017e-01
4.505858859419819562e-01
4.508931505680087160e-01
4.513180501013995261e-01
4.513712919503452548e-01
4.513259180635213474e-01
4.514083837717772218e-01
4.516439197957514140e-01
4.518827560901636509e-01
4.520680486321445035e-01
4.522776501268143678e-01
4.523860937476156807e-01
4.522390871375799870e-01
4.522043053030963544e-01
4.524684529006484102e-01
4.527114580452444303e-01
4.526815037727355828e-01
4.524098409265278620e-01
4.527874100357294762e-01
4.532383050173517391e-01
4.534159724235535260e-01
4.535416221618651655e-01
4.535776014328004035e-01
4.537237653732302811e-01
4.538044748306273579e-01
4.534882297515870353e-01
4.540091161727908275e-01
4.543729748427868254e-01
4.544676880419252774e-01
4.545518184304242482e-01
4.543741931855680982e-01
4.545986562073231485e-01
4.550116102337832813e-01
4.552455592691896924e-01
4.556231534779068837e-01
4.553319484263654848e-01
4.551203053355216133e-01
4.553979770541191630e-01
4.551112932682038204e-01
4.550793771266934962e-01
4.551235868930814665e-01
4.554788167029617529e-01
4.556503486633303734e-01
4.558965509533882132e-01
4.563074889332058848e-01
4.564289929449558691e-01
4.564601639986038406e-01
4.565090035736562024e-01
4.563784101545808047e-01
4.564573866724972451e-01
4.565359200000762563e-01
4.568180049508808183e-01
4.572346504747868967e-01
4.573464413464070621e-01
4.577291419148444285e-01
4.579003733873365789e-01
4.580853719174862726e-01
4.582369320631032306e-01
4.584144973754883390e-01
4.584877862691880690e-01
4.586755429029464315e-01
4.589450368881226039e-01
4.591991995811465777e-01
4.595491606950762309e-01
4.596983970880504922e-01
4.598722698926921981e-01
4.596910711526868698e-01
4.595446410655971148e-01
4.597387104570863081e-01
4.602724750608203075e-01
4.609176830738782038e-01
4.610324040651326283e-01
4.610224215388293856e-01
4.610083042383192331e-01
4.604084075689313105e-01
4.604464179575440963e-01
4.610475726395841800e-01
4.611986538559200155e-01
4.612452834963798320e-01
4.613504142880437420e-01
4.613143272578711929e-01
4.611224045008422423e-01
4.613559366077187307e-01
4.617053783655163390e-01
4.619690190255636986e-01
4.622376907467838913e-01
4.624595213830467455e-01
4.626206889748573081e-01
4.627722875177859851e-01
4.628137829303743955e-01
4.629409014165404290e-01
4.631888447105886319e-01
4.634618894577022252e-01
4.639785068929197509e-01
4.642113302528854124e-01
4.644638508707289448e-01
4.642752060681581971e-01
4.640760186553001820e-01
4.639262497663493856e-01
4.640333483338359710e-01
4.643725971460344049e-01
4.644758865833282790e-01
4.645332892894748489e-01
4.647881466746331403e-01
4.650028162598605630e-01
4.652572307229043691e-01
4.659519983530045484e-01
4.661344232082366701e-01
4.659261907577514350e-01
4.659188677787781674e-01
4.656878396034245249e-01
4.656611461639403315e-01
4.660839596152310804e-01
4.660159858345984674e-01
4.660716463804246978e-01
4.660988122701649750e-01
4.662105172276495568e-01
4.663114148855209695e-01
4.663879813551900511e-01
4.665608853220937768e-01
4.666900839775797172e-01
4.666885778903965831e-01
4.668355838119988555e-01
4.672386540859935766e-01
4.674543876945970733e-01
4.674779854416848401e-01
4.676385506480929544e-01
4.676927216559645384e-01
4.677186256766315831e-01
4.677174737304446994e-01
4.677530659139152447e-01
4.678540241718291970e-01
4.678437442302703086e-01
4.678849526166916628e-01
4.680064804315567928e-01
4.681278014659880360e-01
4.682910103082655318e-01
4.683573868274685803e-01
4.684064233303070757e-01
4.685056188583376358e-01
4.685000357866281884e-01
4.686441438227888501e-01
4.689517755210395045e-01
4.691249863773579443e-01
4.692679451584820249e-01
4.693855264663700511e-01
4.694282752484087440e-01
4.693586718410251435e-01
4.693699868261817509e-01
4.693033377230167447e-01
4.693558652520176122e-01
4.694901679217817203e-01
4.696438060224052968e-01
4.698982563674448110e-01
4.699258523523804354e-01
4.697175824403758693e-01
4.697151892125606132e-01
4.696593472301957561e-01
4.696717270135882805e-01
4.699125270962711265e-01
4.700689732849595015e-01
4.700436818897720248e-01
4.698340193897483918e-01
4.698368301868437458e-01
4.697313804328436815e-01
4.696542653143410129e-01
4.696695701539512213e-01
4.695884958684448662e-01
4.693424661397931352e-01
4.692931833744053427e-01
4.693906261563299265e-01
4.694002581596378731e-01
4.695330906361340206e-01
4.695459149032827351e-01
4.694515353888272235e-01
4.693910781294108880e-01
4.692900205403567337e-01
4.693044700026516858e-01
4.692660267502067883e-01
4.692297110259536219e-01
4.691387463152407733e-01
4.691209300637242396e-01
4.690215076982978126e-01
4.688770276486874944e-01
4.687378658831121703e-01
4.685654943883418855e-01
4.683614200115202020e-01
4.681268541395661176e-01
4.679261775553225644e-01
4.676288263857361627e-01
4.674682142078878666e-01
4.674840804219246304e-01
4.673656304180625054e-01
4.672222140252591527e-01
4.671310645461084210e-01
4.669333721101286416e-01
4.666398552119732090e-01
4.664386966377495614e-01
4.662838910967115336e-01
4.660673701405523284e-01
4.658177609771494421e-01
4.655750944286584647e-01
4.652326314836742194e-01
4.649964644044641271e-01
4.648488378226753870e-01
4.646347098529335917e-01
4.644383077085019185e-01
4.642281680494544371e-01
4.639805087268350503e-01
4.637075605601069794e-01
4.633169719994073010e-01
4.632088740080595457e-01
4.629788223385811197e-01
4.625221164494757176e-01
4.623193625509740556e-01
4.622475138723850518e-01
4.620666513681406795e-01
4.619891304254529762e-01
4.617375475645065785e-01
4.613334395170208824e-01
4.610745799541474121e-01
4.608275364160541177e-01
4.605954335123297327e-01
4.605395493537189355e-01
4.603700951159004351e-01
4.602043034762139384e-01
4.599808719158172687e-01
4.596923828125000222e-01
4.595323079824450985e-01
4.594540721476081391e-01
4.592867023944858795e-01
4.591372007727622107e-01
4.589927790164944899e-01
4.588795748054979029e-01
4.587741971313953893e-01
4.587148631215094974e-01
4.587105216085910486e-01
4.586697940826411357e-01
4.586802491545680649e-01
4.586193203032017940e-01
4.583765713155273924e-01
4.583745927304033740e-01
4.584781879037622687e-01
4.584938984602691670e-01
4.585308383107181696e-01
4.586320017218593614e-01
4.586855067133902564e-01
4.587176333308220499e-01
4.588607857584948158e-01
4.590599530696863884e-01
4.591908013075589601e-01
4.594038253426548923e-01
4.596541691809897245e-01
4.599039225161075106e-01
4.601122815757989759e-01
4.602449085980658272e-01
4.605081844568256755e-01
4.608323707222943821e-01
4.611463708072904288e-01
4.615288986504074153e-01
4.618516941726202862e-01
4.620719886839385615e-01
4.623110888242717986e-01
4.624950230121612216e-01
4.627851081937552347e-01
4.631250808238983052e-01
4.633315971493717211e-01
4.636179924309256073e-01
4.638560057431461714e-01
4.640279199600219617e-01
4.642577037334440493e-01
4.644827649116511914e-01
4.647109843254089157e-01
4.647895269870760959e-01
4.648926271438599267e-01
4.651428067237137198e-01
4.654187226891517981e-01
4.656166784465314845e-01
4.659341574460273416e-01
4.661167632192375621e-01
4.661107413023713453e-01
4.661503427982330305e-01
4.662486613273616465e-01
4.663639516830446752e-01
4.664833152771000191e-01
4.666350159645079043e-01
4.667847956568005885e-01
4.668173487603661242e-01
4.668329485893254471e-01
4.669506059944626974e-01
4.670903665840621666e-01
4.672128621250394853e-01
4.673436974018815304e-01
4.673040396183733014e-01
4.672359234094622393e-01
4.673755377531048083e-01
4.674618968367575400e-01
4.676050221920015626e-01
4.677199709415432727e-01
4.677580443143839473e-01
4.678152473717925863e-01
4.678958744764329936e-01
4.679373828321692352e-01
4.678722144186498455e-01
4.678986956715582846e-01
4.680489307105545338e-01
4.681549182415012389e-01
4.683100500047212011e-01
4.684427335321900143e-01
4.683547399878503215e-01
4.683144452571866290e-01
4.683505512237550739e-01
4.683881321072581039e-01
4.685347978472706454e-01
4.686957407832149647e-01
4.688787484765054026e-01
4.690364170968531754e-01
4.691281864285467007e-01
4.692427284777168084e-01
4.692769343018527994e-01
4.692191528946162427e-01
4.692988198578357251e-01
4.694875901520249029e-01
4.695626853346820950e-01
4.696324900269505664e-01
4.697371206343169403e-01
4.698480048894884686e-01
4.698901580154897784e-01
4.699495086729528204e-01
4.699298435568804999e-01
4.699777735143895740e-01
4.700503615915779809e-01
4.700698150634769479e-01
4.702694236189127741e-01
4.703729523271324431e-01
4.702873273015019673e-01
4.703563169449566650e-01
4.705224642992019701e-01
4.704166939437392503e-01
4.704733696699143208e-01
4.706695336222647685e-01
4.706694746255871142e-01
4.706197404265407003e-01
4.706907409280539634e-01
4.706918029755355337e-01
4.704482105851177098e-01
4.704253765642647522e-01
4.706154830634595165e-01
4.707269015908239207e-01
4.708049404621127421e-01
4.707993346452712946e-01
4.707564503222706476e-01
4.707245529532436135e-01
4.706496285080912223e-01
4.705580581724647105e-01
4.705559924542908057e-01
4.704191238701339595e-01
4.702839963912961996e-01
4.702200181484226249e-01
4.700388546645645760e-01
4.698666918098928780e-01
4.696983947992327546e-01
4.694571779370310671e-01
4.693949112892153996e-01
4.692506643474099182e-01
4.690220419466491486e-01
4.689031276106834234e-01
4.686481761932371204e-01
4.683156332373614728e-01
4.680206945568322063e-01
4.678745155215262019e-01
4.676016873240474436e-01
4.671837149381636300e-01
4.669126547038559005e-01
4.666247509181502551e-01
4.663797672152520390e-01
4.661997683525083702e-01
4.660026250630617817e-01
4.656689735680815123e-01
4.653191586166617877e-01
4.649366333127019080e-01
4.645121361136441140e-01
4.641558559179306265e-01
4.638578944206236954e-01
4.635478115558625545e-01
4.632180572748183511e-01
4.628566281795503112e-01
4.625202086210246644e-01
4.620759534388777512e-01
4.617278900742528003e-01
4.613700571596622280e-01
4.609048200160260067e-01
4.604013429045676897e-01
4.599720484852786728e-01
4.595472645759581809e-01
4.590841855525968906e-01
4.586395057171583356e-01
4.583486514508727794e-01
4.579508823752402868e-01
4.574378834366795710e-01
4.570437504649162430e-01
4.566530070602890512e-01
4.562288616538046071e-01
4.558575794875622256e-01
4.554965517997744961e-01
4.551575985819101278e-01
4.548662726283075330e-01
4.546006226241592896e-01
4.543136293888093702e-01
4.540266045480971790e-01
4.537100852131841777e-01
4.533084737181660162e-01
4.528731159895653668e-01
4.526009349465372478e-01
4.522417184114452260e-01
4.518799983173607537e-01
4.515771854937074004e-01
4.512435052603482877e-01
4.508245272994040875e-01
4.504070265531542328e-01
4.500722815752029593e-01
4.497640367299317599e-01
4.493024343252179365e-01
4.489719153463841428e-01
4.485221101999283255e-01
4.480442892074584793e-01
4.474400390475992140e-01
4.469347632408145476e-01
4.463329273223879401e-01
4.456933716773990861e-01
4.451331748008732214e-01
4.443972865104675596e-01
4.435065705299382488e-01
4.426901741981508209e-01
4.418262318253522447e-01
4.408593490660194236e-01
4.399110885381700142e-01
4.389030718624594152e-01
4.376946599394083148e-01
4.364485910356046827e-01
4.352110082119701739e-01
4.339040340036158239e-01
4.325544526010748347e-01
4.311701866149902362e-01
4.296287758827211367e-01
4.280146368026734871e-01
4.264012112379074737e-01
4.246315056085590567e-01
4.228215713590383062e-01
4.211383941024541833e-01
4.194721629679203923e-01
4.177756151854989941e-01
4.160053474307061072e-01
4.142150664925572379e-01
4.124407017827034228e-01
4.107663145661355486e-01
4.090772195756433582e-01
4.072770352065560595e-01
4.055738567143678530e-01
4.039033975660803466e-01
4.022383758306501966e-01
4.005669518232342075e-01
3.990439391613008202e-01
3.974720886558297250e-01
3.959403945922856383e-01
3.945770108163355050e-01
3.932035629630091789e-01
3.918525255918500760e-01
3.905265643000603859e-01
3.894030289173121551e-01
3.883067972183229521e-01
3.873050590991969910e-01
3.862549625426529021e-01
3.851132740259169962e-01
3.842171186208729328e-01
3.833607189416889383e-01
3.825274766236540502e-01
3.818663538098339139e-01
3.811543912738556972e-01
3.804230247139928633e-01
3.797486451566221000e-01
3.791416672468184146e-01
3.784942634582520449e-01
3.778894675433637218e-01
3.773971328258519109e-01
3.769388254344467337e-01
3.764935805261131474e-01
3.761703209280967131e-01
3.758580892503263771e-01
3.755419653654095691e-01
3.752959095090623864e-01
3.749689310640100803e-01
3.746672840118409620e-01
3.743481497466562002e-01
3.740695044249297552e-01
3.739358289837832472e-01
3.737737847417592074e-01
3.735244518816470127e-01
3.733007158190015384e-01
3.730190625786783398e-01
3.727042042762037655e-01
3.725764769315718095e-01
3.726509746789937183e-01
3.725105909585952335e-01
3.722912856340406806e-01
3.721681844472886080e-01
3.719102317243814237e-01
3.717537314891819489e-01
3.717470079064367772e-01
3.717028032988309305e-01
3.716250692456960492e-01
3.715095002949241332e-01
3.714921310394999066e-01
3.714611081928009817e-01
3.714298494309192233e-01
3.713945827603336025e-01
3.713831420302391439e-01
3.713527710199359677e-01
3.713504415929317348e-01
3.713349623113870734e-01
3.713556302011015164e-01
3.713905975580219510e-01
3.714953000187871668e-01
3.717141924142838838e-01
3.719247123599048743e-01
3.720670148670668365e-01
3.721580413162711709e-01
3.723080521970990597e-01
3.724533298313620344e-01
3.727180402874950560e-01
3.730705552697177185e-01
3.732537687420841577e-01
3.734591470360758003e-01
3.737206447720523017e-01
3.739030624330044739e-01
3.741556293964385382e-01
3.744020504623647994e-01
3.746549455463884515e-01
3.749736799985169400e-01
3.753235658437015232e-01
3.756118267476559747e-01
3.759622136086223643e-01
3.763442823499438261e-01
3.765940239816907842e-01
3.767761013031005191e-01
3.770346877098082472e-01
3.772834905624385948e-01
3.775692469596864109e-01
3.778999134063718568e-01
3.781527239799497564e-01
3.783811178058389402e-01
3.786379326015710256e-01
3.788277291685345216e-01
3.790286364972594302e-01
3.792804706066851272e-01
3.795601552993061456e-01
3.797337425321337112e-01
3.798953938007356146e-01
3.801713650822637347e-01
3.804811696648601194e-01
3.807273811101912209e-01
3.809558084607126416e-01
3.811307395994665836e-01
3.811498685479160486e-01
3.812667054533956934e-01
3.815414961874488142e-01
3.816727914959188728e-01
3.817724641650919737e-01
3.818698085844515755e-01
3.818517425447697788e-01
3.819029935121540098e-01
3.820454588234426518e-01
3.821199038743972043e-01
3.821396497905256151e-01
3.823499585330482065e-01
3.825289685249325666e-01
3.825459146469829541e-01
3.826387499243016355e-01
3.827106604248280974e-01
3.827373026758433272e-01
3.828411308288576786e-01
3.830714507311586137e-01
3.833317726373671186e-01
3.834079270362855119e-01
3.834728822588917008e-01
3.835427002817394238e-01
3.835555498629809601e-01
3.836796838909389273e-01
3.837183799922467276e-01
3.837214299738411216e-01
3.837629890143868794e-01
3.838019100576640641e-01
3.838731276422733818e-01
3.840069848656654239e-01
3.840525865226986357e-01
3.841337194681166411e-01
3.842155572175975919e-01
3.842774661779408407e-01
3.843225123167038348e-01
3.843731892228122726e-01
3.844483938693996072e-01
3.845503530025481398e-01
3.845868534982204157e-01
3.846696135073897072e-01
3.847454449087376882e-01
3.847267524093393454e-01
3.847168164908885690e-01
3.847737784922122817e-01
3.848311091661448802e-01
3.850647123098377422e-01
3.853818925499918335e-01
3.855387285828587585e-01
3.855770826578143184e-01
3.856409962892530241e-01
3.856888430714602856e-01
3.858469762444495244e-01
3.861803412556646942e-01
3.863862917304043409e-01
3.864161554336544846e-01
3.864882351517675563e-01
3.865544777393337683e-01
3.866755834579467810e-01
3.870470104932783872e-01
3.873064062833787013e-01
3.874573167443280397e-01
3.877005305171012939e-01
3.879414153337480409e-01
3.881108100414280559e-01
3.884502480268474112e-01
3.888452271938325766e-01
3.891535431385038657e-01
3.894030319869519752e-01
3.897949848055841104e-01
3.902179542005064783e-01
3.904774379342795809e-01
3.908735184341667890e-01
3.913289785772559592e-01
3.915476867169139785e-01
3.918953259289259528e-01
3.923555623888965171e-01
3.925885967016223832e-01
3.928804237484928019e-01
3.933358378529553390e-01
3.937384524583813494e-01
3.940666878700258002e-01
3.944582833170889313e-01
3.948803123563530137e-01
3.951497954517601552e-01
3.954647033393384747e-01
3.958297890722752288e-01
3.960972111821179364e-01
3.964182768762115061e-01
3.968382884562012269e-01
3.971264606118203866e-01
3.974307258427143275e-01
3.977374374568458659e-01
3.979450263381005271e-01
3.982350553870202536e-01
3.984795722156762032e-01
3.987410140395160618e-01
3.990249936103821282e-01
3.992302419662472901e-01
3.994001280784603702e-01
3.996097214490180183e-01
3.998625064551834529e-01
4.000953432798384779e-01
4.002453520238404283e-01
4.004528569459914200e-01
4.006814865350727395e-01
4.009924810677764073e-01
4.013016926139595375e-01
4.014547072470187605e-01
4.015298444151881863e-01
4.017667462348936680e-01
4.018928715705867294e-01
4.019422985881567212e-01
4.020298879355190258e-01
4.020646178126332515e-01
4.019427621334791811e-01
4.020177146077153485e-01
4.021680042028426549e-01
4.021614187359810466e-01
4.022139499634502235e-01
4.022335604131221931e-01
4.020936921983955803e-01
4.020521919727321203e-01
4.019326888561253752e-01
4.017151021599773553e-01
4.015672419279812666e-01
4.015085546612744416e-01
4.014189004540441030e-01
4.013223749399185136e-01
4.011478044867518022e-01
4.007049002230163581e-01
4.002984089851375771e-01
4.001183120727543896e-01
3.998386741250752330e-01
3.995806111335752919e-01
3.994234077453611143e-01
3.991565014123915622e-01
3.988262110799549731e-01
3.986158033847806426e-01
3.982775972843172196e-01
3.980127242803569443e-01
3.977521615147594503e-01
3.975269124954942668e-01
3.973318988084794112e-01
3.970721364438534184e-01
3.968089328646660641e-01
3.965782999545332532e-01
3.962788248538973712e-01
3.959199881553647216e-01
3.956044018656019734e-01
3.953585647344591281e-01
3.951023755788803382e-01
3.948501625299455919e-01
3.946162522703405284e-01
3.942784866690636769e-01
3.939623196184631748e-01
3.935911624848841828e-01
3.932485284805301573e-01
3.928160788267853198e-01
3.924450723886492853e-01
3.920974766314025972e-01
3.916178076714277867e-01
3.909867887198927860e-01
3.904032943964007574e-01
3.898136444270606238e-01
3.892202421128749812e-01
3.886830344796176617e-01
3.881259413331750729e-01
3.874982994019984806e-01
3.868248661994937443e-01
3.862178179264073585e-01
3.854829300731420494e-01
3.846083386838438090e-01
3.838745431512596284e-01
3.831650874942543195e-01
3.824982079029087823e-01
3.820350590109829469e-01
3.814250708073376739e-01
3.808700273096563005e-01
3.802588564813141336e-01
3.794852532505985088e-01
3.788855691969393868e-01
3.782481108605859066e-01
3.777177984267470201e-01
3.772605340480803537e-01
3.768232807636263670e-01
3.764596409320827841e-01
3.759711694836617157e-01
3.755283823460336956e-01
3.749827376604079610e-01
3.743677733600140334e-01
3.738259354829784331e-01
3.732176891744139469e-01
3.727972989648578039e-01
3.724630700111391524e-01
3.720783331990246134e-01
3.718085163831710283e-01
3.715633946657179720e-01
3.712915930360551897e-01
3.710631053209307306e-01
3.707924950420858901e-01
3.707528510302304792e-01
3.707900645971300979e-01
3.708348418474197716e-01
3.710952956199642938e-01
3.712150104761119951e-01
3.712531162887814373e-01
3.715601273238660629e-01
3.716954133629800094e-01
3.717704411268238363e-01
3.718507975727322612e-01
3.718896488875153561e-01
3.719324859976771425e-01
3.721276955902572126e-01
3.722215423882009322e-01
3.722185942113397927e-01
3.722491856455806825e-01
3.722753268808121629e-01
3.721806303977967523e-01
3.719892617225644682e-01
3.719288217544555186e-01
3.718644624710079616e-01
3.717754079580303239e-01
3.718290647357698764e-01
3.718659261465068755e-01
3.719364372223614157e-01
3.719032000750305267e-01
3.717728444546464228e-01
3.717386009991170415e-01
3.716991211473937851e-01
3.717167103052140820e-01
3.719499655187127884e-01
3.719714670181271110e-01
3.718579591959719766e-01
3.719047999531031601e-01
3.719944160431620239e-01
3.720510450005531378e-01
3.722362092852592452e-01
3.723776304960247363e-01
3.724391948223117477e-01
3.725755258798598146e-01
3.728472062110898544e-01
3.730163289844986019e-01
3.732342858850952738e-01
3.733096405684943608e-01
3.732255000472070594e-01
3.734439355552193196e-01
3.737923957049850698e-01
3.739712461143729905e-01
3.743206722229722727e-01
3.744697658002381635e-01
3.745894705981011041e-01
3.746681320667262782e-01
3.747462782859798947e-01
3.747671545743940791e-01
3.748778371810917442e-01
3.751452046573162669e-01
3.753339260458945503e-01
3.754611142516137146e-01
3.756229089558122403e-01
3.758155560314652699e-01
3.759562437415122638e-01
3.760914720684285784e-01
3.762265821784735453e-01
3.762916057586666030e-01
3.763332119464871672e-01
3.764280993491408989e-01
3.764752458781001065e-01
3.763750606536868659e-01
3.763477708339687533e-01
3.763455051988368050e-01
3.763102697849278755e-01
3.762858301460745292e-01
3.763328399062153551e-01
3.763248650729658640e-01
3.763339136272673136e-01
3.764343555808063457e-01
3.764953202962874612e-01
3.764578728854652279e-01
3.766891390860082622e-01
3.767141097337011746e-01
3.767612035274502391e-01
3.768399961888786454e-01
3.768182771265508046e-01
3.768663513869046078e-01
3.768670393824573028e-01
3.769039764404299442e-01
3.769660614073273019e-01
3.768891039848324409e-01
3.769764481365680542e-01
3.770530975937840812e-01
3.771745178222658534e-01
3.773155543059114048e-01
3.776626828372480760e-01
3.778369246602055753e-01
3.777504835367200275e-01
3.778988459229466468e-01
3.780376067757604264e-01
3.782039213627581553e-01
3.785384291410441859e-01
3.787118050932884450e-01
3.788413368254900382e-01
3.788271437644962769e-01
3.786615773171181920e-01
3.785791727751495750e-01
3.780663030803207980e-01
3.783176120966676437e-01
3.785700274407863830e-01
3.788071406722072765e-01
3.792059186071161103e-01
3.795296239972116292e-01
3.796738299071792944e-01
3.799896581858391853e-01
3.801460668921470276e-01
3.805960886478421679e-01
3.810744539141650566e-01
3.809041075527667686e-01
3.811091096699239511e-01
3.814820047974581962e-01
3.816896342992778246e-01
3.817560539245603013e-01
3.821215362489228662e-01
3.824252802550797137e-01
3.823363691926004448e-01
3.824372257471087000e-01
3.825639831930401358e-01
3.826361290812487215e-01
3.828567548692224376e-01
3.828727894842625101e-01
3.828036383986471169e-01
3.827652152508495553e-01
3.826716493070128067e-01
3.823843662261959819e-01
3.823224620014428754e-01
3.823661167144778439e-01
3.819236339926715962e-01
3.814994369566444554e-01
3.812541257739066602e-01
3.808463050901886304e-01
3.805530303239824108e-01
3.804654417932035737e-01
3.805084916621443436e-01
3.802032037615777904e-01
3.794873656332493628e-01
3.789132777154443632e-01
3.782347587525848875e-01
3.773348673284053767e-01
3.767565230727194514e-01
3.761017992198469884e-01
3.754027932465073825e-01
3.744544231891635544e-01
3.734461968839168367e-01
3.723634157538415757e-01
3.710628897577519236e-01
3.697418059229853338e-01
3.686664543449877929e-01
3.673783196240666959e-01
3.656095865249633370e-01
3.638231157630681945e-01
3.620468639433384039e-01
3.602103157103060949e-01
3.580875640273090688e-01
3.558866320699455854e-01
3.536125894010062054e-01
3.509570440053940144e-01
3.482234630316492496e-01
3.456106298685072686e-01
3.428891442358497632e-01
3.398051833629611718e-01
3.364514522552490838e-01
3.333216988384725132e-01
3.301402126252650504e-01
3.271170927196742628e-01
3.241358075380325610e-01
3.212122834682465400e-01
3.180782036483289499e-01
3.145612706989047158e-01
3.112513151764868535e-01
3.083609527409074125e-01
3.054388417810203205e-01
3.027254341006280214e-01
3.000561386615038795e-01
2.975278077542778954e-01
2.947766483128074766e-01
2.924196073710920163e-01
2.902721755743024046e-01
2.880099086523059126e-01
2.859994801998138048e-01
2.840071040749548859e-01
2.820654597193003599e-01
2.804207026720042517e-01
2.789346913397313110e-01
2.776092811107639391e-01
2.764437829256061741e-01
2.753623829036949133e-01
2.742400946170089893e-01
2.731097991824150140e-01
2.719112700819973361e-01
2.710483105063437037e-01
2.705798042207953058e-01
2.702207303941251970e-01
2.698054750442505645e-01
2.692630937397478830e-01
2.688615002274518107e-01
2.684074627757069287e-01
2.681559653282168387e-01
2.680549366772172482e-01
2.679825970709324157e-01
2.679586817413565081e-01
2.681316044211384253e-01
2.684028662294146717e-01
2.688070873796936655e-01
2.691665161818264651e-01
2.693107396364210482e-01
2.696344911038877634e-01
2.699558749794961909e-01
2.705650280505422223e-01
2.712025207519536130e-01
2.716954196512695874e-01
2.721651497006413178e-01
2.726177878528838194e-01
2.730957077980045722e-01
2.736686471611264881e-01
2.744845600068568925e-01
2.753226530224086588e-01
2.758516352713110131e-01
2.764852622687819506e-01
2.771724085599188148e-01
2.779189187526698301e-01
2.785144334435464830e-01
2.793349539756770916e-01
2.801988116025920794e-01
2.807202202498914612e-01
2.811425310999154381e-01
2.817406951904301571e-01
2.825897726684804545e-01
2.832800306618209474e-01
2.840248601883644808e-01
2.849552039861674713e-01
2.857363517314197021e-01
2.863460685312750331e-01
2.871114420890812369e-01
2.878268805146216303e-01
2.884013239324090261e-01
2.889430063337082855e-01
2.896375453472138650e-01
2.903668693542476587e-01
2.907011599212885322e-01
2.913039180755618851e-01
2.920388290584085000e-01
2.926082877188918019e-01
2.930811756163830828e-01
2.939136758744715361e-01
2.945047130107877331e-01
2.948457766473295272e-01
2.953832915544511994e-01
2.960397318005563161e-01
2.966002942800521902e-01
2.971930109858514912e-01
2.978237975686786054e-01
2.983962514221672468e-01
2.986765642285343358e-01
2.989012026786808662e-01
2.992894299745559872e-01
2.997330364376304956e-01
3.001540977805852162e-01
3.005366367846725728e-01
3.010289745658634719e-01
3.012467873275281871e-01
3.013059360146523313e-01
3.017478717863560922e-01
3.021941036015748927e-01
3.024865912288428604e-01
3.027110706746581337e-01
3.025944771528242816e-01
3.023644829928872624e-01
3.023006244659426356e-01
3.022964998573061668e-01
3.022418786197896834e-01
3.022580382227894602e-01
3.020621454477306900e-01
3.016428152590990841e-01
3.012178492546083164e-01
3.010258096277715345e-01
3.009892908275125789e-01
3.006368850469586795e-01
3.000259547978637031e-01
2.993538752198216524e-01
2.986640733927488078e-01
2.979852598905561312e-01
2.973513267517093328e-01
2.967275583207609202e-01
2.961958026319737591e-01
2.952588601052763551e-01
2.941438094675536408e-01
2.932841173410414282e-01
2.922974968552590758e-01
2.912339360415935330e-01
2.902677165806289983e-01
2.892226336896415173e-01
2.879828407555818370e-01
2.866842998981471990e-01
2.854969038039449347e-01
2.843456475794312044e-01
2.831494279205797882e-01
2.819353134989741605e-01
2.807713265419002902e-01
2.794476803541185439e-01
2.781238974332813085e-01
2.769689123451709034e-01
2.757129873037338919e-01
2.742777682840824016e-01
2.729289241194720050e-01
2.717112572371957468e-01
2.703514589667324608e-01
2.691305954217909635e-01
2.678313716053966065e-01
2.663915708899497470e-01
2.645776021242139397e-01
2.631381813228134137e-01
2.617069707274441437e-01
2.604680342674252080e-01
2.593581686764951377e-01
2.580725612580779260e-01
2.568755184650425849e-01
2.556120279192929390e-01
2.542695909559727352e-01
2.531270480751992569e-01
2.521927610039706447e-01
2.512027183443309442e-01
2.502736473977569265e-01
2.493334592729807009e-01
2.483767785131931749e-01
2.474139603614811944e-01
2.464691385626796016e-01
2.455178531527518193e-01
2.445648324847219945e-01
2.437177608817815144e-01
2.427744004726407334e-01
2.419302732110023557e-01
2.412076667785643669e-01
2.405726594507696658e-01
2.399209197908638291e-01
2.390653780996798983e-01
2.383915329158302066e-01
2.377273257374767634e-01
2.368854897141457472e-01
2.361477816224101522e-01
2.354708635285494567e-01
2.348056485682724071e-01
2.340899111330507487e-01
2.334590340375901907e-01
2.327484252929687414e-01
2.322846920892597811e-01
2.318199487790465751e-01
2.311847283840177958e-01
2.308153074398637261e-01
2.302985970675945071e-01
2.293868509486322038e-01
2.287165126949549654e-01
2.282862156629557604e-01
2.276781871557233272e-01
2.272685210108754961e-01
2.272422936916355107e-01
2.268708144649863867e-01
2.263639604568485342e-01
2.259674127995963400e-01
2.255160860598084127e-01
2.249144309937951003e-01
2.245771491318937219e-01
2.242985709816218975e-01
2.240283235579725030e-01
2.237569077521565364e-01
2.234257818236950466e-01
2.231096775352954531e-01
2.229835523366926475e-01
2.229040755093098236e-01
2.226393277287487538e-01
2.221998061850664896e-01
2.218218720316888493e-01
2.211555822491643453e-01
2.208813983201985132e-01
2.209963998869056701e-01
2.208220085129142252e-01
2.206327684819699708e-01
2.204438819885253809e-01
2.200852573812006052e-01
2.197718595653772866e-01
2.197284623309968821e-01
2.197475818276405368e-01
2.196715439796446123e-01
2.194967053413390268e-01
2.194726610779763887e-01
2.194524296820166975e-01
2.193986798286437223e-01
2.195994484707717576e-01
2.196250252500173694e-01
2.193653595924376365e-01
2.191758585065607112e-01
2.190220099315046409e-01
2.188544242441658461e-01
2.185825486332181877e-01
2.184949939072128311e-01
2.184929063022135465e-01
2.183785043776033385e-01
2.184288730621336827e-01
2.185319075584407078e-01
2.186660257190466417e-01
2.189725666552777839e-01
2.192875380739568170e-01
2.196921194404359012e-01
2.200576900228859711e-01
2.203406080618499907e-01
2.204380520790819586e-01
2.205375626653436338e-01
2.207894054710863863e-01
2.210818557739256118e-01
2.213278844565157166e-01
2.217059998124836229e-01
2.220375701129440604e-01
2.223457944229244865e-01
2.226127639040348383e-01
2.228466282114390240e-01
2.231384389400482837e-01
2.235424977064128793e-01
2.238620486289266687e-01
2.243704773545268649e-01
2.248939257681374093e-01
2.251892293095587583e-01
2.256409764587881672e-01
2.261381496340033048e-01
2.263254195898769805e-01
2.263993917122485433e-01
2.268025745853780861e-01
2.274576487898830601e-01
2.280101600825788777e-01
2.285581229388709557e-01
2.292199773609639446e-01
2.297868686914441849e-01
2.300575706988570723e-01
2.306849666655062248e-01
2.317437418177720199e-01
2.323539652973411473e-01
2.328089105963704331e-01
2.333388485625382258e-01
2.338063866242770517e-01
2.338677202343936723e-01
2.345733687430621162e-01
2.354644236713651639e-01
2.358363152027132259e-01
2.363656633615494329e-01
2.370268413305283151e-01
2.374053133249279524e-01
2.378376916408535824e-01
2.385202914476395597e-01
2.391580659896140049e-01
2.396088699698452340e-01
2.403463867604736792e-01
2.410165443420412834e-01
2.415561130821701208e-01
2.417867849528792801e-01
2.423026470214127981e-01
2.429312515497208391e-01
2.434063008099791592e-01
2.437922018110751654e-01
2.441721527814862958e-01
2.443475475370888716e-01
2.450326334863897615e-01
2.456515563786028089e-01
2.459842140406372779e-01
2.464958439767361287e-01
2.467784686803820848e-01
2.468375269770624603e-01
2.473132156878711518e-01
2.480484745949505521e-01
2.484033801674842001e-01
2.489176169931886506e-01
2.496561277627941666e-01
2.498809046417470314e-01
2.501135181427001641e-01
2.506624649643895975e-01
2.508642555773262228e-01
2.509727053463459145e-01
2.511993559956553490e-01
2.514630231082439216e-01
2.516578295707704305e-01
2.519973715811965054e-01
2.527881230324504069e-01
2.530031955599784110e-01
2.529721594452855604e-01
2.527644181251527677e-01
2.521713839292527015e-01
2.516015801668165519e-01
2.514387086093426427e-01
2.512560703724622257e-01
2.510116393893958575e-01
2.513925852477546519e-01
2.514679638355967195e-01
2.512334368169311660e-01
2.513781431555746071e-01
2.508413477599621411e-01
2.501563043594363656e-01
2.499407663494350174e-01
2.494332177758216695e-01
2.492554630041126096e-01
2.490694662630556500e-01
2.485405574589968358e-01
2.479064173221590395e-01
2.469051494449377160e-01
2.454716518968345917e-01
2.440979723274711022e-01
2.428604653179645689e-01
2.415495797574518655e-01
2.402697109341622173e-01
2.391896441400049311e-01
2.380837033778429590e-01
2.369750990912318500e-01
2.357246513843533620e-01
2.344710954800249825e-01
2.332635105073451454e-01
2.318770981907849194e-01
2.305367834985260767e-01
2.293355154231191961e-01
2.280690945863724506e-01
2.271094727933409274e-01
2.259596241533752270e-01
2.249547624438997251e-01
2.240226841479543429e-01
2.224487939655777624e-01
2.214274631738663568e-01
2.206249145418403002e-01
2.192134840309615806e-01
2.180097932428123886e-01
2.163546940803531549e-01
2.147292067155243955e-01
2.140003904998306616e-01
2.127141276597978858e-01
2.114061545938251130e-01
2.105478433221578960e-01
2.094611381739374389e-01
2.084309416636825063e-01
2.075548075109723556e-01
2.066604050844905172e-01
2.058099165558811283e-01
2.048871176451440568e-01
2.041007570073010702e-01
2.032194455012681089e-01
2.018563012316821892e-01
2.010781713187689834e-01
2.005574343726041486e-01
2.000683256015184652e-01
2.000583644390105387e-01
1.997842923402782245e-01
1.994413956746461103e-01
1.991636174619199617e-01
1.989114373683927017e-01
1.984369043827060863e-01
1.982574551224708936e-01
1.981049196347593744e-01
1.976534561216831964e-01
1.972680422961710089e-01
1.967554054811595232e-01
1.962118127018214198e-01
1.961879783660176457e-01
1.956533367857340999e-01
1.945894815400247280e-01
1.941273241102699776e-01
1.934611885219812977e-01
1.930183773636820754e-01
1.927190892398356892e-01
1.919562349706891435e-01
1.912194095805286875e-01
1.904488814592361356e-01
1.899118295878174101e-01
1.891520840674640602e-01
1.883664764761924793e-01
1.882071140348907101e-01
1.879653387293221400e-01
1.878431499660016823e-01
1.877113896518949887e-01
1.871745820045471742e-01
1.869191338568929328e-01
1.868228011310103798e-01
1.870186256706712069e-01
1.873623834490775186e-01
1.875065695166591717e-01
1.873961381703616591e-01
1.870847702115777944e-01
1.872361289024354891e-01
1.873542572259899175e-01
1.873796995833518775e-01
1.878528288483620745e-01
1.876778765365479940e-01
1.874498261958356948e-01
1.874200628563759685e-01
1.871284020766618705e-01
1.870969636380669376e-01
1.869472572356463136e-01
1.868658436954023783e-01
1.866624727740880119e-01
1.863117417231206774e-01
1.859174557119604998e-01
1.854532398283481320e-01
1.849501139163970409e-01
1.844887910291556354e-01
1.837084086418151740e-01
1.830096058845515905e-01
1.827125843942165040e-01
1.824355203405020331e-01
1.824406528025862284e-01
1.818876503929497956e-01
1.808988415554163842e-01
1.805700905501841091e-01
1.804015573859217292e-01
1.806015880584719013e-01
1.808734873771670748e-01
1.799818042770024717e-01
1.789995947480201577e-01
1.785623390078546757e-01
1.786442645788195172e-01
1.793893019199374050e-01
1.798517543822527598e-01
1.797403785005209365e-01
1.792729206010700016e-01
1.788937946051357974e-01
1.792228122651577660e-01
1.797310271888973021e-01
1.802254442408682267e-01
1.802473797798155586e-01
1.797967545211310858e-01
1.802143854707483894e-01
1.808134593665598755e-01
1.817139785662290896e-01
1.824188340455290547e-01
1.816412686586381386e-01
1.808593615889551309e-01
1.804300205975771232e-01
1.805340962409970329e-01
1.809849696278573727e-01
1.807101870238780328e-01
1.806598347902300949e-01
1.803006674990058067e-01
1.796050770923497963e-01
1.803835193082687083e-01
1.814167349830269060e-01
1.820315613716838588e-01
1.827054274231191822e-01
1.824627059340479251e-01
1.817322699904444783e-01
1.813913656771178884e-01
1.812720643043517210e-01
1.813302776098255353e-01
1.820812534004448979e-01
1.822676345750693094e-01
1.812624074548480346e-01
1.807750386863948844e-01
1.807326268136500436e-01
1.808536247134210073e-01
1.815376613974575837e-01
1.824758658438916936e-01
1.827517116963859045e-01
1.820745239257812453e-01
1.816485402375457858e-01
1.819067077338699934e-01
1.822686739325526384e-01
1.825102934479714001e-01
1.828521760627631054e-01
1.821898817867039777e-01
1.811242077291014552e-01
1.813409758925436099e-01
1.812940928891301762e-01
1.813439672514793877e-01
1.821175712704660443e-01
1.814269119828942622e-01
1.810460030883548344e-01
1.817628698587420433e-01
1.811809807598591393e-01
1.816784547865393229e-01
1.825180250942704530e-01
1.816741967737676433e-01
1.824752545803785542e-01
1.826096400260927011e-01
1.806859607398512979e-01
1.795964070901276410e-01
1.788068951070312662e-01
1.784320194274184590e-01
1.784656802460550806e-01
1.787290658950801414e-01
1.790477834701540427e-01
1.785812357336286349e-01
1.787218814849851622e-01
1.787041636481882523e-01
1.765778521299364578e-01
1.752714158579703474e-01
1.757340066432956371e-01
1.751987763002514631e-01
1.754551781833175728e-01
1.751761712819338568e-01
1.725458918347954895e-01
1.726877500057220627e-01
1.731165396377444265e-01
1.717093486666676494e-01
1.720747704982756310e-01
1.716375427722928171e-01
1.709629770308730146e-01
1.710524212986233028e-01
1.692482290148732971e-01
1.658777011692526560e-01
1.625738983064889953e-01
1.625092399656770104e-01
1.629100307464596831e-01
1.616848164394499299e-01
1.622057767942549356e-01
1.621936649620528692e-01
1.607280135631563023e-01
1.609232097700239728e-01
1.621209375560287713e-01
1.619756211802366452e-01
1.604553089618683537e-01
1.589188770025966591e-01
1.584063616022470256e-01
1.565216048657896708e-01
1.547381176322694951e-01
1.551851743429900066e-01
1.532299010783429172e-01
1.510231756508348122e-01
1.509184165567163394e-01
1.503633326321836272e-01
1.510745276004079318e-01
1.510746654808525213e-01
1.485329511821272819e-01
1.468532988354566138e-01
1.452493061274290898e-01
1.448012683391567690e-01
1.441544277086849735e-01
1.437199441418055001e-01
1.433028705507516931e-01
1.419508982419970533e-01
1.417796681910748480e-01
1.435430746600028507e-01
1.429407534763219301e-01
1.414136875569821372e-01
1.405321443676952609e-01
1.382686424851419793e-01
1.375291270017626466e-01
1.381422208547594677e-01
1.376661086529490929e-01
1.376248605564238114e-01
1.360318201526995174e-01
1.326053163483734698e-01
1.321894957914944158e-01
1.315114068925377355e-01
1.343047130852939031e-01
1.361387836843729326e-01
1.334339904695750756e-01
1.339197189092634355e-01
1.328723864614964889e-01
1.325664111971856240e-01
1.357587642520664550e-01
1.369458908736709835e-01
1.353926491141318189e-01
1.314618993550539516e-01
1.290046474859117553e-01
1.280402961239219817e-01
1.266684865057471632e-01
1.251623386561875051e-01
1.222468250647185395e-01
1.190762181997301328e-01
1.213389499783516512e-01
1.271361110150813489e-01
1.301011304140091696e-01
1.318364544734354493e-01
1.330683756619696068e-01
1.315737429559233340e-01
1.318613159179690131e-01
