7.532931948602197836e-02
7.130796317383643335e-02
7.598190795034169553e-02
7.988570521771905242e-02
7.650585580319160806e-02
7.740749226808550654e-02
7.938407227545976608e-02
7.950333268046377855e-02
7.680754178762433382e-02
7.981710903644560762e-02
8.200149922668938107e-02
8.204173768758778185e-02
8.327720015197993819e-02
8.359531790167096243e-02
8.447175414189696252e-02
8.596518548876043442e-02
8.461346212774513431e-02
8.478237535655498702e-02
8.650660851374268601e-02
8.841698801368477745e-02
8.936947185620663925e-02
8.849047600477931430e-02
8.729722197353841084e-02
8.834081442654131977e-02
8.898939628154035886e-02
8.880844444930552362e-02
8.833286893218754432e-02
8.910688852816822658e-02
8.879059482738371756e-02
8.893493349552152039e-02
9.061605706810951788e-02
9.051249182224271883e-02
9.097189964354034097e-02
9.152100891619920076e-02
9.072379823178051972e-02
9.141028901562098241e-02
9.255588335692879753e-02
9.316580552831289774e-02
9.271839574277404572e-02
9.169808882549403128e-02
9.148967554271222880e-02
9.256569346189494341e-02
9.282210954502222167e-02
9.326454918086528323e-02
9.358120161592962949e-02
9.333662927672266296e-02
9.449852152019740104e-02
9.541948509737845086e-02
9.545146322250365467e-02
9.522238991707560052e-02
9.513360402211543110e-02
9.564829790294170075e-02
9.652939444407823699e-02
9.573214279487726741e-02
9.726483880877496990e-02
9.951517894715022905e-02
9.943048676252341789e-02
9.896619862541566892e-02
9.964327983558186885e-02
1.010747177228327742e-01
1.012111653774975667e-01
1.012717816740279358e-01
1.015721722200509519e-01
1.020654320612553873e-01
1.024226077012720948e-01
1.022267202377314388e-01
1.018288152016702253e-01
1.018482475243507185e-01
1.026800425976515663e-01
1.028725908599797262e-01
1.024220907241103484e-01
1.027530182600022435e-01
1.027889336094258144e-01
1.029587597548962813e-01
1.034494614191354966e-01
1.031058598987759367e-01
1.031113529562950742e-01
1.033336751997466080e-01
1.032926569543774625e-01
1.036807940378783183e-01
1.039261250793938607e-01
1.038810815960171108e-01
1.038803019940855998e-01
1.038191521510482829e-01
1.038733309283854239e-01
1.041781661801044617e-01
1.046517130270601670e-01
1.049603849768636493e-01
1.051120126962663825e-01
1.053621996089815910e-01
1.058805151373143350e-01
1.060052756443616157e-01
1.056956393599505772e-01
1.059375516138973128e-01
1.059361973136666996e-01
1.055758150756358205e-01
1.051412820793692221e-01
1.055872263908390202e-01
1.056798887580631952e-01
1.052923793420192516e-01
1.051735318824644633e-01
1.054952267736200683e-01
1.056855306543409423e-01
1.056118674851953682e-01
1.062217673175033655e-01
1.067090525329115053e-01
1.070621091425414256e-01
1.075258483588690944e-01
1.080031017288565764e-01
1.084496241830287255e-01
1.088814375236632631e-01
1.093299182482065923e-01
1.097204177856442864e-01
1.101386980757116385e-01
1.106133910954002902e-01
1.108484174177052084e-01
1.109681022644040393e-01
1.110409926481542991e-01
1.111224393129350840e-01
1.114885479986669342e-01
1.118784110412005955e-01
1.121906858451659494e-01
1.125908797502520597e-01
1.133147024661303320e-01
1.141182200223202770e-01
1.147840794503691558e-01
1.155183592319488500e-01
1.161300428621475089e-01
1.165367399454113745e-01
1.168052936196331687e-01
1.170569427713751970e-01
1.172247247755524441e-01
1.172622616574166277e-01
1.170393915571269761e-01
1.169835616946218598e-01
1.170313380002979686e-01
1.169669308803979596e-01
1.168346848174925540e-01
1.168546638637783103e-01
1.170166154600680575e-01
1.171212726652620245e-01
1.172544285207988563e-01
1.174679708063598033e-01
1.177396052509547680e-01
1.179625446841124498e-01
1.184246819578115562e-01
1.191966760516166152e-01
1.202166216284034778e-01
1.212287179850042168e-01
1.222044270113113729e-01
1.231923598781228396e-01
1.243927685454484788e-01
1.252425929903983048e-01
1.258499094843860133e-01
1.265113243803384635e-01
1.270581680357459331e-01
1.275133030667904011e-01
1.278724110186096607e-01
1.280793664693829770e-01
1.283832041025162185e-01
1.288499650597570989e-01
1.293795653924344480e-01
1.297070590585467920e-01
1.298556952953343613e-01
1.300179311990733166e-01
1.304553025484081752e-01
1.308983557701112466e-01
1.311900202989579600e-01
1.313242748260495252e-01
1.314789610356094929e-01
1.316265717968340687e-01
1.318277746662498140e-01
1.321038087084886736e-01
1.323923663198952327e-01
1.327305724203586557e-01
1.330902263849972622e-01
1.333654173910617802e-01
1.337325109452011107e-01
1.342494003266098135e-01
1.348160472124810272e-01
1.351404992043973574e-01
1.356178029537197793e-01
1.361867528021333540e-01
1.366461347788568703e-01
1.372090762570496725e-01
1.378046598732468320e-01
1.383330807209011415e-01
1.387759142518047439e-01
1.392866932243104761e-01
1.397667216002937141e-01
1.401541846767066224e-01
1.405609611064191078e-01
1.409928870797159395e-01
1.414659278988841529e-01
1.419243522882465136e-01
1.423288129508498423e-01
1.427518494546417549e-01
1.431665451005101619e-01
1.433805582284925773e-01
1.436623758882286939e-01
1.440133857622744318e-01
1.443108812823888920e-01
1.444395962208505357e-01
1.445336140125994262e-01
1.446585961639882678e-01
1.446634673237802426e-01
1.447216703027485174e-01
1.447761239647862574e-01
1.447358852326871281e-01
1.446250880435108188e-01
1.444680289506914406e-01
1.443382511064413565e-01
1.442951148465273503e-01
1.443269537746905973e-01
1.443687508583070545e-01
1.444064582943917208e-01
1.444107546389099828e-01
1.445452113926408988e-01
1.446964107334612060e-01
1.447215126305818611e-01
1.446286869496102301e-01
1.443721094429489260e-01
1.439685951456430302e-01
1.434862546011808904e-01
1.428700517535206049e-01
1.421695830345152400e-01
1.415336002707478780e-01
1.411193131446836779e-01
1.408603979229923198e-01
1.406964598447086601e-01
1.404779374629255284e-01
1.402598139524457443e-01
1.401273591339586289e-01
1.401683830171823464e-01
1.404107882603998492e-01
1.406732129529122688e-01
1.408457643538718329e-01
1.408902309060101610e-01
1.407812579691411214e-01
1.406047587513919728e-01
1.404817589744926654e-01
1.405312044277792216e-01
1.406753439828750396e-01
1.408156857252118310e-01
1.408658257201313990e-01
1.408007013589146483e-01
1.405916886597872451e-01
1.402587224453686054e-01
1.398657789319757427e-01
1.392950002670287901e-01
1.386723178535703427e-01
1.381438366055489919e-01
1.378189948081969540e-01
1.377984668165447013e-01
1.380619463697072558e-01
1.385402491152290527e-01
1.389986761480568322e-01
1.393466562837363532e-01
1.395130507260564923e-01
1.394412026107310076e-01
1.392516075223683703e-01
1.389259709388013520e-01
1.384322109475727980e-01
1.378132709100839681e-01
1.372518891632555083e-01
1.367324163541199233e-01
1.360969698697326313e-01
1.353619379371402143e-01
1.346261966854334358e-01
1.339598800420757629e-01
1.333317645728585299e-01
1.328077980250124135e-01
1.323383026584984135e-01
1.319315524786708604e-01
1.316824780270458017e-01
1.314001542419190594e-01
1.310642916411164371e-01
1.308758048638699878e-01
1.306720381706951151e-01
1.305186183571818703e-01
1.304640007853505868e-01
1.303087042316793676e-01
1.302207634389395963e-01
1.301654365479948949e-01
1.299978451296684434e-01
1.299806441411379687e-01
1.300023670390252073e-01
1.300112630829212135e-01
1.301777905225756093e-01
1.303239989250901398e-01
1.304307218968871473e-01
1.305340312704445227e-01
1.306227848246692413e-01
1.307622870773075818e-01
1.309483691096307301e-01
1.311759948313231394e-01
1.313077198058364425e-01
1.314654409915208821e-01
1.317497403368355913e-01
1.319612487450244620e-01
1.321858822032810910e-01
1.324705834582450836e-01
1.328379073143009237e-01
1.331024155616757354e-01
1.333652977943423357e-01
1.336984633773564690e-01
1.340620917007326052e-01
1.343636890649793081e-01
1.346361753642560388e-01
1.349742476224895793e-01
1.353285451099278391e-01
1.356210501149301695e-01
1.358829177796840038e-01
1.361388373911383010e-01
1.365012595474724144e-01
1.368749291077255570e-01
1.371744736656544117e-01
1.375475067645314797e-01
1.379824187234042487e-01
1.383884617686269303e-01
1.386990069597954789e-01
1.390580706685778378e-01
1.394715056985619261e-01
1.399179540008308187e-01
1.403920192480092033e-01
1.408382610574361316e-01
1.413347969681022498e-01
1.419060344114899397e-01
1.424046708405013462e-01
1.428261206164952446e-01
1.432140804380174492e-01
1.436366396427155856e-01
1.441348323002453191e-01
1.445825977250931593e-01
1.449773620426650367e-01
1.455264542222023672e-01
1.460294311046604621e-01
1.465231174349780063e-01
1.470638926625247866e-01
1.476801610231394668e-01
1.482385113716128411e-01
1.487670372724532175e-01
1.493897409677510113e-01
1.500642971873279441e-01
1.507339122533802866e-01
1.513642643809316735e-01
1.519676176905631615e-01
1.526938489079474881e-01
1.534450521826741520e-01
1.540937783002856720e-01
1.547757417589422646e-01
1.555630622029307020e-01
1.563930968597533611e-01
1.570625278517607804e-01
1.577696870192887846e-01
1.585216317504647698e-01
1.592753371298316345e-01
1.599430814504619602e-01
1.606698444738980380e-01
1.614329449087376633e-01
1.621645608112215475e-01
1.629466599673032312e-01
1.636562578529117684e-01
1.643257266730073773e-01
1.650547528266903541e-01
1.657304511219259147e-01
1.664563107490543703e-01
1.672588328719137873e-01
1.679393549412485365e-01
1.686012181788681397e-01
1.693041151583192794e-01
1.699905834943059302e-01
1.705516801625486245e-01
1.711749236136672347e-01
1.718922454565767477e-01
1.725641853511329649e-01
1.731529669314624820e-01
1.737289640307429495e-01
1.743471321612595770e-01
1.749881318360571592e-01
1.755469053983690075e-01
1.760677398294209772e-01
1.766332015693188318e-01
1.771748707935214828e-01
1.777623058840628045e-01
1.783334808707237873e-01
1.787929508671165790e-01
1.792941437870259336e-01
1.798053827583793174e-01
1.802740216493610159e-01
1.807590683579441693e-01
1.812406661227349003e-01
1.817056547895075092e-01
1.821893152043225494e-01
1.826141931563620424e-01
1.830181768387556251e-01
1.834202221333980642e-01
1.837741628587247489e-01
1.841797446012495010e-01
1.846148213759060408e-01
1.850144950285555201e-01
1.854023493826388869e-01
1.857415228486056780e-01
1.860449619144204647e-01
1.863579235106711252e-01
1.867758629232641743e-01
1.871469306260346854e-01
1.874454714596276439e-01
1.877296755865215105e-01
1.880897799253462011e-01
1.883911466732624551e-01
1.886289673373107156e-01
1.889898558303714782e-01
1.893210074663157494e-01
1.896260867118835514e-01
1.899060459613796381e-01
1.902693686842917564e-01
1.905425079584120995e-01
1.907774930343032194e-01
1.911347438693050682e-01
1.913529315143825404e-01
1.915610307544471091e-01
1.918118651881814407e-01
1.920548004895453464e-01
1.922610654741530312e-01
1.924713983640076176e-01
1.927021743267774145e-01
1.928933954581618926e-01
1.931619215816260948e-01
1.934193534180518037e-01
1.935789336428050122e-01
1.938086445540191105e-01
1.940190366134047772e-01
1.941967818841335847e-01
1.943747934177517955e-01
1.945514847636226063e-01
1.947333310484881674e-01
1.949541148066516461e-01
1.951772359967231529e-01
1.953176150560374524e-01
1.954702878236770913e-01
1.956870180606843646e-01
1.958380487084390442e-01
1.959684862852096865e-01
1.961410568118093223e-01
1.963763237714767629e-01
1.964934912443158654e-01
1.965828758239741569e-01
1.967115085482597781e-01
1.969009588837619673e-01
1.970476845145225919e-01
1.971780629158016440e-01
1.973186786770821932e-01
1.974709224224092952e-01
1.975779856801036516e-01
1.976858182191852942e-01
1.978532547309990175e-01
1.980171429663899474e-01
1.981161683306096877e-01
1.981749041676519330e-01
1.982129764705896635e-01
1.983732559829952946e-01
1.985432126373050110e-01
1.986598710268740187e-01
1.986843250632285562e-01
1.987019167497758587e-01
1.987783052086826152e-01
1.989063886657361779e-01
1.990074195116761924e-01
1.991206450313330045e-01
1.992000597417351304e-01
1.992297126352788883e-01
1.993355249315499900e-01
1.994423730075361167e-01
1.995452249720692794e-01
1.995947994217273092e-01
1.996103968754413815e-01
1.996059880793097929e-01
1.996137579917903193e-01
1.997140416622162351e-01
1.997428125381471575e-01
1.998222472786905790e-01
1.999132458150391645e-01
1.999591151162979363e-01
1.999506339579818770e-01
2.000155673637990239e-01
2.001736364513636846e-01
2.002451044350865017e-01
2.002672013491390846e-01
2.002410125359890825e-01
2.002261194065211025e-01
2.002501521348953317e-01
2.002120124101642307e-01
2.001991719439628337e-01
2.001962104871869153e-01
2.001088919341565686e-01
2.001532272279266389e-01
2.002166087806221961e-01
2.001928258895874224e-01
2.001926629930736445e-01
2.002020517557862311e-01
2.002217918515203920e-01
2.002588582128283223e-01
2.003293627858159509e-01
2.003647308424111873e-01
2.003216181635856241e-01
2.002875693663950796e-01
2.001956716775898648e-01
2.001283442169424498e-01
2.001336462914946601e-01
2.001895846590400763e-01
2.002241962462664449e-01
2.002062165856365594e-01
2.001510187312959543e-01
2.001435099273921603e-01
2.000298855811361298e-01
1.999571968048808879e-01
2.000323409140106479e-01
2.000149667263031172e-01
1.999677912890915343e-01
1.998981405124069521e-01
1.997862857043742058e-01
1.997576665163043885e-01
1.997073014855389461e-01
1.996847112879158170e-01
1.997440827712418376e-01
1.996798804104332470e-01
1.995732950270179551e-01
1.995330663025377815e-01
1.996181750491262952e-01
1.995202792033557715e-01
1.993657785281535977e-01
1.992461856454611213e-01
1.991946607366208433e-01
1.990825972944497702e-01
1.989537313431499754e-01
1.988226292669772743e-01
1.987272903800010315e-01
1.987404109537603825e-01
1.985890504747624408e-01
1.983263576328756495e-01
1.982845753312110493e-01
1.982659477680919768e-01
1.982251833155755649e-01
1.980941176414492688e-01
1.978554038286206018e-01
1.977608836412431959e-01
1.976525392606857112e-01
1.975103883370752933e-01
1.974410153701900983e-01
1.972737415432932462e-01
1.970840243920687906e-01
1.969353151619430420e-01
1.967923203930258547e-01
1.965579604297872374e-01
1.963256598770614647e-01
1.961532367050643488e-01
1.961282939642669809e-01
1.958350058197974308e-01
1.955258523300286155e-01
1.954052215442066143e-01
1.951262313991788122e-01
1.949059162199494044e-01
1.946490355134013195e-01
1.943163204610349748e-01
1.942662564039227546e-01
1.941003669768569251e-01
1.938008485108616008e-01
1.935021291553976341e-01
1.933446599856018799e-01
1.931846307024361886e-01
1.929238986939188216e-01
1.926113428875802780e-01
1.925344177633519505e-01
1.921151637285948288e-01
1.917446209341291397e-01
1.917108841091398064e-01
1.914571920633314772e-01
1.911281988322733605e-01
1.907213423609736558e-01
1.903524643719199383e-01
1.902293225660917075e-01
1.899593367829919277e-01
1.895927964612845740e-01
1.892590870499607225e-01
1.890107024967670191e-01
1.887838008105753029e-01
1.883671781852845062e-01
1.878196660757064651e-01
1.877681390166283937e-01
1.874752647161481434e-01
1.871141166925429644e-01
1.868454895496366730e-01
1.864876849412920312e-01
1.862732329607012516e-01
1.860723173737524883e-01
1.857497544497254960e-01
1.853780070796608170e-01
1.852390918135646269e-01
1.848786162391307109e-01
1.842677795872091906e-01
1.840423140898342913e-01
1.836876958578826935e-01
1.834112097024915566e-01
1.832512609899044631e-01
1.830211442828177937e-01
1.826816045522688670e-01
1.824746651738882453e-01
1.822621116042137668e-01
1.817253154516219604e-01
1.815495581924911894e-01
1.813565712794663054e-01
1.809324851632115594e-01
1.803619543835518757e-01
1.801040715724229191e-01
1.799347181245681271e-01
1.796218335255977683e-01
1.790855550020931386e-01
1.786956619843843019e-01
1.786143794283266972e-01
1.786175295710566713e-01
1.783575730204582654e-01
1.778235815048216650e-01
1.774318474248047228e-01
1.772157290771601834e-01
1.769620975762604409e-01
1.764337255567308693e-01
1.762669367372994012e-01
1.760835148692134200e-01
1.756222989112142530e-01
1.752706406638030456e-01
1.748140392735596238e-01
1.746305028408768056e-01
1.746718816950913744e-01
1.742463970184330857e-01
1.736205883026125107e-01
1.734919114112850325e-01
1.735620074272159752e-01
1.728870339393614730e-01
1.726514539718630448e-01
1.725310002118346508e-01
1.724120322749018996e-01
1.722102346301075115e-01
1.714465349078177769e-01
1.707078966826202915e-01
1.706820187032219716e-01
1.713344214066861715e-01
1.708381935760381609e-01
1.698958335772156325e-01
1.695432724222538379e-01
1.698484996736051300e-01
1.707203422725204200e-01
1.705800885617736740e-01
1.705668344974520245e-01
1.700316688567401757e-01
1.694583147838709947e-01
1.690938426107166659e-01
1.686081161051986577e-01
1.681630922943354589e-01
1.679737761557104914e-01
1.677472763478759510e-01
1.674010117381810603e-01
1.671700504809613408e-01
1.671218313723805138e-01
1.670400238394733616e-01
1.667270448505877023e-01
1.664415113478898423e-01
1.661409847512838878e-01
1.658082710102200541e-01
1.655678645044563746e-01
1.653931673884396492e-01
1.651538042664527361e-01
1.649104384660720624e-01
1.646512982726097696e-01
1.643711550951001410e-01
1.640681331396100229e-01
1.636962828397751091e-01
1.634930767536163232e-01
1.633691118836402278e-01
1.631485510110851911e-01
1.631011244416238071e-01
1.630849058225751214e-01
1.630375431120392737e-01
1.629088500469921819e-01
1.627086812257764192e-01
1.624608015120026228e-01
1.622452173382040175e-01
1.619096804112198362e-01
1.617451902329916924e-01
1.617414195477960004e-01
1.615982969686386161e-01
1.614403054699300732e-01
1.613048905134197852e-01
1.611518011808399931e-01
1.609084942728278012e-01
1.608267521291969482e-01
1.605250769600275462e-01
1.602968821972603763e-01
1.599084349274632333e-01
1.598901828527453384e-01
1.601692062765355251e-01
1.600341615974905651e-01
1.599105761498208766e-01
1.597147577583784839e-01
1.591657151520247671e-01
1.588865574628118837e-01
1.587285364329814596e-01
1.586646458521482894e-01
1.587322130575773427e-01
1.587452215164899261e-01
1.587052363783119646e-01
1.586816018462179900e-01
1.585566535174850744e-01
1.581735701799394656e-01
1.580105157852173536e-01
1.579149036645893511e-01
1.578760889232158904e-01
1.578815221011635739e-01
1.579239540398116870e-01
1.582202541708948862e-01
1.581792986392974720e-01
1.577684293210502020e-01
1.577472724080089261e-01
1.577797681272026797e-01
1.577902210891251322e-01
1.580392761945728919e-01
1.584015864849094846e-01
1.584471336424354559e-01
1.581297799468041887e-01
1.582416030168532772e-01
1.584687039494516170e-01
1.586164332389826959e-01
1.589956454247239137e-01
1.591775718972085751e-01
1.590189897760747040e-01
1.592177046909928340e-01
1.597251527130603976e-01
1.599696148186917910e-01
1.601622657626863844e-01
1.604565633744000352e-01
1.605431217923757869e-01
1.607158103406430283e-01
1.610508642271163693e-01
1.616763414695863432e-01
1.620065026760104943e-01
1.622458067178722818e-01
1.625334235310553210e-01
1.627120079755783599e-01
1.629835254549975576e-01
1.632834013938902484e-01
1.636793859243390881e-01
1.643111887693402828e-01
1.646224671721462918e-01
1.647338922858238852e-01
1.650609945297236703e-01
1.652342201575639768e-01
1.654831055164338871e-01
1.658321122452617868e-01
1.664691193208094888e-01
1.668569308355454250e-01
1.671239408507946833e-01
1.674444533154371140e-01
1.678320728003973861e-01
1.680547091662882020e-01
1.680922288298611345e-01
1.683371035933492188e-01
1.685717581033703838e-01
1.688082296937702120e-01
1.692031861484053490e-01
1.694863552272315721e-01
1.696938421696424781e-01
1.698629931479697097e-01
1.699366661548611934e-01
1.700858883410689137e-01
1.702536063373088215e-01
1.703884617835281778e-01
1.705867820590735162e-01
1.708765546739099139e-01
1.710230881720781193e-01
1.710863757520909578e-01
1.711779241025450371e-01
1.711654556810854599e-01
1.713126687377693191e-01
1.715864569544788276e-01
1.717685195446010671e-01
1.721164396405221175e-01
1.722359949052338635e-01
1.721206355988980086e-01
1.721184637472028822e-01
1.720472949743273861e-01
1.720195189118382817e-01
1.720674326196313941e-01
1.722411216571929360e-01
1.722928137123584391e-01
1.723805653989310127e-01
1.723747891515496344e-01
1.722558073192830275e-01
1.722634006470440959e-01
1.722979990392922711e-01
1.722969206094742689e-01
1.723823086142536321e-01
1.723693379104135892e-01
1.721955777525900622e-01
1.721502984732389552e-01
1.721788990229365657e-01
1.721752648621801551e-01
1.722659416049714676e-01
1.722262612968685491e-01
1.721768603473906589e-01
1.721013821408153288e-01
1.720746900022033510e-01
1.720408336758610102e-01
1.720756353795528104e-01
1.721910748168826444e-01
1.721919167935848094e-01
1.721814585566523170e-01
1.721411766186355108e-01
1.719789262309671107e-01
1.719207707524302020e-01
1.718788491755727788e-01
1.718926605477930636e-01
1.720585299581293692e-01
1.720775999918582044e-01
1.720222806453706177e-01
1.720317491903899931e-01
1.719460743680598092e-01
1.718214470446106645e-01
1.717926130354405223e-01
1.718615812674164633e-01
1.718323927417398089e-01
1.717836467221376673e-01
1.717399530887601389e-01
1.716522043347362692e-01
1.716704157829288535e-01
1.717880147695541315e-01
1.717967794641857004e-01
1.718598854392768271e-01
1.718484102830288573e-01
1.717181517526502332e-01
1.716839617639779048e-01
1.717185314297677012e-01
1.716940624266865556e-01
1.718312630951407127e-01
1.718771000206466004e-01
1.717367982715370944e-01
1.716501009166244152e-01
1.716240075379608931e-01
1.715624437034130589e-01
1.715521067678925926e-01
1.716541027873752789e-01
1.717143818885083495e-01
1.717383488118647827e-01
1.717698764652014487e-01
1.718628422185778937e-01
1.718790843352673570e-01
1.717830195978283514e-01
1.717884237930178970e-01
1.717783806383612333e-01
1.717978396832940680e-01
1.718624177277087162e-01
1.719706236004830968e-01
1.720171894788739830e-01
1.720942726910111298e-01
1.721869585037227035e-01
1.721841683760287345e-01
1.720838861674070519e-01
1.720715003624554984e-01
1.720835023403168296e-01
1.720853329002857146e-01
1.721559275597334127e-01
1.723331080496315892e-01
1.724190115049486216e-01
1.724615525364878443e-01
1.725398453593255110e-01
1.725700317889448665e-01
1.726861425250767468e-01
1.728980004340414656e-01
1.730353532731538080e-01
1.732210733219984311e-01
1.732518323287371154e-01
1.731750233694912267e-01
1.730945097506041974e-01
1.731143427848810812e-01
1.733247491598127465e-01
1.733911311388014465e-01
1.733746168136594545e-01
1.734381799936293711e-01
1.734277164936068871e-01
1.735142285004259433e-01
1.737824251949784127e-01
1.739074094891550071e-01
1.739396739751105092e-01
1.740115384683009192e-01
1.740551088079813902e-01
1.741448720932001759e-01
1.743031233072279695e-01
1.744095587968824690e-01
1.745290552139284745e-01
1.746307846784595774e-01
1.746406863704327295e-01
1.746767220363020512e-01
1.748286197096106109e-01
1.750014170348639653e-01
1.751766784667968813e-01
1.754119828402994907e-01
1.755647125184537916e-01
1.755969492211934269e-01
1.756185284256935319e-01
1.756803104281427497e-01
1.757998618483545827e-01
1.759419988095755616e-01
1.760937099158763897e-01
1.763384696602818269e-01
1.764760490611192445e-01
1.765004023998972271e-01
1.766242489367724489e-01
1.767658700183033782e-01
1.768796051651244094e-01
1.770400171309711168e-01
1.772077004373076858e-01
1.773716817021371017e-01
1.775684061229224897e-01
1.777417826086281905e-01
1.779112800627948854e-01
1.780363235205409678e-01
1.781262934535744746e-01
1.782979295372967843e-01
1.785109665393825040e-01
1.786729124188424223e-01
1.788037965476512170e-01
1.789614209204914708e-01
1.790798125028612853e-01
1.791936674639581506e-01
1.793154390513899687e-01
1.795290001943709024e-01
1.797975554332139347e-01
1.800069282352926014e-01
1.802943918496371090e-01
1.805170305609702652e-01
1.807027078539129306e-01
1.807713652372362756e-01
1.808729575157165814e-01
1.810697639822959337e-01
1.811803863242267554e-01
1.812743290409446761e-01
1.816055566191674409e-01
1.818742056414486274e-01
1.819953430786727666e-01
1.823813488349319556e-01
1.826617317125197870e-01
1.828028227597476574e-01
1.831849498763683803e-01
1.835184570252898772e-01
1.837553286850453771e-01
1.841328484237198249e-01
1.844576693803074985e-01
1.847778087124229141e-01
1.850923812761903764e-01
1.853667435422534648e-01
1.857391976937650402e-01
1.861823812574145143e-01
1.866032740473749230e-01
1.870376068353652166e-01
1.874533519148825766e-01
1.878220511332157894e-01
1.882839433312411825e-01
1.886404245644808519e-01
1.890329552829267123e-01
1.895860070586208035e-01
1.899445714682337361e-01
1.902627363324162491e-01
1.906809852421282869e-01
1.909667183309793903e-01
1.912432884842153180e-01
1.916847029477362074e-01
1.921753110140561882e-01
1.925724010676147235e-01
1.928882739618424658e-01
1.932824764609336887e-01
1.936551681533457692e-01
1.939735659956935421e-01
1.943115524947644224e-01
1.946498350664969124e-01
1.949956200256947880e-01
1.953491638317707002e-01
1.957022591024639158e-01
1.960652804076671585e-01
1.964112074255938423e-01
1.967120609819893173e-01
1.969828852295875399e-01
1.973004845872519120e-01
1.975734641298648175e-01
1.979036204248666442e-01
1.982707196563479601e-01
1.985583731397983775e-01
1.988529943346977469e-01
1.991321691870690247e-01
1.994220350265499542e-01
1.998546439766881178e-01
2.002525993824008643e-01
2.005868954896925238e-01
2.008618591055278124e-01
2.011438514739275762e-01
2.014650205940008154e-01
2.017890837684273020e-01
2.020943719625471480e-01
2.024120533704758251e-01
2.026523633182046591e-01
2.029188076913354399e-01
2.032042115226390666e-01
2.035817000940446375e-01
2.038306963428850871e-01
2.040224376618866575e-01
2.042776425927873285e-01
2.044883262962106096e-01
2.047185410454868126e-01
2.050266068086031013e-01
2.052692343235020533e-01
2.055080075129863126e-01
2.057521738439798409e-01
2.059336535155774084e-01
2.061557759642598797e-01
2.064520953074099052e-01
2.066631660342218568e-01
2.069272445917124670e-01
2.072131422594186700e-01
2.073898346170782447e-01
2.076337843507526926e-01
2.080300388321280336e-01
2.083096716448666896e-01
2.085833990037442853e-01
2.089665613442655834e-01
2.092911674380298348e-01
2.095980022728444747e-01
2.099841535314921903e-01
2.102472424507142168e-01
2.105336160302158366e-01
2.109163496226074963e-01
2.112973557859657847e-01
2.116697709500787450e-01
2.120666679382321729e-01
2.124434231758118574e-01
2.128164064407348788e-01
2.132188287734981813e-01
2.135926518917078964e-01
2.139526542663576780e-01
2.143093708992006297e-01
2.146461899057033884e-01
2.150259125277400873e-01
2.154597633764144538e-01
2.159568325757984519e-01
2.163724589779971175e-01
2.166984069600702556e-01
2.171011421814561804e-01
2.174995901644234675e-01
2.178965206712482894e-01
2.183558871746065777e-01
2.187487617015843600e-01
2.190899778842929635e-01
2.195103689104314915e-01
2.199833572804922865e-01
2.204102964058519964e-01
2.207958722576498500e-01
2.211151961401107702e-01
2.214334945380683761e-01
2.218151303231713500e-01
2.222546834945678951e-01
2.226937798112633982e-01
2.231535819619896999e-01
2.235740356594322353e-01
2.239126534163949633e-01
2.243933147639033954e-01
2.249799460351469549e-01
2.254730379164216481e-01
2.259070934295649424e-01
2.264179996073241996e-01
2.268490769475699775e-01
2.273183943063018797e-01
2.279070836752649654e-01
2.284668538302179752e-01
2.290729064494366474e-01
2.295514014214274923e-01
2.299972259283066811e-01
2.305203469872477984e-01
2.311044582843778949e-01
2.316365622952577252e-01
2.321386232733727573e-01
2.326968697547908971e-01
2.332407681941983668e-01
2.337987446710469430e-01
2.344462876170873844e-01
2.350762991160157134e-01
2.355954009890553202e-01
2.360288963019846753e-01
2.366378498017789878e-01
2.373525563389063398e-01
2.379858213901517028e-01
2.385754612863063284e-01
2.391394185125826910e-01
2.397096121162174687e-01
2.403406656861301338e-01
2.409992300838228185e-01
2.416563496470447714e-01
2.422353518009182360e-01
2.427560166120534269e-01
2.434035890474914587e-01
2.440858999937768614e-01
2.447547490298750961e-01
2.454160045459864714e-01
2.460168805196882580e-01
2.466185969412330869e-01
2.473111701980234833e-01
2.480251822471619960e-01
2.486850075274709970e-01
2.493608892440794811e-01
2.499439830541608509e-01
2.506019580125812274e-01
2.513013992547986075e-01
2.519825552225107845e-01
2.526983376592401576e-01
2.533652109056712121e-01
2.538618418574332125e-01
2.545474703609942879e-01
2.553420327007769330e-01
2.560641690790653180e-01
2.567334309667351766e-01
2.575227147042747355e-01
2.582247393131257840e-01
2.587449082016942126e-01
2.594086179792881586e-01
2.601646202445029310e-01
2.608288902640342188e-01
2.615349554896352902e-01
2.623478433459993653e-01
2.630091273665428608e-01
2.635862722754482856e-01
2.642998172640796950e-01
2.650494758129119388e-01
2.657617407917973185e-01
2.665442793756718221e-01
2.673259336352348248e-01
2.680114524066452564e-01
2.687535318136219376e-01
2.694895394742491956e-01
2.701879376769064645e-01
2.709699845016004249e-01
2.717679475545883849e-01
2.725245578885077680e-01
2.732941075265403752e-01
2.740125750631091095e-01
2.747888253390791125e-01
2.756087818741795870e-01
2.763814660966397718e-01
2.771509379237888648e-01
2.779297816932203014e-01
2.786684557855129141e-01
2.794783625334498756e-01
2.803411411285400279e-01
2.811504944801330175e-01
2.819279923439025892e-01
2.827469229698180708e-01
2.835405695915217961e-01
2.843340983390804655e-01
2.851104872435327731e-01
2.858724438339473317e-01
2.866423282623294932e-01
2.873143083125348496e-01
2.880713726311926459e-01
2.889284043341877051e-01
2.897136139512060948e-01
2.905155928611754534e-01
2.912860077768565925e-01
2.920372072637083538e-01
2.927810532152656520e-01
2.934179381430149780e-01
2.940967652797699672e-01
2.947813694179058364e-01
2.954541248083114025e-01
2.961209263503552513e-01
2.968059933662416938e-01
2.975595211029049003e-01
2.983025864511725245e-01
2.990291477501390571e-01
2.997551196187732137e-01
3.005181077122685007e-01
3.012294027656313711e-01
3.018748584508892940e-01
3.027038922131060072e-01
3.034268285155293232e-01
3.039912375301122016e-01
3.047150579780341650e-01
3.055247584253545923e-01
3.063446854889388393e-01
3.071600739389659385e-01
3.078905549496409599e-01
3.085653053224091114e-01
3.092750678569074485e-01
3.099735428005458981e-01
3.106474090278144029e-01
3.114002294480803235e-01
3.120800783932208278e-01
3.127316346824167148e-01
3.135678242146966999e-01
3.142683740556241334e-01
3.149118375599384012e-01
3.157177517831329938e-01
3.165381099700926293e-01
3.172834774553771608e-01
3.181161562323569503e-01
3.188229501962661638e-01
3.193865870594974621e-01
3.200590362906458597e-01
3.208037421226498376e-01
3.214470646619800864e-01
3.221432914674278725e-01
3.227888313323259983e-01
3.233973399996761255e-01
3.240909673511986888e-01
3.247567918211223259e-01
3.253965529322619399e-01
3.260560089796781247e-01
3.267518076300622298e-01
3.274832472562790309e-01
3.281437569022175871e-01
3.288737814664842718e-01
3.295007128715510270e-01
3.301149971604347977e-01
3.307978235125544342e-01
3.313566550612451200e-01
3.320440803647040084e-01
3.327746945381160337e-01
3.333480304718014486e-01
3.339601332068443118e-01
3.345676369905469238e-01
3.351988135814668590e-01
3.360045758247378611e-01
3.366711855411531062e-01
3.372801928281785599e-01
3.378892001152039581e-01
3.384522768497468803e-01
3.390715433359148268e-01
3.397341166138646562e-01
3.404328918933870463e-01
3.411969334930181064e-01
3.418680354982616687e-01
3.425997259676454298e-01
3.432995448410515182e-01
3.438250281482930215e-01
3.444025497227911070e-01
3.450273922145365990e-01
3.456540037125351850e-01
3.464172119766477653e-01
3.470834786981346065e-01
3.475973800301547234e-01
3.481547670364384395e-01
3.486502745628357602e-01
3.493221341848377626e-01
3.501151290059087984e-01
3.506991749435661720e-01
3.513273105025295773e-01
3.519830664575097079e-01
3.524607194960112655e-01
3.529280672967429200e-01
3.535231279134753435e-01
3.540768358111382463e-01
3.546282741725442222e-01
3.551707817614076501e-01
3.556978741884227468e-01
3.561666660606864210e-01
3.566342200040820698e-01
3.571928796172141318e-01
3.576693906068805773e-01
3.582924774110314292e-01
3.589390614509587185e-01
3.594698487281802191e-01
3.600518817901610102e-01
3.605037130415437718e-01
3.609099546641107437e-01
3.614359443068503319e-01
3.618443609058852317e-01
3.623850875616074774e-01
3.630360926389690768e-01
3.635491255968804070e-01
3.640321249932055303e-01
3.644547199994326858e-01
3.647602483510972160e-01
3.652853465080262430e-01
3.658140120506285786e-01
3.663157736212014348e-01
3.669018147289749288e-01
3.674416337609291427e-01
3.678323984205725261e-01
3.683289809823034333e-01
3.688054602712392271e-01
3.693014304220675892e-01
3.699319059699772150e-01
3.705067428052420397e-01
3.710151400268074107e-01
3.715126573562625989e-01
3.719676067829130184e-01
3.724843465536829545e-01
3.729712264358997498e-01
3.734220064520833438e-01
3.739009551942351628e-01
3.744097334146501144e-01
3.747509464263915069e-01
3.751238004088401357e-01
3.756440035581593007e-01
3.760670284867284607e-01
3.766160337746142228e-01
3.771569911479949466e-01
3.774121883869170357e-01
3.777586825191971975e-01
3.781228904128078327e-01
3.785693275988101236e-01
3.789398604869841369e-01
3.792758524239058793e-01
3.796750513494016044e-01
3.800063573062420486e-01
3.803644384562969716e-01
3.807871206581591172e-01
3.809912096977232099e-01
3.812609207957981527e-01
3.816792881906035939e-01
3.820435087084768644e-01
3.824631769865755038e-01
3.828376481086017136e-01
3.832901023864745405e-01
3.838339940071103240e-01
3.843159524410963979e-01
3.847515941411258078e-01
3.851335840225220686e-01
3.852607205569742455e-01
3.856111455112695707e-01
3.860070430487391180e-01
3.863689778447152445e-01
3.867374057471752447e-01
3.870771601796152983e-01
3.872895879596472968e-01
3.875316869318483071e-01
3.878533544778823283e-01
3.882029134690763161e-01
3.886287934541706734e-01
3.888972806215286737e-01
3.890301356822248313e-01
3.892647571563723208e-01
3.894675792217257571e-01
3.896700477033854249e-01
3.900218213498594655e-01
3.902957901567218335e-01
3.905187796533110545e-01
3.907453586339949547e-01
3.910533962011341624e-01
3.913338623940948446e-01
3.916560409486292693e-01
3.919588214725256425e-01
3.922496403694156197e-01
3.925542797505853221e-01
3.927361638993029369e-01
3.930504253059626252e-01
3.934183622837066352e-01
3.937209330558774090e-01
3.940543187618252841e-01
3.942497223794461658e-01
3.943636434853073358e-01
3.945165523469444380e-01
3.946976863205431951e-01
3.949062943458560571e-01
3.951425124913450770e-01
3.953203823715444321e-01
3.954283790141340793e-01
3.955929350852961934e-01
3.958003503084183139e-01
3.960149055719373035e-01
3.962784726381305411e-01
3.965051017701626268e-01
3.966518891811374736e-01
3.967565784573551246e-01
3.968072674274447653e-01
3.969552235752343838e-01
3.970991315603259464e-01
3.972163400709631809e-01
3.974673713058237134e-01
3.976388764619828708e-01
3.976872417926783365e-01
3.977527473688126092e-01
3.978237268745895561e-01
3.978265567123894231e-01
3.979092737734321594e-01
3.982274214923378075e-01
3.984391073286535079e-01
3.986241889476780376e-01
3.988031105250117725e-01
3.988787049651149053e-01
3.989639937400813463e-01
3.990708761215213674e-01
3.992280612945561247e-01
3.994196657180782428e-01
3.995778102517131281e-01
3.998377259224658031e-01
4.000436901599173645e-01
4.002655363321300230e-01
4.004391179233785514e-01
4.005273083329203843e-01
4.006264504432673901e-01
4.007382609188559486e-01
4.008987730324269361e-01
4.012491714477541827e-01
4.012465867102147365e-01
4.010305594950915875e-01
4.010610501766203595e-01
4.009491626322272406e-01
4.010451621294021107e-01
4.015539073348045607e-01
4.018229346036912841e-01
4.020747592091558631e-01
4.021518060326578214e-01
4.021320131897923589e-01
4.022361612439153689e-01
4.022919464290137248e-01
4.023667759001250954e-01
4.026158400893209977e-01
4.026810143887995519e-01
4.026048549950127509e-01
4.027287262648346911e-01
4.029134220808741063e-01
4.031485323160889367e-01
4.034817916512486446e-01
4.036275485754012293e-01
4.037977683544155538e-01
4.040501093864442006e-01
4.042264536619188386e-01
4.043499131441113392e-01
4.044530474692579203e-01
4.044557266652587524e-01
4.044869989216330342e-01
4.044817588269714048e-01
4.045775230288506941e-01
4.046991686999792948e-01
4.049124601721766359e-01
4.053226768374446620e-01
4.054744244813918708e-01
4.055304568260907905e-01
4.056565929204228316e-01
4.055671655178073043e-01
4.056569096267219066e-01
4.059412027001377266e-01
4.060850847244261153e-01
4.062352541118857130e-01
4.064152032375336621e-01
4.065435486137865539e-01
4.066010357558728083e-01
4.065481017708776346e-01
4.067726683735850557e-01
4.070276531338692938e-01
4.072707578599450429e-01
4.075420289337636226e-01
4.074751710176467978e-01
4.074788051664831046e-01
4.076461089611057020e-01
4.077187408626078424e-01
4.078280516266824529e-01
4.078206465840338302e-01
4.077192578136920598e-01
4.078271487593655431e-01
4.080458763778210263e-01
4.082158160358667076e-01
4.082133216857912750e-01
4.082830994725231699e-01
4.083655706942079244e-01
4.084691883772607057e-01
4.086236302971837930e-01
4.088222297787670878e-01
4.089231797248129019e-01
4.091475649654867097e-01
4.093556687235834768e-01
4.096705935448405334e-01
4.101886324167254294e-01
4.105338675022122130e-01
4.109474596977233385e-01
4.112921618878842556e-01
4.103479383766647781e-01
4.102595518678425757e-01
4.103316118568179349e-01
4.103856312870979850e-01
4.105995332300663159e-01
4.107340022385118639e-01
4.108762111961837826e-01
4.109225960075851281e-01
4.108788672655817598e-01
4.108655319213866397e-01
4.108723060399296911e-01
4.107515596807000957e-01
4.107394213974478459e-01
4.107159646242861117e-01
4.106073775410655768e-01
4.104905677735807834e-01
4.104125765383241364e-01
4.101897508263592784e-01
4.099660577297210562e-01
4.097374203681940497e-01
4.096003500580785994e-01
4.096583498120306976e-01
4.098930082321171064e-01
4.099665182620283455e-01
4.102821429848668711e-01
4.102341586589816624e-01
4.099432716518644493e-01
4.094338342666624664e-01
4.089822805970906305e-01
4.088862290740009620e-01
4.089010397791857376e-01
4.090271351069214023e-01
4.090818898439405049e-01
4.092337287247176381e-01
4.090924912691115134e-01
4.087253102809192407e-01
4.084435384869579688e-01
4.083486660361294041e-01
4.081219408214095123e-01
4.079835181564095969e-01
4.079662690311667284e-01
4.078251320540906555e-01
4.077067746520042224e-01
4.076327015727758685e-01
4.075598183423276843e-01
4.075022882223132137e-01
4.075133891016243792e-01
4.072878398716452963e-01
4.070989416509863679e-01
4.072208766102786703e-01
4.072603417485956001e-01
4.072028097599744156e-01
4.070355983734130212e-01
4.066469989508388894e-01
4.064260600805280066e-01
4.060847296804190876e-01
4.059907098054889030e-01
4.059296016424897013e-01
4.059326011776924759e-01
4.058371302366260425e-01
4.054498941600322981e-01
4.052324553906913041e-01
4.051431900322433610e-01
4.047279868364335176e-01
4.043359733819962276e-01
4.041081106126311884e-01
4.039847262978554232e-01
4.037744700551032517e-01
4.034772069275380790e-01
4.031176126480104371e-01
4.028481297940013084e-01
4.026241064816714621e-01
4.023554214656352990e-01
4.021842315673833101e-01
4.018277671754356684e-01
4.013309079051015082e-01
4.010223434954882649e-01
4.008666979014876564e-01
4.009824660718437350e-01
4.008938808739182513e-01
4.005642961978908012e-01
4.006602748632434041e-01
4.006321828365330129e-01
4.001727416068311394e-01
4.000639070630075400e-01
3.997714504301550509e-01
3.991411536753179390e-01
3.988478340089324226e-01
3.988098746538161765e-01
3.988619380742315368e-01
3.986660818308587761e-01
3.987551245927813404e-01
3.986982069730755085e-01
3.983482916474339053e-01
3.982228828042745916e-01
3.980888956904414799e-01
3.980138488411904540e-01
3.981665290474896146e-01
3.980307044714689879e-01
3.978316703706976099e-01
3.973959398269655274e-01
3.970452739208935600e-01
3.968675296306611311e-01
3.967526803404093916e-01
3.967427784562109760e-01
3.966918494403360307e-01
3.963936891078949087e-01
3.961659799218179012e-01
3.962028716325761701e-01
3.962197830587620984e-01
3.963423058390613818e-01
3.963890215784309778e-01
3.963067606568336787e-01
3.960382794678208307e-01
3.957659239053724076e-01
3.955581480264667160e-01
3.954261411666868398e-01
3.954537952125070088e-01
3.953946253180501968e-01
3.952191923171278209e-01
3.950653114587071024e-01
3.950163589596751290e-01
3.949423651993274054e-01
3.949781731128687579e-01
3.951102580279114984e-01
3.951579032003875169e-01
3.951919587135311329e-01
3.951019341468813839e-01
3.947075578182933642e-01
3.943903198242182939e-01
3.942287211656566037e-01
3.939089142501354113e-01
3.938703554868698831e-01
3.941668605208392684e-01
3.941953188121323226e-01
3.940987119138236738e-01
3.940611770153044646e-01
3.940592748880383800e-01
3.936639464020729173e-01
3.934983351409433450e-01
3.935298526883121983e-01
3.933167184412479922e-01
3.933046257674692181e-01
3.932631780147547995e-01
3.930353323817253886e-01
3.928869850456718771e-01
3.927029780775306289e-01
3.925671818912025435e-01
3.925424242973328814e-01
3.924330340981487253e-01
3.922238659471268818e-01
3.922237905859950469e-01
3.921030634403228632e-01
3.922269535958762821e-01
3.922327948808667641e-01
3.919311975896359046e-01
3.916324907898903196e-01
3.913541465699671429e-01
3.912595706701280651e-01
3.913844626128670234e-01
3.916425145566464483e-01
3.917168057113891155e-01
3.916944663673643245e-01
3.914868752002718666e-01
3.912111518383021846e-01
3.909932202100755982e-01
3.910358353197576076e-01
3.911833108305928786e-01
3.911465585231779230e-01
3.910425724387165958e-01
3.907084941744806139e-01
3.904626804351805647e-01
3.900380250960587825e-01
3.898881960958245352e-01
3.899143706560138645e-01
3.897835055112841562e-01
3.895899375379084928e-01
3.893841056525710886e-01
3.894151949703696936e-01
3.893717054128649213e-01
3.889456925392155151e-01
3.885750127792361730e-01
3.883491085588935410e-01
3.881592914789913085e-01
3.879630899310113068e-01
3.880350914239885096e-01
3.878533751606937918e-01
3.873849921941759367e-01
3.870061375439171614e-01
3.867916775047777755e-01
3.865674997687335024e-01
3.861718778252598017e-01
3.856672974944116428e-01
3.852510108947757583e-01
3.849806118309492819e-01
3.848594370812173926e-01
3.847150700092320519e-01
3.845156094640489464e-01
3.841438171863556517e-01
3.839291574060914591e-01
3.837728766739367803e-01
3.834878328502177580e-01
3.831078607320781981e-01
3.826342873573307934e-01
3.823346628069873576e-01
3.820915924757723459e-01
3.820022541284560091e-01
3.819854782819750993e-01
3.815545396953822221e-01
3.811114686727526402e-01
3.808800072401760106e-01
3.806392963886264802e-01
3.804271230250593216e-01
3.804651451349254088e-01
3.802247388839721243e-01
3.798316889941697472e-01
3.792680413722986921e-01
3.786932717025283668e-01
3.783874425292014232e-01
3.781768465757372466e-01
3.779040887922048286e-01
3.775126964569087695e-01
3.769286088973287097e-01
3.766429990530013594e-01
3.763718158930542956e-01
3.762128411829476216e-01
3.762770621806387772e-01
3.761037065982816285e-01
3.758076762199400456e-01
3.755519095838070198e-01
3.752501174658534611e-01
3.749314249962564793e-01
3.744567826837302826e-01
3.738520796418187131e-01
3.735696869730947833e-01
3.732255310058597564e-01
3.730456051617863089e-01
3.731790932029488417e-01
3.729741942286490253e-01
3.726370124638083703e-01
3.722717784643169714e-01
3.718294049262997891e-01
3.715013737082483725e-01
3.711918596029279982e-01
3.709151792228220779e-01
3.706562273204327962e-01
3.703343904256824470e-01
3.701623932003979545e-01
3.699515115916729990e-01
3.696606429129842830e-01
3.695381403982643254e-01
3.694734523594377373e-01
3.693550803512337666e-01
3.691760022640229733e-01
3.690595321387052929e-01
3.688232251763340908e-01
3.684034136295316619e-01
3.681171995878215752e-01
3.678692653834820248e-01
3.674926802814009186e-01
3.669933736801147539e-01
3.667476865053180823e-01
3.664977655053135441e-01
3.663047382473946234e-01
3.661337793231006499e-01
3.659160846769807240e-01
3.656322314918039607e-01
3.652264683336021722e-01
3.647846591681243034e-01
3.645445711076256701e-01
3.642667742967604094e-01
3.638602232903239697e-01
3.637316883265971912e-01
3.634550323039290043e-01
3.632207200527187152e-01
3.630837695598598813e-01
3.628270783424373813e-01
3.625285707861188866e-01
3.622200077265497753e-01
3.617730748564009224e-01
3.613618072509762191e-01
3.612217355012889985e-01
3.610654824852944644e-01
3.610141384899617778e-01
3.610984453797336791e-01
3.610536976337433979e-01
3.608410456895827512e-01
3.605616148710255597e-01
3.601542164206500418e-01
3.596613924980163746e-01
3.594358541965480547e-01
3.593024000078440250e-01
3.591807366430764259e-01
3.590160030364993315e-01
3.589405272454027629e-01
3.587587976694104897e-01
3.585605559736489423e-01
3.584197798371319688e-01
3.582139654874801904e-01
3.578625265508886821e-01
3.578732795715335313e-01
3.578290567398073607e-01
3.576633187830450256e-01
3.576810975849623597e-01
3.576178014397616289e-01
3.574942442506552909e-01
3.575032573729750585e-01
3.576069359272717185e-01
3.575844307690863033e-01
3.574655335485935059e-01
3.573480127215383217e-01
3.571800403594973528e-01
3.570734503626823986e-01
3.568389996975657175e-01
3.567133103489880108e-01
3.566934286415572863e-01
3.567083165675399847e-01
3.567406774878503217e-01
3.569857161283489511e-01
3.572582395553587920e-01
3.574147986620661022e-01
3.574591110169886843e-01
3.573775824666022838e-01
3.572011847466230461e-01
3.570283012270926704e-01
3.571249198108911171e-01
3.573701352894301797e-01
3.575862773627045965e-01
3.577613233536481308e-01
3.579856382131572090e-01
3.584494062244894530e-01
3.586906007409100261e-01
3.588367205858232212e-01
3.590463888645173407e-01
3.591081206381325774e-01
3.591565371036526400e-01
3.592598683029416540e-01
3.594302665710448208e-01
3.595678854584694606e-01
3.596862988829616636e-01
3.600166732192037200e-01
3.602434486627579258e-01
3.604421085715295292e-01
3.606052898764607884e-01
3.606986155837777486e-01
3.609266242325301910e-01
3.612676250696182922e-01
3.612445453405378482e-01
3.610531165480614924e-01
3.610594497621056331e-01
3.614351939260962987e-01
3.619629245400425299e-01
3.625637262821196916e-01
3.629973272055385114e-01
3.633155238658185571e-01
3.630396404683593481e-01
3.632343281328676010e-01
3.638218031644821493e-01
3.640522817909718767e-01
3.642112412989138570e-01
3.643813891947265682e-01
3.642865622073412912e-01
3.644152489274739004e-01
3.649756262481217428e-01
3.650006013870240595e-01
3.651523004472252421e-01
3.652929219245910630e-01
3.651970578312876414e-01
3.654547606259588854e-01
3.659198461353774801e-01
3.659954278171063669e-01
3.659470440596340191e-01
3.661783865571021090e-01
3.662239594042303592e-01
3.661177267730236773e-01
3.664030692249534704e-01
3.664616567432880667e-01
3.662681502699853264e-01
3.664475496053697379e-01
3.666073976933951206e-01
3.667298690795903204e-01
3.668520118087530424e-01
3.673744283735747573e-01
3.675289972811940364e-01
3.674100885152813967e-01
3.672896915674207508e-01
3.670306775093074569e-01
3.667203191041944477e-01
3.667386927813295339e-01
3.666191316664222932e-01
3.664483953118320425e-01
3.664297861337665330e-01
3.660429606884716414e-01
3.657551748871802899e-01
3.660309160977606169e-01
3.656875508129598384e-01
3.650348199725146903e-01
3.651395334273577764e-01
3.651003946065898842e-01
3.651535269021984331e-01
3.653729315221312945e-01
3.652816398054363201e-01
3.650368780374528277e-01
3.649858313798902132e-01
3.645656678348784263e-01
3.641372934401032047e-01
3.639371571511033632e-01
3.636745692104098593e-01
3.633564180612566807e-01
3.632756587386130054e-01
3.631237257152796216e-01
3.627529427111150784e-01
3.624493320465085877e-01
3.624592080384496651e-01
3.622520927965638404e-01
3.616702571511265507e-01
3.614055480957031330e-01
3.617236421406265778e-01
3.614436309427019323e-01
3.612437390863891817e-01
3.611422617673873958e-01
3.607349919229749791e-01
3.604909789741037596e-01
3.602806894004341731e-01
3.601959192752833272e-01
3.601615993678566330e-01
3.596091204643253048e-01
3.594805367946626307e-01
3.594770407915117705e-01
3.587954993307592155e-01
3.588307295471427905e-01
3.587988917827607538e-01
3.581326154172416731e-01
3.578404077231883695e-01
3.575154194951052355e-01
3.567221384197477030e-01
3.563456230163576932e-01
3.561669941842554032e-01
3.559744057416913687e-01
3.561867037832738836e-01
3.562999590814110995e-01
3.561616836965080246e-01
3.554940158486363244e-01
3.554140772551301897e-01
3.556442236751314878e-01
3.555548401504752265e-01
3.556844907045368376e-01
3.555249332785606065e-01
3.549595928549764134e-01
3.545393284857272231e-01
3.540820950508118403e-01
3.537129416674377191e-01
3.535925079703330920e-01
3.530757477432487912e-01
3.528196063816547157e-01
3.530262831449510474e-01
3.530849222928288400e-01
3.531573548227545101e-01
3.530750662744041590e-01
3.531591132134203059e-01
3.529946106553077945e-01
3.528025836646553892e-01
3.527042942017312166e-01
3.521318874657156650e-01
3.517172359764572653e-01
3.514798185855151358e-01
3.509458627223970839e-01
3.508264411926269033e-01
3.507117577314381451e-01
3.500861679017545081e-01
3.497250970602031050e-01
3.495081133306028875e-01
3.490511964410543122e-01
3.491531736463306945e-01
3.495701710104944238e-01
3.492136940956117597e-01
3.488896302640434599e-01
3.488173363566400287e-01
3.485890351295471423e-01
3.482851091027261425e-01
3.478285895347597578e-01
3.471684215068817081e-01
3.470414594233034999e-01
3.469094489097591660e-01
3.465767626047139283e-01
3.464820467084641642e-01
3.458004069089891663e-01
3.453632196485992845e-01
3.460253967940803976e-01
3.459597964107992696e-01
3.455405004233121358e-01
3.454518281489608600e-01
3.452233898192645922e-01
3.448579947024582038e-01
3.446691707968711493e-01
3.445277807950973270e-01
3.443450177550312907e-01
3.440321143716571495e-01
3.438998218417164132e-01
3.439985763072971880e-01
3.440936579585074928e-01
3.437941703796391080e-01
3.432876978278158187e-01
3.427714411169293096e-01
3.420877763658766724e-01
3.419550039321186952e-01
3.419526982069015508e-01
3.414536508321760477e-01
3.412959704995155441e-01
3.407859498500820372e-01
3.403873633563521128e-01
3.408255036383865400e-01
3.407878814935685341e-01
3.408828972101207722e-01
3.412251220196481638e-01
3.405081255912778548e-01
3.397877345979213315e-01
3.391822499662635049e-01
3.385124513208864760e-01
3.379635841608052416e-01
3.376938012063500083e-01
3.381011512488127924e-01
3.381763900548218071e-01
3.382337664127348931e-01
3.388103828072551726e-01
3.384848445415498674e-01
3.374316143751140418e-01
3.372618929386143050e-01
3.374678487181664854e-01
3.374709992885592258e-01
3.376331352174282152e-01
3.376423270940777099e-01
3.375369443893435628e-01
3.373312166690826674e-01
3.370787446260456455e-01
3.370086328715086177e-01
3.364176159292462387e-01
3.356475473284725175e-01
3.360748504221438004e-01
3.367147272706033645e-01
3.362643785804513286e-01
3.367920529246333783e-01
3.374386355638501200e-01
3.367164271712301260e-01
3.369360501170156619e-01
3.370400470733640463e-01
3.356167821407317065e-01
3.353157859742644242e-01
3.354607169032095548e-01
3.350892796367409554e-01
3.353629748880863626e-01
3.349498697221282018e-01
3.346527208954099275e-01
3.353208324193958090e-01
3.357664609014984758e-01
3.355882462263106714e-01
3.353627515435217421e-01
3.353185330122711028e-01
3.344008406460288185e-01
3.339706143379208014e-01
3.345295571804046686e-01
3.347343168854711726e-01
3.345107491672041355e-01
3.344774973034861376e-01
3.340981524318459295e-01
3.334996325135228812e-01
3.334374618738890073e-01
3.336408191412690849e-01
3.335656078308820716e-01
3.326728319317105997e-01
3.325551553130146054e-01
3.335227508425708809e-01
3.339666778922078527e-01
3.342357373923067199e-01
3.343057530820370826e-01
3.334506737172601709e-01
3.334036901593205315e-01
3.343058547019955307e-01
3.339421606451272173e-01
3.327508002549409705e-01
3.320379197597502219e-01
3.312142122834916824e-01
3.305993684768673280e-01
3.311787873268128291e-01
3.314965482741594194e-01
3.319636923015117369e-01
3.319361646920443443e-01
3.320392463445665521e-01
3.327323118388654799e-01
3.313658341228961079e-01
3.308350062578912509e-01
3.312522464394573873e-01
3.311741523742672277e-01
3.332609625101087270e-01
3.343188334465026501e-01
3.338663060963150686e-01
3.336610250085588758e-01
3.312145726948975133e-01
3.302106838524345167e-01
3.313050948143007601e-01
3.321755919992920303e-01
3.338196746349332833e-01
3.350673477709296133e-01
3.343523722887037364e-01
3.326220417916776473e-01
3.319569412708282541e-01
3.311516848653551226e-01
3.310943637937307504e-01
3.326221357017755120e-01
3.319526503562930664e-01
3.309449379265307911e-01
3.315668798983100740e-01
3.311250724911691257e-01
3.308970188498497333e-01
3.315943892925982128e-01
3.307674926906822854e-01
3.300629511952401507e-01
3.306784168779846600e-01
3.308462355136875810e-01
3.312233241260046923e-01
3.311370843768118299e-01
3.291957937002179535e-01
3.270604291141031017e-01
3.263139267563820445e-01
3.267830787569286355e-01
3.271941875994209825e-01
3.273487818539146943e-01
3.273218066096302281e-01
3.268058592319489364e-01
3.269663886696103638e-01
3.287330972313878275e-01
3.296540591239927598e-01
3.295514206409454472e-01
3.292710660755635566e-01
3.290878421127800268e-01
3.283886660933493240e-01
3.264782168865204559e-01
3.261798938512802670e-01
3.267283556461334504e-01
3.269578794836993652e-01
3.282363358139993581e-01
3.284177861362697626e-01
3.274188066422938359e-01
3.271094390183683087e-01
3.264455502837897982e-01
3.270404391914604192e-01
3.291385583281513094e-01
3.290388949781652417e-01
3.277113383084532816e-01
3.269163499027489816e-01
3.290132556110623718e-01
3.286698057353497071e-01
3.292017845630649808e-01
3.284826799035075462e-01
3.252366668432954411e-01
3.254688112378121279e-01
3.256548017263411476e-01
3.279658853441476118e-01
3.291344516336913162e-01
3.284721970081334042e-01
3.298401536703106096e-01
3.238213084995742452e-01
3.193491392493243985e-01
3.220202633142467130e-01
3.205328057348730830e-01
3.252257193624974452e-01
3.314849422633647236e-01
3.333779536932706677e-01
3.356383835673333871e-01
3.354317138671875087e-01
