1.048881666004655572e-01
1.043726721636949462e-01
1.094875039592384247e-01
1.098562002003192623e-01
1.017599427238108784e-01
1.046063235282893161e-01
1.062475190050902185e-01
1.047316829457876491e-01
1.025376562118532897e-01
1.033531240694227499e-01
1.049071374252442401e-01
1.062770765662195971e-01
1.077820010170340848e-01
1.059030484199520034e-01
1.041171278305355191e-01
1.043356234893201978e-01
1.038481771163645012e-01
1.048731128327551193e-01
1.059539592243735479e-01
1.056458486974234945e-01
1.067204474471508124e-01
1.064546110294757042e-01
1.049654869593678874e-01
1.042428816191853375e-01
1.047439075559373073e-01
1.052678888559337722e-01
1.051294823661443334e-01
1.046952458411452014e-01
1.065639140643180188e-01
1.081166817069054015e-01
1.072035717070102256e-01
1.070053258270023538e-01
1.066697155833245536e-01
1.064140313386920250e-01
1.067169112086292782e-01
1.065882896818219627e-01
1.064999908655882149e-01
1.068815044306214435e-01
1.078613286942243787e-01
1.066515887968246534e-01
1.050939091488720528e-01
1.050526254117492009e-01
1.060917559437455221e-01
1.069650929048660687e-01
1.069109000831846568e-01
1.059910937368865880e-01
1.070107020124794889e-01
1.080035973176356884e-01
1.079151756763455788e-01
1.070448617428543664e-01
1.074228070802990820e-01
1.080257788985971162e-01
1.078195824623112559e-01
1.070651017613713507e-01
1.074379345983263317e-01
1.080456190705296055e-01
1.075085001647475141e-01
1.078119567207995039e-01
1.078076311200852205e-01
1.075662784434852637e-01
1.083828630745410915e-01
1.081018832713362132e-01
1.078630323410029734e-01
1.085229287996886949e-01
1.091334241479635508e-01
1.090466486930847523e-01
1.088056946955621995e-01
1.091952958740296659e-01
1.094932977408174940e-01
1.096501620911058544e-01
1.097110696136954638e-01
1.097476687431339776e-01
1.097101106531920556e-01
1.100580724433065233e-01
1.109098427422342270e-01
1.114016930557791829e-01
1.114414589703082853e-01
1.111912536621096209e-01
1.110479629896580778e-01
1.115838349163533333e-01
1.118501743808386351e-01
1.116918022155759249e-01
1.118401161044838693e-01
1.122068853229280100e-01
1.125156321600075254e-01
1.126060777433214866e-01
1.127151224419476877e-01
1.129115175127985010e-01
1.131364987730984761e-01
1.133478352122007510e-01
1.136243677496907301e-01
1.137843714013694052e-01
1.138468665957450415e-01
1.142357968725261491e-01
1.146228021562098465e-01
1.147611729830500943e-01
1.147072912797331423e-01
1.153850715883081024e-01
1.156970730319623331e-01
1.156194651693105424e-01
1.159301063597197451e-01
1.162432925954465096e-01
1.164352231308817959e-01
1.165217964917421301e-01
1.167371920734640162e-01
1.169856410622595738e-01
1.172199030518535773e-01
1.174424018859861057e-01
1.176095295481388164e-01
1.178997511066491588e-01
1.182269810304044100e-01
1.182410349331799310e-01
1.185025810137388946e-01
1.188418083831669081e-01
1.190867200300097933e-01
1.193020230755211519e-01
1.195820756025615800e-01
1.197862482018767355e-01
1.197482898294925657e-01
1.201478136643768374e-01
1.205913927741346925e-01
1.208081494390966237e-01
1.208142389781768217e-01
1.210091901779175166e-01
1.212948530703780725e-01
1.215335842102762964e-01
1.217938039511440029e-01
1.219968845173715344e-01
1.221275820136068918e-01
1.222777375727889804e-01
1.224769739896057336e-01
1.227489282965662093e-01
1.230516983270643627e-01
1.230575251407918236e-01
1.231228944770987738e-01
1.233885485172270813e-01
1.238101801976556893e-01
1.239260769367217241e-01
1.238696972727779122e-01
1.238875426992777501e-01
1.243189705371860743e-01
1.245981504678725649e-01
1.247154714882372367e-01
1.248040201932195115e-01
1.252165499210360355e-01
1.254118778035041848e-01
1.253860497713087385e-01
1.254398956686254563e-01
1.255406223177906178e-01
1.257077013373379404e-01
1.259468537747864825e-01
1.263243526518340598e-01
1.264280609786515019e-01
1.264566063880924185e-01
1.267243374302978176e-01
1.268648215875026464e-01
1.269836474016313166e-01
1.270956862300634260e-01
1.271014259755607334e-01
1.272266822725534596e-01
1.274630493789909169e-01
1.277129379808904508e-01
1.279232935979961183e-01
1.278655051231380457e-01
1.277695183753971286e-01
1.280456278562542849e-01
1.283676498174666780e-01
1.284898469686507061e-01
1.284450856208799452e-01
1.286224027797583103e-01
1.287676962837578098e-01
1.289181113690134051e-01
1.290919646993282377e-01
1.290577326983213258e-01
1.291310362726453276e-01
1.293639219939708707e-01
1.295556980788703239e-01
1.297119442194696604e-01
1.298457225948571603e-01
1.299292935624714596e-01
1.299316555753345925e-01
1.301508946567771219e-01
1.303644944325088872e-01
1.302548084601762024e-01
1.304437547266484865e-01
1.306778953969477131e-01
1.307937047660353846e-01
1.309222998201846067e-01
1.310992193877694167e-01
1.312066240757700508e-01
1.312181707441807677e-01
1.314100049078460730e-01
1.315250134706501817e-01
1.315683607816699463e-01
1.316706905543801875e-01
1.317608721494675506e-01
1.318926872298123720e-01
1.320396191924809171e-01
1.320510159045459875e-01
1.321240021020172462e-01
1.322855933070182510e-01
1.324719561219213915e-01
1.325556894779208739e-01
1.326119522988793709e-01
1.327163870126011891e-01
1.328294422030445177e-01
1.329472504645581032e-01
1.330982564181093786e-01
1.332857517868282493e-01
1.333954293385145040e-01
1.334712647140025021e-01
1.336192005321387155e-01
1.339196633309125695e-01
1.340546154916282262e-01
1.340882923364643542e-01
1.341438642978665663e-01
1.341965572655200167e-01
1.343120134279131572e-01
1.344049035698180461e-01
1.344286272227765144e-01
1.345431309342384474e-01
1.346589932143688884e-01
1.347648552507161590e-01
1.349514409959314820e-01
1.351502882838247488e-01
1.353158012509341479e-01
1.354519661664967400e-01
1.355032251402737142e-01
1.355583229139447898e-01
1.356448877543207365e-01
1.356446513861415126e-01
1.356875522106884002e-01
1.357162266254420546e-01
1.357289999574418649e-01
1.358536819741126833e-01
1.360491190776233761e-01
1.363246783018112473e-01
1.367212588012214625e-01
1.371900271296499219e-01
1.375362877130510419e-01
1.376820025414225157e-01
1.376897163867955021e-01
1.375709202125666997e-01
1.373392388567328259e-01
1.370403347373007896e-01
1.367913932830099877e-01
1.366733507603406506e-01
1.367372633680696836e-01
1.370049394905571705e-01
1.372674583643676005e-01
1.375647521585223187e-01
1.379166690319774402e-01
1.382385993719102979e-01
1.384217699468132390e-01
1.384701004102822097e-01
1.384830454841254055e-01
1.384257384106512001e-01
1.383046517267822184e-01
1.381851462334389991e-01
1.382131495609881522e-01
1.383085234269501029e-01
1.384347822293638119e-01
1.385699666306371980e-01
1.387134707540274847e-01
1.389050016924735231e-01
1.391269003555176964e-01
1.393225098788736793e-01
1.394576647251843937e-01
1.395968686014412707e-01
1.397740801602604666e-01
1.399135969758034115e-01
1.400292872667308064e-01
1.401126322627069820e-01
1.402403392583131958e-01
1.404311017677184192e-01
1.405208454132083895e-01
1.405432628527286676e-01
1.407741314470766225e-01
1.409595297306774075e-01
1.410592038437727125e-01
1.411088857367630567e-01
1.412081608578566183e-01
1.413575168639422674e-01
1.414781750008467232e-01
1.414672839969398632e-01
1.415808193877338417e-01
1.417546025708320001e-01
1.419049191132192023e-01
1.419978251397606694e-01
1.420581911519168128e-01
1.421229608535768685e-01
1.422175958454606759e-01
1.422725089669232001e-01
1.423295517414812361e-01
1.424131120473150491e-01
1.425992679744955971e-01
1.426282347589728772e-01
1.426238454043868564e-01
1.427397674798961680e-01
1.428997955396769381e-01
1.429822261750695322e-01
1.430216604471201969e-01
1.431444754600525449e-01
1.432446970939633968e-01
1.433220067024230382e-01
1.433923802465196518e-01
1.434553724929686636e-01
1.435349894583228536e-01
1.436195297002791360e-01
1.437328709900378143e-01
1.438522521495816386e-01
1.439446081429719693e-01
1.440382148444653287e-01
1.441077032446863027e-01
1.442213039875031022e-01
1.443444055691361361e-01
1.444085619971157142e-01
1.444518062099817146e-01
1.445100912451747488e-01
1.446288057789209547e-01
1.448289592802525783e-01
1.448649159401654007e-01
1.448997337013478715e-01
1.449941735506056206e-01
1.451050498902800578e-01
1.451496933013203261e-01
1.452283148154615844e-01
1.454090629398825940e-01
1.456248838037253190e-01
1.457393916383380728e-01
1.457634144678708887e-01
1.458008244037632684e-01
1.460103289201855614e-01
1.461669950455426747e-01
1.461905297264452230e-01
1.462718582987783678e-01
1.463483130335808124e-01
1.464605985283848888e-01
1.466137594938276556e-01
1.467395222067832128e-01
1.468114352226253805e-01
1.468775934219357926e-01
1.470165522694587279e-01
1.471287933826448679e-01
1.472127338171008437e-01
1.472823241949086093e-01
1.473607613086697077e-01
1.475102090120319620e-01
1.476827499508853725e-01
1.478024175882335089e-01
1.478757467031477646e-01
1.479817110925908119e-01
1.481093654841184604e-01
1.481267944216724530e-01
1.480894509255885338e-01
1.481536775961522501e-01
1.483310739979149806e-01
1.483147695079443940e-01
1.484388286262754431e-01
1.485928927406667266e-01
1.485900520309806627e-01
1.487028096914290720e-01
1.488227973729372156e-01
1.489211964458226622e-01
1.489921473562721976e-01
1.489913039356474955e-01
1.490510240346194504e-01
1.492131383568051639e-01
1.492784664630894820e-01
1.493221467733385766e-01
1.493868918851019023e-01
1.494351355433464201e-01
1.494877087622883960e-01
1.495193148404362071e-01
1.495650075227018538e-01
1.496890939325094538e-01
1.497714976072316295e-01
1.498279180079702122e-01
1.498828735202554774e-01
1.499175721406935113e-01
1.499645225554702144e-01
1.500402084589006757e-01
1.501369798779491893e-01
1.501462578967211747e-01
1.501490246295924536e-01
1.501950973898171504e-01
1.503373991906647722e-01
1.503472676977517242e-01
1.503705555990338949e-01
1.504811145544051598e-01
1.505761651873593343e-01
1.505780457690353846e-01
1.505718465119598171e-01
1.506908456161614729e-01
1.507398480623955705e-01
1.507843126058578398e-01
1.508486937135453954e-01
1.508825785070654346e-01
1.509844400435688405e-01
1.510960413292055382e-01
1.511373583033683576e-01
1.511281174868344679e-01
1.512521299123767149e-01
1.513527485132218908e-01
1.512885338932273560e-01
1.513395335093136451e-01
1.514186295196416621e-01
1.514753401458266147e-01
1.514853270158175724e-01
1.514783731952304979e-01
1.515047681227323362e-01
1.515796918407083249e-01
1.516696476474408972e-01
1.517802976727490039e-01
1.518524325966837119e-01
1.518355675816538131e-01
1.519164604783060646e-01
1.518591194272037592e-01
1.517787812769412770e-01
1.519235395342111439e-01
1.520192906275393552e-01
1.519988179698591180e-01
1.519682864919300880e-01
1.521457950845364893e-01
1.522032930761574865e-01
1.521997281119223944e-01
1.522277300924059773e-01
1.523147093027828747e-01
1.523512316957118529e-01
1.523944402456283986e-01
1.525052647769448433e-01
1.525532660588619083e-01
1.525532512664793672e-01
1.525473491057755815e-01
1.525886346459390808e-01
1.526978284597395041e-01
1.527557760596270353e-01
1.527747565984723943e-01
1.528521137595178492e-01
1.528194636821746943e-01
1.528480602383616438e-01
1.530002448081971833e-01
1.529284205555918874e-01
1.529353884696960375e-01
1.530346701502800777e-01
1.531311853766445519e-01
1.531404463410378225e-01
1.531164950609206488e-01
1.531232262730595761e-01
1.532070927381513625e-01
1.533052352905271420e-01
1.533351632952686949e-01
1.532940067410468454e-01
1.532738278985027180e-01
1.533557563662527323e-01
1.534700390338901432e-01
1.535650076180692658e-01
1.536290863350034397e-01
1.536309061646463636e-01
1.536224673986439637e-01
1.536292739510539129e-01
1.536658517718316186e-01
1.537635849863288329e-01
1.538236750066275804e-01
1.537123102515932649e-01
1.537804576933382017e-01
1.538462822631005145e-01
1.538499958992001759e-01
1.538987986296418975e-01
1.539465776681904485e-01
1.540019918829207413e-01
1.540734310895200410e-01
1.542121811807154186e-01
1.542000625580545736e-01
1.541778406918050126e-01
1.542445368245248805e-01
1.542709962621329756e-01
1.542736842930317875e-01
1.542892981171604116e-01
1.543918165624139915e-01
1.544398716211323186e-01
1.544829222053291928e-01
1.545189486265186596e-01
1.545670529276136629e-01
1.545271189570431025e-01
1.545476631939414758e-01
1.546191620379684384e-01
1.545122413158416530e-01
1.547001172900195898e-01
1.548597372919316151e-01
1.548245030492542973e-01
1.548258436203006627e-01
1.549062094688417046e-01
1.550353865429760503e-01
1.550823552474382139e-01
1.549664882510901620e-01
1.549929527878759761e-01
1.550784290313720060e-01
1.551033818155530264e-01
1.551916272997857782e-01
1.551782845944164602e-01
1.551782845944164602e-01
1.553772997081276641e-01
1.554563785612578797e-01
1.553972441598776011e-01
1.553228818237777642e-01
1.554744648769493809e-01
1.554578477606178288e-01
1.554185265094039092e-01
1.554539970919494585e-01
1.555273078992961966e-01
1.556240189239383731e-01
1.556788761422038814e-01
1.556701677069068923e-01
1.556670871719721960e-01
1.557057123407719901e-01
1.557580666244025858e-01
1.558198470175267691e-01
1.558892845213417089e-01
1.558764427304272226e-01
1.559089819371698715e-01
1.560463155254718515e-01
1.561105901926751749e-01
1.560784750789402098e-01
1.560772455796598512e-01
1.562075725033884033e-01
1.561831645369532173e-01
1.561606210470202205e-01
1.562051007449628548e-01
1.563234484568242766e-01
1.564457664281134475e-01
1.564846433714028318e-01
1.564420638620852566e-01
1.563806753173474506e-01
1.562632790386678794e-01
1.563654595792290103e-01
1.565350496590134366e-01
1.564050730496645836e-01
1.564748075664046112e-01
1.564722752660517024e-01
1.563891536176209296e-01
1.564894470125441917e-01
1.565734191194178559e-01
1.566785952568056917e-01
1.567399218320845722e-01
1.566294113874433513e-01
1.565716835975643206e-01
1.566292364895340572e-01
1.567845632433889635e-01
1.568579185679558063e-01
1.568725304156541600e-01
1.568473334908484784e-01
1.568247717320922496e-01
1.568647581562397364e-01
1.568791371852156502e-01
1.568211989730600719e-01
1.567596636772157770e-01
1.570455800205469710e-01
1.570543580889702806e-01
1.568645439505577110e-01
1.567748627319927035e-01
1.569999760597946825e-01
1.570505178153517312e-01
1.569486209630965301e-01
1.568357870340345295e-01
1.569252566918730440e-01
1.570893999144432895e-01
1.571154745951297282e-01
1.570000771149991647e-01
1.571334693804378457e-01
1.571493775993586806e-01
1.571135064154863537e-01
1.571284231454130320e-01
1.571001569777723539e-01
1.571841735094785530e-01
1.573076384514565662e-01
1.573755412101744966e-01
1.573263120800255654e-01
1.574180377721788593e-01
1.574147018760445049e-01
1.572505917102102468e-01
1.573096843898298125e-01
1.573526945099230911e-01
1.572942232355472592e-01
1.571915138259534217e-01
1.573002153575422668e-01
1.573663358345626928e-01
1.573160463958976629e-01
1.572099744677544486e-01
1.573044185519213989e-01
1.572378017425541674e-01
1.571444376111028884e-01
1.571421889424326757e-01
1.571489349484442577e-01
1.573100106358530925e-01
1.574845191597935290e-01
1.574683014795187075e-01
1.571844652399419506e-01
1.573648435547948810e-01
1.574575622096658079e-01
1.572435460165139409e-01
1.572314162626858303e-01
1.572030644029374924e-01
1.571689122319223086e-01
1.571791179478172762e-01
1.573123099356888155e-01
1.572845770120623599e-01
1.573730561316010468e-01
1.574835177883506243e-01
1.572817459702488818e-01
1.572366382926702055e-01
1.572468134015794217e-01
1.572560419887300553e-01
1.572858870029453793e-01
1.573591093346473624e-01
1.573842808976766983e-01
1.573723754286764087e-01
1.573555746674537847e-01
1.571286460757259640e-01
1.570503066107633017e-01
1.571349019929770829e-01
1.572165516793723461e-01
1.572706754386425654e-01
1.572898865371947230e-01
1.573002666056159959e-01
1.572100990027194001e-01
1.567532214760779807e-01
1.570230612725019570e-01
1.572855973124502871e-01
1.570503690421581333e-01
1.571146372318265039e-01
1.572773142278190706e-01
1.574031804531814960e-01
1.573703316450118517e-01
1.570966129302982517e-01
1.571122522354129192e-01
1.572796726226804720e-01
1.573435602188110460e-01
1.571404118537903238e-01
1.571805152893067659e-01
1.569965870678420583e-01
1.569199947148562646e-01
1.573434697255493842e-01
1.569623446047307136e-01
1.567080428391691427e-01
1.568077417820691599e-01
1.571157798707482900e-01
1.574708679750559948e-01
1.566372850179668097e-01
1.562888615578414131e-01
1.571354582786557985e-01
1.572382991790767515e-01
1.569017611980434990e-01
1.567695751786230274e-01
1.567389318197970061e-01
1.569047608226534773e-01
1.570573075488211900e-01
1.573080751597882021e-01
1.573012801229954072e-01
1.573141326427463516e-01
1.572904071867462783e-01
1.570458252131939347e-01
1.570440376788382608e-01
1.572630623430008590e-01
1.572027668818827550e-01
1.571812300041320332e-01
1.570311218068004555e-01
1.569054752483963755e-01
1.566647585406898691e-01
1.564984312131997291e-01
1.563977311134339132e-01
1.562672969698905290e-01
1.560124253153800655e-01
1.560466474771498024e-01
1.562010681509973242e-01
1.563529631495472194e-01
1.568207152605053389e-01
1.568846990346907666e-01
1.566248941898342739e-01
1.567142528772353383e-01
1.564456303238873081e-01
1.564285176977514014e-01
1.567191478133203031e-01
1.566472545564172592e-01
1.566419485360383834e-01
1.566853488981726217e-01
1.566071278303862446e-01
1.563816644996401939e-01
1.562888978868727796e-01
1.561435444995757926e-01
1.561059070855377318e-01
1.562875234812502734e-01
1.562706907421355096e-01
1.562160729333753328e-01
1.560422822847963575e-01
1.558531059220429893e-01
1.556055465325710541e-01
1.555739363580940227e-01
1.557053631097074231e-01
1.556742784678932234e-01
1.557175902277231627e-01
1.556533830910920291e-01
1.553764122873541875e-01
1.553009330168364510e-01
1.553101910233500027e-01
1.552969463154675045e-01
1.554615084886548093e-01
1.554869938462974110e-01
1.553637309461835536e-01
1.553530111491681354e-01
1.554130774497981260e-01
1.551526641845700771e-01
1.550622047245506785e-01
1.549554309666160423e-01
1.549538364470008089e-01
1.550439268052582475e-01
1.550585727632047273e-01
1.551886294603343208e-01
1.551451345086093947e-01
1.549391166687007215e-01
1.547557469129563767e-01
1.543298477709294236e-01
1.542513767361644583e-01
1.544234815061089339e-01
1.545065884590144378e-01
1.548332287549970820e-01
1.550351421833036092e-01
1.550717866063114347e-01
1.548691940307613257e-01
1.548320623934270335e-01
1.547772138714793300e-01
1.547227049231529039e-01
1.546156633481386156e-01
1.546939946472644101e-01
1.549327832937240634e-01
1.550105830326672651e-01
1.551868985921143473e-01
1.553024884313345955e-01
1.551661294847727912e-01
1.551679931983353244e-01
1.552027731120582954e-01
1.553184698611498327e-01
1.553778689324859519e-01
1.554468823239202879e-01
1.555013970136641666e-01
1.555211150050164470e-01
1.555615701198579670e-01
1.555745382070541361e-01
1.556316391468043903e-01
1.557803733587260209e-01
1.558206807732577248e-01
1.558625685811040606e-01
1.558365290164942796e-01
1.556084797382349949e-01
1.555884611994030609e-01
1.556879030793907881e-01
1.556937673732641247e-01
1.557081991493700912e-01
1.558086750358346761e-01
1.558258986294272785e-01
1.557289826795460463e-01
1.557154667377467494e-01
1.557974486798044955e-01
1.557391898006202924e-01
1.555865409016613521e-01
1.555063001692298108e-01
1.553508289992812930e-01
1.552520861923694928e-01
1.552239879250523480e-01
1.551582184791562014e-01
1.550950638562445250e-01
1.550085087835790520e-01
1.548059560269117452e-01
1.547848306208851055e-01
1.546893674224613935e-01
1.545815456926823150e-01
1.544805065900092256e-01
1.543889139205220917e-01
1.542410951703786781e-01
1.540250398814678179e-01
1.538718289822343932e-01
1.536495394825937444e-01
1.535821893244981307e-01
1.537164907693860105e-01
1.536666318565606537e-01
1.536547694429754862e-01
1.535667134150865420e-01
1.532628462463619112e-01
1.530873694941406182e-01
1.529422986656426009e-01
1.529027177765967527e-01
1.528030342161656452e-01
1.527299004346128752e-01
1.526470133960247944e-01
1.525414750039577050e-01
1.524960627675054914e-01
1.525201427757738870e-01
1.524988548666240951e-01
1.525318282276387494e-01
1.524527482986452187e-01
1.522087572455404214e-01
1.521362365335230116e-01
1.520793308943511057e-01
1.520663306444880181e-01
1.522623685032132579e-01
1.523142069995404302e-01
1.522951350420717331e-01
1.522178574204448576e-01
1.522271496444945194e-01
1.521875991269946160e-01
1.521669189974669545e-01
1.521681007191537371e-01
1.521963881820436737e-01
1.522260493963960848e-01
1.522309683129189906e-01
1.522441001951689854e-01
1.522826390936968532e-01
1.523243981838224015e-01
1.523060224115847516e-01
1.522841901034120704e-01
1.522875727817416536e-01
1.522411902055141597e-01
1.521986334532501040e-01
1.521943053975700899e-01
1.522074520513419793e-01
1.521362237766386849e-01
1.521316889196631106e-01
1.521336830750102953e-01
1.521891649082307285e-01
1.522047636345026378e-01
1.522075849950310644e-01
1.521692632555962932e-01
1.520940985679622715e-01
1.521273606777192033e-01
1.522099399209025095e-01
1.522419612720612714e-01
1.524081516623497501e-01
1.524094069883223102e-01
1.522284185200931672e-01
1.521773670166728099e-01
1.521717998385427317e-01
1.521569884866478262e-01
1.521012576371429392e-01
1.520458073616024752e-01
1.519950382411481282e-01
1.518646599501367878e-01
1.518430114537475673e-01
1.519488616734746000e-01
1.520003248453137834e-01
1.520875242799521188e-01
1.520947749018668194e-01
1.520300509184594195e-01
1.520418645590548290e-01
1.520501619547606487e-01
1.520407710582021843e-01
1.521165331497786322e-01
1.520970869064331710e-01
1.518578699171546642e-01
1.518044387459754063e-01
1.517910329699515559e-01
1.518753358125687347e-01
1.520016129076481592e-01
1.520536710202689545e-01
1.519063765212895212e-01
1.518590624511246545e-01
1.518919387176630442e-01
1.519102886050937573e-01
1.519174041688445831e-01
1.519704756453638395e-01
1.519992626771335953e-01
1.520226466044788116e-01
1.519766906917094096e-01
1.518706877410416767e-01
1.518438520789145707e-01
1.517531156569724426e-01
1.517258076399565780e-01
1.518097051158548150e-01
1.518460284918546621e-01
1.518937020003794658e-01
1.518096165582539792e-01
1.517247636169191949e-01
1.517391689866786075e-01
1.517032619714735742e-01
1.517332061767573681e-01
1.517736138820646175e-01
1.517160720109935745e-01
1.517374712705607531e-01
1.516527006864547555e-01
1.515898608714346396e-01
1.515433090925215054e-01
1.515048308148982115e-01
1.513360843062405425e-01
1.513612789437170369e-01
1.515585705190900800e-01
1.515827620029445710e-01
1.516876921653751431e-01
1.517146257162090284e-01
1.516344744205478934e-01
1.515058921784166179e-01
1.514595563918352539e-01
1.514383953988552300e-01
1.514453392058610071e-01
1.514719279497857563e-01
1.514826549291607427e-01
1.513862854912875755e-01
1.513580322712660686e-01
1.514218712702396497e-01
1.514299893379208173e-01
1.515454986691473216e-01
1.515376357734204982e-01
1.513688564300536832e-01
1.513624539971352712e-01
1.513841595143078922e-01
1.513815043956039663e-01
1.514849802717566085e-01
1.514995539233093269e-01
1.514080555826424479e-01
1.513665510207418130e-01
1.513400320142506417e-01
1.513606071054940105e-01
1.514155182629821628e-01
1.514330550253394359e-01
1.514588218241926521e-01
1.514180551201109448e-01
1.513174362868069389e-01
1.512319353520866494e-01
1.511544727146622580e-01
1.510969657033676972e-01
1.511554314106703933e-01
1.512161684900520664e-01
1.511457707047463017e-01
1.510879982084039341e-01
1.510321038544182037e-01
1.509009232476350715e-01
1.508515480175611490e-01
1.508735368072983418e-01
1.508636116191746090e-01
1.509269225299362249e-01
1.508727340817447304e-01
1.507204931557183103e-01
1.506616144716742822e-01
1.507095935195681691e-01
1.506222953438759449e-01
1.505774034082890955e-01
1.506237701117989214e-01
1.504961260318751770e-01
1.503666148290036253e-01
1.504095158278941080e-01
1.504645984098313960e-01
1.504713823422786645e-01
1.504420787036417906e-01
1.503852411478757700e-01
1.503951707273723237e-01
1.504766156405208111e-01
1.506580156743522747e-01
1.506883989632132326e-01
1.506254445940252706e-01
1.506146913632750439e-01
1.505082063525919056e-01
1.505595238968729654e-01
1.508169081538910938e-01
1.509278851747517525e-01
1.509497478604318599e-01
1.510045225918296985e-01
1.509547710373992935e-01
1.510922011911867424e-01
1.513564985692501530e-01
1.515256071120504311e-01
1.515460429668425424e-01
1.515293254047627436e-01
1.515250906825067190e-01
1.514958607703448812e-01
1.514604484587911970e-01
1.514400126039980587e-01
1.515197493255141525e-01
1.516086194723842151e-01
1.517051917970181074e-01
1.517470709964628128e-01
1.516114998012778881e-01
1.514800153642896219e-01
1.513406355679033366e-01
1.512247721850874804e-01
1.510899281099434832e-01
1.509696659833193455e-01
1.508248145073648738e-01
1.507265698134895304e-01
1.505454647630451726e-01
1.502255552798513749e-01
1.500117218226192650e-01
1.497946877956393141e-01
1.495874654397369996e-01
1.494164808467026706e-01
1.492868929892778029e-01
1.490666658952829182e-01
1.487231039598579940e-01
1.484974717974663905e-01
1.483860348463058587e-01
1.481265166640277076e-01
1.478086183190350789e-01
1.475351797342300819e-01
1.472716800808905602e-01
1.470762935355305334e-01
1.469759116247293107e-01
1.468059595137833906e-01
1.465494164153936241e-01
1.462533446669579407e-01
1.460737055003638041e-01
1.458602080285550939e-01
1.455727883100509934e-01
1.453810893237588164e-01
1.452942634150383161e-01
1.450741403549908048e-01
1.448333889394994856e-01
1.446976146697993570e-01
1.445605582594874927e-01
1.443363841995597419e-01
1.441607339605686378e-01
1.439275732040409816e-01
1.436994216054676698e-01
1.435436519429091617e-01
1.434999213755129011e-01
1.434136717915533432e-01
1.432381220608950900e-01
1.430920341789723715e-01
1.429465774118895971e-01
1.427981745839115302e-01
1.426741305992011433e-01
1.424890292286871696e-01
1.423415106967088062e-01
1.421897655680776085e-01
1.419795402467252943e-01
1.418005799591539884e-01
1.415999093234537598e-01
1.413726957201960899e-01
1.412244261279700652e-01
1.409829458221791010e-01
1.407594893395899549e-01
1.406217517971996012e-01
1.404080011218785951e-01
1.401386122748260465e-01
1.398791562080387296e-01
1.395081031322480125e-01
1.391971658706663562e-01
1.390006549358369925e-01
1.386836029529575631e-01
1.383116952896121243e-01
1.379459318161014580e-01
1.375516837731005637e-01
1.371307683035735414e-01
1.367871704533699384e-01
1.364854726240038452e-01
1.361884450852872130e-01
1.357961406707762220e-01
1.353677556827668216e-01
1.350416603729128751e-01
1.347235944271087393e-01
1.343528773784642416e-01
1.339858172893520494e-01
1.336288943767551529e-01
1.331746072426440997e-01
1.328053586110470030e-01
1.325728578165175919e-01
1.322085898712279106e-01
1.318313249871135295e-01
1.314926716536282680e-01
1.310829319357876277e-01
1.307852837294335990e-01
1.305260260552165708e-01
1.302324453294281259e-01
1.300518108755353841e-01
1.298034882396456868e-01
1.294153950199481151e-01
1.290990574747325759e-01
1.288583271324631185e-01
1.285722045540813874e-01
1.283587693482636793e-01
1.282538377940652119e-01
1.280742394343022672e-01
1.278860585242508618e-01
1.276561529248950166e-01
1.273929018378260891e-01
1.272691200897094477e-01
1.271563592672348697e-01
1.269457247018813961e-01
1.267943698167797173e-01
1.266958080321546054e-01
1.265629726171498270e-01
1.264322181582454296e-01
1.262783564209937481e-01
1.261445271521803024e-01
1.260298428833488416e-01
1.258786949738865124e-01
1.258474509567024946e-01
1.258662094205621751e-01
1.257792097449305369e-01
1.256410511344669412e-01
1.255678363591437308e-01
1.255087308347221375e-01
1.254276726722721169e-01
1.254103936314578671e-01
1.253830744653937901e-01
1.253103167295460119e-01
1.252650993078946451e-01
1.251686050146818274e-01
1.250965329259629277e-01
1.250937756672499401e-01
1.250464894175533914e-01
1.250364040434360779e-01
1.250273360535504863e-01
1.249844584688544064e-01
1.250133580788970189e-01
1.250543335974219905e-01
1.250218362808223072e-01
1.249668975323437042e-01
1.249472031831738855e-01
1.248495686650278463e-01
1.248821135044101832e-01
1.250304749131203597e-01
1.250954171299938356e-01
1.251597287058827390e-01
1.251798404753211025e-01
1.251617634743451557e-01
1.251852222904558387e-01
1.251967231556776472e-01
1.251850600987669537e-01
1.253165533244609275e-01
1.253468094468118410e-01
1.253782893791797748e-01
1.255853807777164433e-01
1.257165953367944122e-01
1.257200747340915525e-01
1.257801975399258643e-01
1.258885290175672522e-01
1.259978536039591257e-01
1.261192958831788558e-01
1.261991161823270147e-01
1.261958143711091884e-01
1.262965343534942497e-01
1.264608232766389340e-01
1.265737367525695267e-01
1.266924572914842895e-01
1.267378900349143411e-01
1.267269549965860109e-01
1.268050771504636576e-01
1.269260257482525411e-01
1.270030868202448315e-01
1.271085318326950486e-01
1.271765589714053124e-01
1.272605465501542299e-01
1.273242164805528376e-01
1.273142403721808646e-01
1.274306970700621044e-01
1.276012487366799120e-01
1.277235113233327890e-01
1.278556468680498437e-01
1.279141625642776503e-01
1.280043454051014162e-01
1.281384050846096356e-01
1.282296396732333643e-01
1.283491787910457926e-01
1.284460713386534614e-01
1.284705154895785517e-01
1.285524085521696780e-01
1.286673366427422138e-01
1.287343106642365453e-01
1.287768085911869531e-01
1.288052780762319327e-01
1.289083547055726031e-01
1.291010689526799760e-01
1.291424616977570883e-01
1.291786674559111670e-01
1.292465403586622874e-01
1.291549428850408687e-01
1.292206153273578462e-01
1.294390655606987017e-01
1.295133265554908875e-01
1.295551213920112799e-01
1.296329635381696099e-01
1.297019191235301017e-01
1.297124850362541548e-01
1.296838092505936124e-01
1.297420597031714307e-01
1.298010174721475340e-01
1.298547440469263181e-01
1.300041499003771750e-01
1.301066076278682149e-01
1.301459815740581560e-01
1.302260704204440400e-01
1.303327720463279826e-01
1.303980367198584733e-01
1.304469299659129500e-01
1.304798201784491130e-01
1.305323236852887203e-01
1.305840019896631066e-01
1.306195446386932413e-01
1.306421050846578169e-01
1.306274282693865030e-01
1.306547188937665915e-01
1.306873143911365942e-01
1.307092559352514838e-01
1.307884164288644069e-01
1.308763741701844951e-01
1.309054807275529531e-01
1.308728671967978874e-01
1.309073533058166816e-01
1.309076186031098432e-01
1.308796592161061978e-01
1.309261157199742842e-01
1.309669758021831387e-01
1.309673737883565170e-01
1.310091033756732581e-01
1.310622861206527379e-01
1.310974120855327718e-01
1.311429299116134983e-01
1.311958868339657691e-01
1.312263727083803344e-01
1.312939340054986026e-01
1.312673104614017483e-01
1.312012085944414264e-01
1.312448735654352383e-01
1.313050934866070441e-01
1.313858636200430086e-01
1.314293915152547898e-01
1.313732459843160449e-01
1.314032718300822411e-01
1.314194271206854114e-01
1.313786998689178975e-01
1.314186753690239906e-01
1.314161695301529487e-01
1.313758107841019318e-01
1.314507943272593959e-01
1.315989925861362486e-01
1.316763493061066381e-01
1.316574965536594366e-01
1.316983122467997036e-01
1.317092082232237116e-01
1.316697014629845675e-01
1.318191968619828458e-01
1.318195064067844702e-01
1.316634516060349314e-01
1.316351061463360561e-01
1.315663429796693207e-01
1.315388966739174659e-01
1.316994049802421851e-01
1.316839261755351764e-01
1.315636042669412198e-01
1.315762231782076075e-01
1.315317768961193068e-01
1.315171088859439508e-01
1.316021686032410043e-01
1.315004065185782223e-01
1.313517805099487790e-01
1.314223491176964020e-01
1.314124697327617164e-01
1.312644630968568260e-01
1.312835074722769890e-01
1.313613801002504466e-01
1.313067970335483892e-01
1.313587713897226839e-01
1.314691203251476259e-01
1.313406132638451351e-01
1.312234255537390315e-01
1.311553655117747019e-01
1.311096653044221960e-01
1.311884506344790369e-01
1.311777513921263405e-01
1.311270110458132299e-01
1.311675384789701138e-01
1.312068574577573699e-01
1.312575830668212540e-01
1.312536776959891405e-01
1.312104338109491564e-01
1.311304775863882388e-01
1.309179658412933656e-01
1.308391669750211261e-01
1.308684587001804067e-01
1.307761969998480489e-01
1.307390114679937154e-01
1.306819366857413511e-01
1.304594759196041065e-01
1.303643117994070788e-01
1.303361603081221731e-01
1.303689240828155294e-01
1.304158332481977212e-01
1.302897206678986786e-01
1.302349589318032574e-01
1.302518885135651727e-01
1.301151692390440373e-01
1.300454100236292931e-01
1.299954852744940603e-01
1.298698942810299350e-01
1.298190595909948786e-01
1.298370488345618745e-01
1.297717925757172486e-01
1.297021417379374542e-01
1.297115499898793267e-01
1.297771491557357382e-01
1.297945036664601148e-01
1.297221224427218544e-01
1.296546438813205582e-01
1.295134701311592418e-01
1.293485763296483293e-01
1.293853182196613993e-01
1.293225569441917300e-01
1.291630062460903949e-01
1.291499685794116892e-01
1.290987144351002092e-01
1.289947747230534014e-01
1.290700305327772968e-01
1.291111572325226997e-01
1.288988384723661340e-01
1.288218306541445701e-01
1.288042262941602178e-01
1.285879981517793758e-01
1.285601806282997139e-01
1.285591621130708628e-01
1.283898081243042000e-01
1.283065850973132416e-01
1.283693759799002243e-01
1.283185779407619298e-01
1.281562486067418793e-01
1.281077955305580940e-01
1.280465873837468849e-01
1.278118445008988857e-01
1.276406717747448627e-01
1.275846417501572405e-01
1.274877158164973989e-01
1.274429316401483603e-01
1.275879585742948075e-01
1.275793380811808819e-01
1.274363793000577727e-01
1.273440804868933574e-01
1.271421038776636148e-01
1.270267300307750813e-01
1.269471397921445588e-01
1.268585504829888022e-01
1.267557065784930825e-01
1.267158892974261097e-01
1.267704367563125545e-01
1.266703720837830949e-01
1.265236169904466468e-01
1.263985929965974198e-01
1.260979760885237166e-01
1.259658891469242481e-01
1.260064665153620145e-01
1.259688086986543165e-01
1.259987032413480701e-01
1.259361476823687709e-01
1.258009778261180711e-01
1.256764048263434574e-01
1.254728320419788157e-01
1.253830863177776977e-01
1.254811640381816307e-01
1.253317979127172299e-01
1.250818526640538331e-01
1.249473212689160562e-01
1.246535990416999251e-01
1.245449426561598683e-01
1.246994634121655621e-01
1.246263738721607867e-01
1.244256258010868338e-01
1.243128443241117431e-01
1.241438492059703108e-01
1.240395135551695671e-01
1.240517910629512777e-01
1.239442560940984400e-01
1.238054103225474240e-01
1.236846838504071372e-01
1.235245754294093251e-01
1.233977826498443980e-01
1.232823280423879370e-01
1.231968017667528920e-01
1.231902149319646089e-01
1.229954939335583947e-01
1.226833146199581143e-01
1.225697124160827489e-01
1.224091676056384415e-01
1.222658780224624292e-01
1.222996060311789673e-01
1.222009984254836534e-01
1.219451055854560012e-01
1.218500561177729008e-01
1.217964637547727658e-01
1.216857165925208650e-01
1.215099914938207459e-01
1.213500968635080890e-01
1.212067061774431825e-01
1.210405416391793498e-01
1.209254750460390521e-01
1.208963247686623138e-01
1.208593121692540240e-01
1.209072652831675032e-01
1.208538849987088187e-01
1.207571963205936322e-01
1.206011417627336768e-01
1.203073993921277562e-01
1.201037791728974818e-01
1.198864045143127194e-01
1.197257221125067744e-01
1.196526033349337298e-01
1.195841032832861001e-01
1.196329866409299864e-01
1.195363985478874874e-01
1.193064346149568244e-01
1.192047129958870161e-01
1.190979627177123357e-01
1.190241442337630212e-01
1.191619627982375557e-01
1.190423816666005413e-01
1.187387710735206131e-01
1.185648047961298246e-01
1.182864705361428986e-01
1.181984620243312217e-01
1.183263479202985302e-01
1.182945200473068809e-01
1.183042112737897195e-01
1.182235487684607650e-01
1.180483806364240607e-01
1.178888744749126832e-01
1.177007614701990335e-01
1.175599391743540334e-01
1.174278235360981526e-01
1.173423577353360642e-01
1.173127009257670800e-01
1.173796462751924841e-01
1.172457697838545365e-01
1.171818315200510857e-01
1.172506212882694354e-01
1.170253913998599016e-01
1.168428931832318080e-01
1.166081600785256883e-01
1.164677162468432114e-01
1.164848839424546256e-01
1.164445193521679439e-01
1.163826623104509267e-01
1.163552863270039678e-01
1.163232790634031733e-01
1.162921770408751054e-01
1.164052044317125528e-01
1.163193035431204364e-01
1.160625501804058574e-01
1.158973221927882546e-01
1.155987273901696866e-01
1.154431835748256779e-01
1.154175301030279377e-01
1.153704956889155808e-01
1.153410130083558915e-01
1.153391791701312147e-01
1.154058354981244428e-01
1.154052618496116539e-01
1.153953133374454321e-01
1.153558643244202708e-01
1.152402297466992159e-01
1.152069020748135858e-01
1.152300365723672448e-01
1.151817074432964771e-01
1.150130221806466985e-01
1.147800848364828319e-01
1.144637059628965947e-01
1.141402762502427004e-01
1.140820856787264220e-01
1.141297863870859297e-01
1.140816095322366996e-01
1.141134220741691213e-01
1.140047127842898494e-01
1.137450012803075255e-01
1.136383503086860203e-01
1.134994668960570968e-01
1.134261489026251041e-01
1.135266092240806296e-01
1.134640313066543893e-01
1.133141066998241131e-01
1.131731947302817565e-01
1.128380912125115515e-01
1.127130396708845017e-01
1.128127736970783029e-01
1.127184590600426445e-01
1.126787013597783244e-01
1.124333686113355713e-01
1.118688317924738940e-01
1.115507687486703703e-01
1.122265739634631804e-01
1.121606099903587478e-01
1.122565970644355399e-01
1.122519789427517956e-01
1.121604195378723412e-01
1.121273449726406662e-01
1.122232111543418898e-01
1.120569250479336726e-01
1.119039111115036622e-01
1.118424299955365908e-01
1.116747822739180135e-01
1.116292088419195555e-01
1.114621828392145519e-01
1.111574091263119318e-01
1.110027145683769451e-01
1.108582932166754242e-01
1.106725385829806924e-01
1.107447818264368916e-01
1.106352473534638753e-01
1.103384514152999790e-01
1.103734989479182443e-01
1.104433989301320945e-01
1.102517319247128674e-01
1.101432276934388721e-01
1.100487657129768232e-01
1.099795072734355700e-01
1.097389017976819342e-01
1.099903909206393082e-01
1.101945696905255179e-01
1.098581707924603246e-01
1.095034503191710945e-01
1.090191327877342714e-01
1.086867267295720946e-01
1.083930930547412630e-01
1.080753970563408384e-01
1.078273808695375535e-01
1.075500121615824006e-01
1.070641030162569479e-01
1.067540414258836973e-01
1.069658643096684236e-01
1.070498641155658431e-01
1.068742338001732739e-01
1.065253091454507056e-01
1.062219701170924457e-01
1.056431468412284136e-01
1.051777358353136738e-01
1.048156439609829876e-01
1.044435934916140285e-01
1.039454113014039588e-01
1.033208805859088530e-01
1.027917047739028422e-01
1.022497857064007809e-01
1.017314535140994847e-01
1.010845801405604455e-01
1.004452913701531364e-01
9.970981480255707019e-02
9.920424065887915865e-02
9.867790566086741266e-02
9.809652598053184014e-02
9.772555398344992539e-02
9.725462274402374430e-02
9.664781786352398540e-02
9.625693937689069890e-02
9.555920382738110341e-02
9.469843858480454790e-02
9.399307395443318169e-02
9.339554110169415169e-02
9.254864396899940837e-02
9.176597538739444948e-02
9.120725376605989809e-02
9.049600861966614063e-02
8.965564444661139332e-02
8.894901276826855385e-02
8.840074340254064356e-02
8.788367198780180911e-02
8.757654180526730503e-02
8.707755099534987553e-02
8.662710332795973966e-02
8.582212416082622697e-02
8.491665397286410344e-02
8.419925644397735498e-02
8.378781741857527221e-02
8.336913705468181057e-02
8.302736001387232834e-02
8.263072810620068764e-02
8.204711775630715853e-02
8.161676471829412693e-02
8.126295041739940717e-02
8.107607428729535215e-02
8.086353534087542538e-02
8.038514264300462842e-02
8.007058563530448925e-02
7.989108853042130309e-02
7.942047787904743528e-02
7.920815536305306215e-02
7.919041407257317033e-02
7.903593577444552321e-02
7.863939054161307729e-02
7.837593881115320626e-02
7.811824463084343639e-02
7.805292546749113825e-02
7.785710321143271551e-02
7.787947136610744170e-02
7.830137402117250123e-02
7.827277093827722521e-02
7.783604247868063097e-02
7.764917162060737399e-02
7.732852390185000757e-02
7.694296946525577829e-02
7.679837284162635558e-02
7.692425474524497431e-02
7.712528717145322732e-02
7.710818859934806535e-02
7.701635783761744125e-02
7.710218561589714248e-02
7.710555741190913692e-02
7.708153549432755769e-02
7.714215799719101319e-02
7.712532703578468818e-02
7.710681413859127309e-02
7.712819938436146772e-02
7.723226658403876954e-02
7.748941250219945620e-02
7.758239932656292581e-02
7.751079891622063289e-02
7.747554186731572812e-02
7.738812636137014367e-02
7.752137855291361956e-02
7.772869021743536444e-02
7.779876823425296850e-02
7.794999861419203702e-02
7.788734672069552722e-02
7.766459805890914281e-02
7.805130931735043687e-02
7.829283083528282283e-02
7.864511138796810574e-02
7.860982829332353872e-02
7.882731932550664233e-02
7.887050744444137895e-02
7.868511227667333852e-02
7.872526966929438430e-02
7.886175379604104529e-02
7.870738797634836692e-02
7.847348517179486560e-02
7.868369299918415161e-02
7.889608936980364862e-02
7.921908893808721208e-02
7.941727972030637739e-02
7.956143656969066891e-02
7.966118562370538836e-02
7.959047764763234334e-02
7.969572372734545773e-02
8.005768042951819097e-02
8.013189677000044642e-02
8.017964287847276217e-02
8.020634446740146362e-02
8.009518595337862534e-02
8.034505433589216039e-02
8.058618709444997918e-02
8.095761126279835129e-02
8.113579047098758157e-02
8.138898384645584794e-02
8.145002926960591416e-02
8.129361255615946691e-02
8.126672723889348526e-02
8.144998636096711930e-02
8.176197330057623225e-02
8.179075790569187432e-02
8.172576399073003262e-02
8.194191528558730786e-02
8.216662541627886562e-02
8.229475951194767380e-02
8.253634720444680273e-02
8.286167338043454178e-02
8.288583679497243950e-02
8.270785294771194895e-02
8.284931415915489095e-02
8.311809647828341530e-02
8.313983720540996103e-02
8.325186665058136037e-02
8.338259217143056956e-02
8.336013277247544817e-02
8.356413360983136474e-02
8.365208289325234969e-02
8.361926839947698975e-02
8.326754477620125494e-02
8.332137783318761814e-02
8.346406131833788988e-02
8.363207025527955030e-02
8.400767163932325310e-02
8.438605900257824255e-02
8.433327822536230978e-02
8.408101167231797624e-02
8.382708189636468854e-02
8.361457619816060893e-02
8.383154846057291887e-02
8.425693227052689915e-02
8.441957574933764419e-02
8.454622735083099083e-02
8.468905555084345338e-02
8.462921715006233025e-02
8.471951425150042736e-02
8.499143088161945081e-02
8.517235925793648077e-02
8.524787507504222317e-02
8.523967613205317428e-02
8.511261746287343555e-02
8.526261894777419081e-02
8.555437922626733804e-02
8.544833783805365346e-02
8.561331899687649183e-02
8.591398904621598553e-02
8.595086540132756969e-02
8.582226135134693457e-02
8.582057777345183935e-02
8.573718633502722120e-02
8.556364351511006050e-02
8.550406997203827131e-02
8.557863107472654662e-02
8.594331735372540138e-02
8.640105694904920419e-02
8.680592413842673494e-02
8.704660286009315018e-02
8.689566776156423811e-02
8.642326431050899316e-02
8.608779480680821272e-02
8.626277823522685018e-02
8.634890849888324227e-02
8.673559395074842415e-02
8.680120338946581415e-02
8.677686786353584758e-02
8.661760626509783234e-02
8.646227433532473194e-02
8.647446104288100677e-02
8.674406981617208134e-02
8.691890602111820852e-02
8.672682704180478819e-02
8.672603684738282304e-02
8.697761531174180716e-02
8.702412579059601305e-02
8.712043455243105583e-02
8.730521620213982370e-02
8.723986386731262532e-02
8.651384799554942551e-02
8.649865384697918991e-02
8.684818111360077808e-02
8.694346426129341554e-02
8.700567080527539521e-02
8.728485301136970631e-02
8.723001413941383619e-02
8.725822461321952606e-02
8.765948615223166651e-02
8.815473157167437457e-02
8.832733653932815787e-02
8.813101786971092033e-02
8.793619587421412642e-02
8.775425297021866022e-02
8.773874158784751576e-02
8.795214349180463520e-02
8.801028913259509312e-02
8.811540559828286157e-02
8.814744816720486431e-02
8.802295440658927661e-02
8.791210077404972012e-02
8.802181334048506112e-02
8.807147078961134745e-02
8.815564352124928560e-02
8.836276652142407984e-02
8.852752462327474758e-02
8.851833094581962325e-02
8.833056932687760598e-02
8.815861515626315092e-02
8.795957751423121029e-02
8.784892885461444145e-02
8.790667649507521997e-02
8.827480321824546228e-02
8.841133403778078659e-02
8.856155940517779213e-02
8.860529727190732951e-02
8.852247714400286738e-02
8.839154529571528751e-02
8.843858024924992900e-02
8.879317217320205347e-02
8.892283990979193975e-02
8.888108000755307048e-02
8.886774517297746367e-02
8.864939934611322514e-02
8.857882940769196134e-02
8.848921363949778518e-02
8.829417793750762855e-02
8.844288545921441536e-02
8.864467277005312618e-02
8.884919452816250618e-02
8.894695505797864388e-02
8.898351356014609637e-02
8.892593144178388698e-02
8.877074945121998795e-02
8.870708263888950340e-02
8.862159634530542007e-02
8.851006383821367896e-02
8.854869794845583730e-02
8.859234690666195622e-02
8.882812900766731690e-02
8.881288069486616144e-02
8.870982478186487108e-02
8.881093210801480065e-02
8.863581902980807725e-02
8.877051129564640652e-02
8.899089043065902538e-02
8.873315020501612582e-02
8.865844667181373151e-02
8.857274532318118454e-02
8.861766415089369908e-02
8.870800157487389315e-02
8.876253956258292610e-02
8.902353930324319320e-02
8.898434054851531161e-02
8.863313396796586308e-02
8.865405287593601524e-02
8.872094808816911871e-02
8.839049346745013469e-02
8.841883198097348628e-02
8.886976216882468138e-02
8.878420042991633232e-02
8.877354326695205411e-02
8.903581288084391754e-02
8.868253032863142316e-02
8.856670106872913117e-02
8.904648533910511365e-02
8.926735997200016537e-02
8.930363297313453907e-02
8.933879236578942673e-02
8.916645497381690821e-02
8.919668215513233689e-02
8.942539796680208652e-02
8.944973393082622515e-02
8.932151697799560475e-02
8.953883747011419370e-02
8.992776975333691136e-02
8.986687577068805388e-02
9.002766270115972191e-02
9.053539315164089996e-02
9.060701785981653544e-02
9.056595565006134163e-02
9.060210162997248129e-02
9.027104057818655103e-02
8.999545950293537377e-02
8.981411055028436230e-02
8.976861822009089831e-02
9.023220017552380234e-02
9.039617672562599848e-02
9.030601061880587366e-02
9.054616417735811273e-02
9.053775135800247453e-02
9.059652742892500277e-02
9.062251698821779944e-02
9.065748157724737299e-02
9.083301167786127228e-02
9.086142155081033955e-02
9.072553019225594595e-02
9.078062835484744519e-02
9.104440674558281210e-02
9.065326603353025814e-02
9.064183373451235870e-02
9.069582752063871933e-02
9.044895680621264922e-02
9.091411301493645958e-02
9.137487831711765818e-02
9.115067996457222599e-02
9.114228857904675685e-02
9.061130512058733488e-02
8.968682743608949459e-02
8.971967561542985858e-02
8.995746183320878220e-02
9.005292148888115189e-02
9.021705091968180990e-02
9.007748022601007321e-02
9.003750099465249179e-02
8.997757863700391046e-02
8.986585226505992841e-02
8.991580047607423964e-02
8.991589408442379749e-02
8.976793709769842478e-02
8.980574616640804586e-02
8.999422734677794966e-02
9.001758117228750300e-02
9.005045557022091363e-02
8.990028491020203572e-02
8.961172635257241836e-02
8.966783930361266197e-02
8.963383902236819745e-02
8.935139051601294347e-02
8.931821080818774794e-02
8.909248176366092731e-02
8.869424678012731433e-02
8.871763042509557551e-02
8.856239026784896995e-02
8.840513256937267139e-02
8.839607582911851447e-02
8.831057296693324565e-02
8.827097065299746581e-02
8.838944299966099150e-02
8.855610482096668012e-02
8.822206350043416967e-02
8.789594241902232152e-02
8.783835509195921099e-02
8.763319043219088000e-02
8.750549121201038616e-02
8.742196676135066680e-02
8.718289092481136537e-02
8.682480121254916583e-02
8.646719576865433132e-02
8.623439633846285979e-02
8.608983093202116077e-02
8.573645190447568010e-02
8.534411202371117167e-02
8.495563334375623443e-02
8.456634660065168174e-02
8.454098634198312090e-02
8.512409736514095493e-02
8.519375880360607889e-02
8.488106747344133229e-02
8.497451651543379281e-02
8.482264524921774573e-02
8.456233685016635582e-02
8.474622197449205308e-02
8.450616026222709798e-02
8.367261132895945086e-02
8.313352968692776235e-02
8.296849600076680598e-02
8.289655697941780699e-02
8.276122078299523455e-02
8.305442005023357110e-02
8.325574180483816256e-02
8.269860999137164381e-02
8.269410288333894909e-02
8.289133531376716157e-02
8.206254912167787463e-02
8.144896878004072305e-02
8.135896728932856536e-02
8.097720924615857407e-02
8.069641634076832326e-02
8.095701863989231140e-02
8.076990985274312695e-02
8.005554746463891536e-02
7.974831437319519767e-02
7.951096473932270370e-02
7.941631326824426240e-02
7.962572662532325929e-02
7.965373834446072554e-02
7.973151876926422299e-02
7.978952685222034935e-02
7.916486313790078999e-02
7.878005113452672681e-02
7.899671498909592582e-02
7.864420187473301904e-02
7.848066784813999275e-02
7.870148217305540650e-02
7.817806291580198241e-02
7.765608790516849436e-02
7.804990635141732802e-02
7.804432429969314355e-02
7.739371565729383229e-02
7.720956361293794534e-02
7.689795280247931075e-02
7.638116208389401918e-02
7.624326195046304822e-02
7.622688692808150812e-02
7.616566395610573081e-02
7.602443173527716203e-02
7.593078984618185923e-02
7.622450712770223458e-02
7.638740332424642787e-02
7.619161671474576625e-02
7.621850424408911640e-02
7.597640633583065128e-02
7.496825151145457278e-02
7.406560979560021518e-02
7.353555970489983329e-02
7.337957170009613839e-02
7.421793424487112267e-02
7.468745158240201742e-02
7.458032999411229325e-02
7.463058071136470517e-02
7.411018432825799973e-02
7.370498579442499865e-02
7.382713041901592388e-02
7.354952624142169215e-02
7.342126400023697708e-02
7.396971542462704718e-02
7.375898443832991369e-02
7.316305586323139376e-02
7.305765824019912202e-02
7.276753030419345902e-02
7.258892331272366605e-02
7.314811276569962994e-02
7.321396348699928114e-02
7.285722764208908686e-02
7.277292555198075497e-02
7.275307072475548087e-02
7.267581187784669106e-02
7.243206793069843774e-02
7.180140535533427459e-02
7.140341272056099919e-02
7.162994611114263666e-02
7.176983317360285941e-02
7.170125291869045014e-02
7.209397683590654249e-02
7.229264427423480466e-02
7.168109030723565644e-02
7.165057375431065079e-02
7.188742323517803567e-02
7.167288121581082139e-02
7.196330879330639640e-02
7.246807494387026705e-02
7.240022864341737197e-02
7.159538938105106110e-02
7.108715679049487646e-02
7.115396466851232893e-02
7.141737975180148523e-02
7.196276132687925986e-02
7.229253791943190954e-02
7.274808838516473586e-02
7.271677029132839198e-02
7.257373424023387531e-02
7.338022273257380212e-02
7.323912639319893336e-02
7.279315065890550052e-02
7.319161315262313894e-02
7.313969036191698969e-02
7.385725957155230004e-02
7.467270762696864850e-02
7.418595743179322299e-02
7.362656948268417323e-02
7.357222699373956731e-02
7.436217256709930223e-02
7.474890646263954164e-02
7.463512340337037643e-02
7.484431869462136733e-02
7.400016570836304153e-02
7.318559555262331429e-02
7.387726615369322181e-02
7.378838754594328753e-02
7.299721930176018836e-02
7.286773183941841481e-02
7.235784108638759760e-02
7.166131067276003408e-02
7.174662086814642681e-02
7.213749958351256542e-02
7.212560144439340848e-02
7.204740689992907010e-02
7.203924333900213473e-02
7.189366584867235010e-02
7.165062085837126116e-02
7.117770984470842000e-02
7.059552457928659763e-02
7.022439388930801218e-02
7.020544844418760699e-02
6.955174023807050854e-02
6.874909074604508563e-02
6.864875981211665534e-02
6.773240428045397554e-02
6.744124203473331192e-02
6.823063625693319423e-02
6.943549254387618164e-02
7.073881522566079216e-02
6.966621316373347583e-02
6.865618840083480279e-02
6.813378271460528157e-02
6.766475279703737522e-02
7.006660548448562231e-02
7.142967521846292633e-02
7.002594893574710933e-02
6.844804422855377268e-02
6.639192278161648586e-02
6.522758447378874946e-02
6.638219019770622009e-02
6.834225909411907607e-02
6.953750891163949788e-02
6.943257700279356626e-02
6.874852553009989931e-02
6.795695469751952822e-02
6.602375543117522394e-02
6.446154596805575565e-02
6.383751982077957854e-02
6.296886093914509652e-02
6.291985428333279895e-02
6.404331222772598198e-02
6.529802471771832539e-02
6.424492043703790289e-02
6.272792174667121690e-02
6.243993801176544317e-02
6.036333509087565136e-02
5.972307254970077306e-02
6.239646196365354613e-02
6.336627447232606736e-02
6.323369882553818433e-02
6.266315436586736287e-02
5.866437622010705483e-02
5.577165945991877094e-02
5.689211011156436459e-02
5.858295052349567211e-02
5.930026820003989063e-02
5.956530815362927334e-02
5.908675652146336971e-02
5.749603113904599994e-02
5.880348961278800135e-02
6.039927517697211284e-02
5.926205818578600404e-02
5.954751710891720978e-02
6.009222914278503774e-02
6.014952566474680157e-02
6.009074225202203079e-02
5.988565559685229273e-02
5.880162499248980240e-02
5.717853086963291254e-02
5.812075756937264137e-02
5.862042840421201328e-02
5.837521600574255981e-02
5.855613469928505621e-02
5.799983729571106528e-02
5.875815138071771582e-02
5.773093447685237467e-02
5.620801799669861848e-02
5.506000818051402096e-02
5.209945058599114998e-02
5.330033484287562823e-02
5.507369167730215981e-02
5.264508420825001617e-02
5.205035333037374284e-02
4.930072191171348123e-02
4.767347501143815586e-02
4.760321455523371104e-02
4.873427662104364011e-02
5.185127770900725686e-02
5.298772502802308326e-02
5.509725999087094345e-02
5.600048403441906797e-02
5.368444790691133395e-02
5.317047195136546250e-02
5.370248251408338280e-02
5.308688327707346277e-02
5.268280304074288850e-02
5.104843519069252045e-02
4.755909669399266404e-02
4.803061736114319635e-02
4.967213359326123207e-02
4.821657534465190881e-02
5.073815331906084136e-02
4.944985410086809308e-02
4.725615731254223517e-02
4.931525963097811022e-02
4.721429874598979948e-02
4.556971734389663603e-02
4.686061663366854896e-02
4.769701460748913130e-02
4.960607010871175698e-02
4.989575414434079675e-02
4.914919156916441184e-02
4.835725390166040194e-02
4.900979096740482044e-02
5.081380158439277595e-02
5.164307905845345187e-02
5.001151357591149260e-02
4.579398924037818286e-02
4.506500475034114217e-02
4.560509642362595845e-02
4.395360086113214715e-02
4.586030891537667270e-02
4.565836944580082407e-02
