5.500645045191049354e-02
4.990039232857525209e-02
5.641111710555853087e-02
6.052756008207793581e-02
5.395549485981468441e-02
5.358871040046218892e-02
5.494266172349452498e-02
5.488475357964636703e-02
5.219374717473979769e-02
5.281115142852065014e-02
5.396522741541270179e-02
5.456070488095281223e-02
5.522333570569757516e-02
5.502017286568880450e-02
5.471421154215935778e-02
5.451021485663953142e-02
5.289212927967307937e-02
5.474087945744390837e-02
5.731462178230283672e-02
5.691247579380873806e-02
5.486808313652873775e-02
5.470312106423082937e-02
5.606246867515148752e-02
5.610360996462406685e-02
5.416152701899414057e-02
5.459546383321284280e-02
5.706813412941993263e-02
5.412824111133809207e-02
5.356004974991084716e-02
5.564569727182386294e-02
5.787204468585554346e-02
5.520038299821315025e-02
5.453682579845192668e-02
5.620275442600253940e-02
5.700859035514299622e-02
5.570132522843779938e-02
5.501882250756020415e-02
5.599346886575221754e-02
5.722819283008576813e-02
5.624007412530480920e-02
5.482143909260630416e-02
5.465498552918429676e-02
5.460059814639387638e-02
5.601657834276552866e-02
5.693985083252194046e-02
5.522886290810997967e-02
5.634553337022666503e-02
5.729404155239459229e-02
5.672027215361592073e-02
5.559656372293832888e-02
5.597475250773131794e-02
5.654896152466531295e-02
5.628201648406683938e-02
5.631060135550795126e-02
5.712467947080726582e-02
5.767681855782869071e-02
5.687116329371929430e-02
5.681975255571308780e-02
5.743776286020870619e-02
5.800401407890026090e-02
5.746067070811983896e-02
5.743791941106322907e-02
5.812349833734330173e-02
5.898412633538246269e-02
5.854640201479197753e-02
5.811900043487547296e-02
5.808200072720647728e-02
5.836674374118445280e-02
5.871159007251265660e-02
5.888298544399441642e-02
5.887956574559209677e-02
5.890226205438373747e-02
5.896789002344007824e-02
5.890939699038859334e-02
5.882687963359060218e-02
5.958700558990241702e-02
6.013531534373760257e-02
6.015024902522569245e-02
5.985301257483661291e-02
6.043970025703308824e-02
6.068493573889137405e-02
6.041251672469083456e-02
6.071196409314867648e-02
6.088743352554738808e-02
6.109206169098617412e-02
6.146703013442453983e-02
6.163517166152596150e-02
6.173779108524322240e-02
6.196653085947034095e-02
6.249565465673805054e-02
6.289364877641197282e-02
6.313558068275447466e-02
6.324958751350644170e-02
6.332566086202856548e-02
6.356491625905037746e-02
6.364540753662591144e-02
6.338148458972575616e-02
6.351632241904735243e-02
6.342117479741576913e-02
6.309381607472898390e-02
6.300306044518949600e-02
6.302538462504748973e-02
6.286063615232705126e-02
6.250408963188526512e-02
6.258292718231679708e-02
6.252067807316775971e-02
6.233990973234177640e-02
6.224646699428555696e-02
6.210597794726493287e-02
6.231495337113733546e-02
6.273417046889664950e-02
6.271280618086456926e-02
6.259779420197007782e-02
6.268203043788669881e-02
6.301051568090917931e-02
6.299399177134032413e-02
6.271583164036269309e-02
6.253682717233893795e-02
6.283567848205569295e-02
6.317793708667160391e-02
6.329120104089382137e-02
6.320667647123337507e-02
6.331540456563237995e-02
6.356784007847310347e-02
6.387166297435763196e-02
6.416983756422993401e-02
6.452762497961524180e-02
6.481209002807739039e-02
6.502154775336387027e-02
6.526460414752367767e-02
6.543030444532629830e-02
6.550624423474071811e-02
6.550896621122952179e-02
6.537709311470388251e-02
6.542694146931171684e-02
6.553984458446501793e-02
6.550074774697423052e-02
6.550661994665865628e-02
6.560106340050698981e-02
6.571610726192589347e-02
6.571881565153600557e-02
6.593955057561402822e-02
6.620362167432901346e-02
6.635443587899209072e-02
6.664968338012697280e-02
6.703201147168878771e-02
6.751418819427489060e-02
6.812888778224586439e-02
6.867800287082787003e-02
6.927577912062407584e-02
6.999008696004750674e-02
7.081683929711575509e-02
7.138469293713568808e-02
7.190258927643296272e-02
7.262699708268048615e-02
7.302537486180658843e-02
7.344158979132774101e-02
7.393757924288514582e-02
7.429387136250734103e-02
7.451010041236873216e-02
7.479268118217589911e-02
7.523597742319101944e-02
7.568934505730864903e-02
7.587417399883274183e-02
7.597679451704025810e-02
7.636865923404689838e-02
7.681284145116809570e-02
7.708934202194214769e-02
7.723056237697599469e-02
7.760045018419625684e-02
7.793930108472700569e-02
7.825024896115063966e-02
7.855578006431464255e-02
7.874833532273768644e-02
7.903791839182375267e-02
7.943620212972163364e-02
7.978402508050198849e-02
8.024122771024705392e-02
8.073591000661253791e-02
8.118890716731547164e-02
8.165588449165225859e-02
8.221615394279360722e-02
8.279546712264421182e-02
8.329298084452746442e-02
8.388745519444347487e-02
8.455951598286633175e-02
8.522044436335560191e-02
8.576900340318684146e-02
8.642414786741138555e-02
8.709121898263690043e-02
8.766801346018909813e-02
8.820194351524111853e-02
8.880623846054076787e-02
8.943738771080970984e-02
8.990995607972147863e-02
9.054312027767300042e-02
9.118460606485608022e-02
9.166675194054837994e-02
9.200098414197570296e-02
9.245548708587880693e-02
9.295858106315138536e-02
9.331969592347744147e-02
9.364630325213078865e-02
9.394616935998197083e-02
9.421999496519564699e-02
9.440403623878956818e-02
9.458957576304677373e-02
9.477854724079370907e-02
9.493452768176793843e-02
9.497486905604603236e-02
9.501005566641687605e-02
9.509082174375657615e-02
9.517936770096427357e-02
9.513862212300297494e-02
9.507716667950148748e-02
9.507264149188993096e-02
9.494555975496769828e-02
9.485321580693130417e-02
9.474487350583075951e-02
9.454360581934449781e-02
9.426092755049467198e-02
9.391052758693696489e-02
9.353724026903505184e-02
9.320252605900170018e-02
9.289041597247123250e-02
9.256006945967672206e-02
9.221585388779640624e-02
9.191454918384556194e-02
9.161801089793446262e-02
9.128748862147334497e-02
9.083443730026478924e-02
9.049015966057775973e-02
9.017892186045642355e-02
8.984916479140515888e-02
8.958800331875683975e-02
8.934205219522117769e-02
8.913824533671144135e-02
8.903411797583106468e-02
8.891227515041827401e-02
8.877504312992101632e-02
8.861375186070796772e-02
8.836828311458228002e-02
8.809974671974775406e-02
8.776805875748394659e-02
8.735811664164068457e-02
8.704160515293483946e-02
8.672987417951222300e-02
8.639129991084337767e-02
8.605441248267892140e-02
8.572171566188338532e-02
8.546425119638446921e-02
8.527831695377831311e-02
8.498120789676900932e-02
8.470907530188558077e-02
8.447355963066217888e-02
8.425421747192736455e-02
8.396360351964828050e-02
8.368853547796611947e-02
8.344801718816162450e-02
8.315813472121956484e-02
8.284157151132824637e-02
8.250065501183270755e-02
8.212003141939643036e-02
8.162685513868928044e-02
8.114056516438726552e-02
8.068806390166279041e-02
8.022313477694986705e-02
7.969614761844276418e-02
7.921451993957159821e-02
7.882740903273224853e-02
7.840568084120752568e-02
7.800797551423314935e-02
7.762741842046380625e-02
7.729076522439722041e-02
7.703704325482250981e-02
7.673819085657596073e-02
7.640422716215249099e-02
7.621904315203424651e-02
7.603133219256996700e-02
7.584987949654456441e-02
7.569950384423132506e-02
7.551883435472848960e-02
7.540598611682650110e-02
7.532800534665583247e-02
7.517870106175544853e-02
7.510181382521988191e-02
7.506170774027706716e-02
7.504794990494846607e-02
7.515262619554993750e-02
7.524676614180203504e-02
7.535246946737167439e-02
7.550576367229222541e-02
7.549907686188818412e-02
7.554229250103237925e-02
7.569639283865689516e-02
7.588460304290059466e-02
7.596511888056997619e-02
7.605840374976395590e-02
7.626509878188374170e-02
7.641555649265642514e-02
7.656204564943912272e-02
7.674407442659139655e-02
7.698838186264034267e-02
7.714761304855349833e-02
7.734806370735164416e-02
7.762583610937000278e-02
7.782510212436322128e-02
7.801678245216611685e-02
7.820678361505269127e-02
7.840907105654476572e-02
7.861219134330750535e-02
7.877249094694852016e-02
7.892049303352829948e-02
7.908977766036988377e-02
7.934829994440073531e-02
7.956470040604468608e-02
7.965870184823867217e-02
7.980265449732545924e-02
7.998203516006467673e-02
8.017483720555898530e-02
8.036343811899419876e-02
8.053890247792010182e-02
8.072998601943257024e-02
8.092546245604757826e-02
8.109271480590106440e-02
8.132198194563386440e-02
8.156902952939273921e-02
8.178348209783437017e-02
8.202345152646305093e-02
8.218018421754241798e-02
8.229801294207574058e-02
8.248122399821879169e-02
8.264015335813165719e-02
8.276380288526420659e-02
8.287452386990187825e-02
8.303906597495083752e-02
8.321727296710010324e-02
8.341207128763196421e-02
8.361897839307785851e-02
8.384522109031677939e-02
8.404651392102242824e-02
8.425507794022565888e-02
8.454153169989583883e-02
8.484864510297775164e-02
8.511294503808022882e-02
8.532801836132999918e-02
8.558290939331050784e-02
8.595663220882412969e-02
8.633539233803748381e-02
8.659539465308191408e-02
8.686239224672319403e-02
8.726771861240263661e-02
8.769579284861681034e-02
8.785090743377801936e-02
8.819777732044459251e-02
8.860250447392464812e-02
8.892868304550652359e-02
8.921206602975724487e-02
8.958491657376292661e-02
9.003124089017511267e-02
9.046343563497070972e-02
9.077820526063444528e-02
9.110905549675224480e-02
9.149973680824044497e-02
9.186906626075504179e-02
9.220757386833433600e-02
9.255276225507255705e-02
9.292695247381929646e-02
9.330854111909867021e-02
9.369690672308204904e-02
9.405531699284908065e-02
9.433295685052875412e-02
9.472835095971826602e-02
9.512037878483538267e-02
9.547617651522158355e-02
9.584262797981506210e-02
9.615065407007934717e-02
9.647102073580028636e-02
9.684835528582336206e-02
9.722797594964499579e-02
9.753588366508482432e-02
9.781992405652997769e-02
9.815647108107806995e-02
9.849318241253499084e-02
9.882757241055367681e-02
9.914005047604444731e-02
9.943656434491239537e-02
9.976056060045972174e-02
1.000915994487706906e-01
1.003963545203204327e-01
1.006898131787774819e-01
1.009630685195326699e-01
1.012298067204651375e-01
1.015423439674078138e-01
1.019206573292610329e-01
1.022063031792641574e-01
1.024339823573831160e-01
1.027425855249171072e-01
1.030168673917648270e-01
1.033319987781341903e-01
1.036653462566435313e-01
1.038613385930653721e-01
1.041103104427456294e-01
1.043947207555174783e-01
1.046616725310685059e-01
1.049558339372278215e-01
1.052624900273976954e-01
1.055647370994094031e-01
1.058449242852626260e-01
1.061239500351250642e-01
1.063756043635307458e-01
1.066133880391716554e-01
1.069040133535864023e-01
1.071769707977771741e-01
1.074376388370994750e-01
1.076851773142818158e-01
1.079759508848193023e-01
1.081937092959885105e-01
1.083726273156702391e-01
1.086257249839606420e-01
1.088533279806376680e-01
1.090943328760567849e-01
1.093530886307358535e-01
1.095877771787345106e-01
1.097298358261583895e-01
1.098778705962006608e-01
1.101048966899512704e-01
1.103841103099290483e-01
1.106071202717720803e-01
1.107861820645634487e-01
1.109762493900951497e-01
1.112275867648422761e-01
1.114166630007328990e-01
1.115500089347365442e-01
1.117172368213532885e-01
1.119724342644213694e-01
1.121705686032768989e-01
1.123132703006265859e-01
1.125336990058417308e-01
1.127192215681076803e-01
1.128713913440705929e-01
1.130086710870264327e-01
1.131342562735083296e-01
1.132588502705094008e-01
1.134337656259538918e-01
1.136764073312285933e-01
1.138178959310058580e-01
1.139297598004342105e-01
1.140704347372052951e-01
1.142633912205700542e-01
1.144004342615606712e-01
1.145346294820307059e-01
1.146854604125022575e-01
1.148089596629140036e-01
1.149477927625179863e-01
1.150748351454733698e-01
1.151845119424167035e-01
1.152882940158248409e-01
1.153694021955136012e-01
1.154440858215095428e-01
1.155155398249627097e-01
1.156545118689541740e-01
1.158094719126819550e-01
1.159217874258756803e-01
1.159422416605051104e-01
1.160130966536703084e-01
1.161337010547514592e-01
1.162866407215593090e-01
1.164437020272012652e-01
1.165140980556606115e-01
1.165124334096910436e-01
1.165002186074850093e-01
1.166197549849750659e-01
1.166744071617719924e-01
1.167362048469485214e-01
1.168485982634125814e-01
1.169000816993420039e-01
1.169308115154506222e-01
1.169906916409729353e-01
1.171378833830361010e-01
1.171938045531516065e-01
1.172493642836807820e-01
1.173087249912320995e-01
1.173606480337678615e-01
1.173580800041556932e-01
1.174309469193217659e-01
1.175555518597362625e-01
1.175019804775718352e-01
1.174905881918966027e-01
1.174783154241736960e-01
1.174720087908210364e-01
1.175593349933626020e-01
1.175817213535309547e-01
1.176236362598834101e-01
1.176944446913895798e-01
1.176244506604970513e-01
1.176054558113214382e-01
1.176375612333421250e-01
1.176854083821178565e-01
1.176918131768701081e-01
1.176735465541485781e-01
1.176727320715785507e-01
1.177227413013581664e-01
1.177485455900432049e-01
1.177374157793823761e-01
1.176790263131262254e-01
1.176345659002662469e-01
1.176725394174456957e-01
1.177215984173123342e-01
1.177119495302440949e-01
1.176155273057518102e-01
1.176980426922442924e-01
1.178088456831877101e-01
1.177997669912877604e-01
1.176661339782182208e-01
1.176310188420116865e-01
1.176277235582467162e-01
1.175936050564046070e-01
1.175652183294291775e-01
1.175682843625549673e-01
1.175554184794421614e-01
1.174835594311355730e-01
1.175060237161819759e-01
1.174927658624946442e-01
1.174422452926631305e-01
1.173905396632846931e-01
1.172724047601220176e-01
1.172548898607496809e-01
1.172788404673337920e-01
1.172198414795098675e-01
1.171906726643443808e-01
1.171643252044915484e-01
1.171298469096424266e-01
1.170843793988231019e-01
1.169486718758940974e-01
1.168992846146221093e-01
1.169019650027160184e-01
1.168127125218508117e-01
1.168814252331855791e-01
1.168147339195011042e-01
1.166373618289829328e-01
1.166730974785979841e-01
1.166899333603682309e-01
1.166749928109345885e-01
1.165753493428227094e-01
1.163368206024171653e-01
1.162990880370136926e-01
1.162563904076814730e-01
1.161807108074426331e-01
1.162909288480875603e-01
1.161963885650035416e-01
1.160608033500607206e-01
1.160029407292601372e-01
1.159100363217290958e-01
1.158304245695476048e-01
1.156999377682806918e-01
1.155291207015510385e-01
1.155728852197527717e-01
1.154961326315999820e-01
1.153513683803377016e-01
1.152636187344794200e-01
1.152114440694449182e-01
1.152497798502442744e-01
1.151068948596713354e-01
1.147424341648821400e-01
1.147844957597554949e-01
1.148485429890455378e-01
1.147680917963380676e-01
1.145484103918077284e-01
1.143745668552814954e-01
1.144171194911003109e-01
1.145147441610695760e-01
1.144730646274980390e-01
1.142324233129622529e-01
1.140903735235334615e-01
1.140016737878319086e-01
1.139324245154856308e-01
1.140394427552822720e-01
1.138609113246199650e-01
1.135561934776607856e-01
1.133818671137093448e-01
1.133001745171842156e-01
1.133010696366434089e-01
1.131593818433586501e-01
1.128713679105047413e-01
1.129447751037777892e-01
1.129676561325786976e-01
1.127694352574650644e-01
1.124341140508650638e-01
1.123989268243317380e-01
1.122127533316616688e-01
1.121450787603852084e-01
1.122345225155350484e-01
1.119339627981190827e-01
1.116868163585661988e-01
1.117297111928466646e-01
1.118475651092831896e-01
1.113918561749163427e-01
1.113394763477144056e-01
1.111986380718652107e-01
1.108352779828012252e-01
1.108654988206922987e-01
1.108318042144181559e-01
1.107433916538958368e-01
1.107246146157384314e-01
1.109091975599531543e-01
1.107117391437295040e-01
1.106564581826332133e-01
1.107168315909801415e-01
1.103988298587500749e-01
1.102504847571252333e-01
1.102647565305230892e-01
1.101464117318391445e-01
1.096504195407033283e-01
1.097261782549317222e-01
1.098847576230759515e-01
1.098800545930864042e-01
1.096913935802881629e-01
1.092529173754152316e-01
1.091887609474356674e-01
1.094197122566406416e-01
1.095222587674853088e-01
1.092647272735829678e-01
1.091467151790855572e-01
1.089735070288176955e-01
1.085380247138442167e-01
1.083244887635116255e-01
1.086653258040544273e-01
1.086863278001545113e-01
1.080637786626817559e-01
1.079539861053228494e-01
1.078288664437832001e-01
1.078559053592379885e-01
1.080385178267951746e-01
1.080031859874721611e-01
1.076122329235071895e-01
1.074607105255127315e-01
1.074629573822017264e-01
1.070017974376674813e-01
1.067668309211735334e-01
1.065783848144116752e-01
1.064438752219079853e-01
1.064246827922762512e-01
1.064033347249030009e-01
1.060278232231733897e-01
1.060406661495569419e-01
1.067703188478948129e-01
1.062649142011999337e-01
1.058129744827751018e-01
1.055335692502558653e-01
1.053098429948086667e-01
1.061564703643322338e-01
1.060814895957710446e-01
1.060295519858594632e-01
1.057494240179659845e-01
1.056105658672745751e-01
1.054832392148674913e-01
1.053952570594842292e-01
1.052505916491153631e-01
1.051406730592251842e-01
1.049402845486998997e-01
1.045563118278979714e-01
1.044613287523386697e-01
1.044849803432826574e-01
1.045416294723751360e-01
1.046509904287751119e-01
1.045604262329638545e-01
1.043082320533688934e-01
1.042063898012038081e-01
1.041538179576391998e-01
1.042682803988460305e-01
1.041716400861737168e-01
1.039825098395346786e-01
1.038454513370993121e-01
1.036147286832335701e-01
1.034498655974865483e-01
1.033164257526396484e-01
1.032252503514294595e-01
1.030951485335831752e-01
1.031087591171268164e-01
1.032107240259643732e-01
1.032764062285426582e-01
1.033232889615003924e-01
1.034128601618108934e-01
1.032535519897933296e-01
1.028333038762208468e-01
1.026948775425551436e-01
1.024940235018729356e-01
1.023997506499294829e-01
1.025803659081455238e-01
1.026075271569187736e-01
1.026669659212228608e-01
1.025083542689681076e-01
1.021772808685903339e-01
1.018774440117183461e-01
1.015217342734334033e-01
1.011874050669376024e-01
1.010145126879210403e-01
1.009944147318605073e-01
1.010001591145991556e-01
1.011134962290526906e-01
1.011291419193151297e-01
1.012504089400176194e-01
1.011641197778285484e-01
1.008593069270256048e-01
1.007238845877346106e-01
1.005719469688836354e-01
1.004701605767013145e-01
1.004047786742443826e-01
1.004883148334923537e-01
1.005077610768377872e-01
1.004734565973279398e-01
1.003119155198338025e-01
1.000605203092102963e-01
9.983099806904795204e-02
9.942228430509598980e-02
9.918957302570316492e-02
9.904219807386401009e-02
9.895351768434045014e-02
9.898513494133955037e-02
9.890827319025995157e-02
9.889082205891613908e-02
9.877727897465231333e-02
9.842181183099746322e-02
9.829666418731208832e-02
9.830677757561204211e-02
9.825589320659634807e-02
9.828958481550216508e-02
9.848593218922617465e-02
9.853167866170405020e-02
9.852000766396525056e-02
9.852221489250664876e-02
9.844816470444206491e-02
9.851392312869433621e-02
9.866431774646045039e-02
9.877973275110125961e-02
9.904543901458384703e-02
9.914292929321563697e-02
9.906233811378477305e-02
9.907652119472624974e-02
9.896307664811608562e-02
9.897254328280688518e-02
9.909053654000160583e-02
9.937955688461638792e-02
9.948954026699105557e-02
9.961046989560104481e-02
9.970727267861395626e-02
9.965633822679548226e-02
9.974964051246618113e-02
9.999603416919707055e-02
1.001088919758794660e-01
1.002017659306524977e-01
1.002709487557410239e-01
1.002060861647125906e-01
1.002791371889409366e-01
1.004328570231794449e-01
1.005437837608155749e-01
1.006678571522235804e-01
1.008690304979681790e-01
1.009502590924501453e-01
1.009592697203157141e-01
1.009858880013232013e-01
1.009581249274316278e-01
1.009837904453277369e-01
1.010555431090294082e-01
1.010630117326976191e-01
1.010255695357918093e-01
1.010202881842848927e-01
1.009960235133763456e-01
1.009556341007347979e-01
1.009052064269779225e-01
1.008967488780620619e-01
1.008118631556631506e-01
1.008595430493354761e-01
1.008844946652646679e-01
1.010156083017591938e-01
1.009884006395932593e-01
1.008580731347201165e-01
1.008008646488189192e-01
1.006922534704209615e-01
1.006271340370174378e-01
1.007091242492196420e-01
1.005915532395243450e-01
1.002531183257697467e-01
1.001341291069981349e-01
1.000894676931199379e-01
9.998068303987382721e-02
1.000108525715769914e-01
9.995289959013463343e-02
9.976428091898588424e-02
9.959342119842722052e-02
9.943594717606918376e-02
9.926364694163183899e-02
9.919447695612863825e-02
9.922031495273066215e-02
9.908752774149182097e-02
9.897912338525055587e-02
9.882577214241028418e-02
9.849703571051360296e-02
9.832129596918823267e-02
9.823257665038105657e-02
9.813309519290927541e-02
9.808056975156065338e-02
9.797656036615366715e-02
9.790887781530614731e-02
9.777354964613915733e-02
9.754904419481755240e-02
9.732898541986939600e-02
9.719844370633362596e-02
9.709758789017794434e-02
9.696677129939197670e-02
9.690430253669615746e-02
9.677996325790880205e-02
9.654392912238835001e-02
9.640653181895608714e-02
9.635538542717690669e-02
9.622621586099262825e-02
9.605809379369022183e-02
9.595556466579439892e-02
9.582001380249854927e-02
9.572221156135204967e-02
9.578400821983810987e-02
9.568827399164438197e-02
9.544407120496033181e-02
9.533087703883651176e-02
9.521654546558859511e-02
9.497348747178910311e-02
9.485784861892464226e-02
9.487909006625411257e-02
9.476715147942299522e-02
9.458817972987891565e-02
9.446518190503114254e-02
9.435694711804386292e-02
9.422334480285646241e-02
9.411066423654554369e-02
9.397571824714542887e-02
9.376878145262600162e-02
9.364556751623748232e-02
9.362320056110616517e-02
9.352970749884849389e-02
9.342396064847706405e-02
9.335883057117458361e-02
9.333222772926089150e-02
9.319693939387799220e-02
9.307822707295422549e-02
9.300780300796032685e-02
9.290972025692466330e-02
9.277454267442229729e-02
9.264891199022530499e-02
9.251830480992791206e-02
9.242796737700705034e-02
9.230735749006270530e-02
9.225841210037469264e-02
9.233924622014161310e-02
9.229376829341054411e-02
9.221798405349257433e-02
9.211264654397968710e-02
9.186531696021561777e-02
9.174524077475072759e-02
9.170102976560591534e-02
9.160278225839142696e-02
9.150058536231513162e-02
9.149486428499219171e-02
9.136082698702807647e-02
9.117822863012547963e-02
9.108137872144579650e-02
9.095219876170154705e-02
9.087724175974729035e-02
9.090473706573247437e-02
9.081712115108964145e-02
9.063786651864645660e-02
9.057357548102734635e-02
9.052606164515017428e-02
9.046452265977862617e-02
9.048075985908508867e-02
9.044366523921494594e-02
9.027880650758746128e-02
9.021381998807195823e-02
9.020452881976957771e-02
9.024585570022462810e-02
9.013120312616229590e-02
8.995853056386116098e-02
8.983968498706812467e-02
8.978844482898711010e-02
8.976784988641739460e-02
8.978680667877197985e-02
8.981299494504932368e-02
8.966125205755230698e-02
8.953409612178803156e-02
8.939093538001183226e-02
8.932476071268324880e-02
8.921151030063634302e-02
8.913405929878349954e-02
8.918979892879723426e-02
8.913040283918377549e-02
8.892586281299591500e-02
8.888449583053584235e-02
8.896368046998974488e-02
8.894092994257811469e-02
8.892137004286049251e-02
8.892646107673644884e-02
8.876512723416087047e-02
8.864986016005278746e-02
8.860159613043068483e-02
8.857940689027306302e-02
8.863915175423024706e-02
8.860774863213298491e-02
8.851286798715596316e-02
8.845441997051235739e-02
8.837663926184181895e-02
8.824356749653820831e-02
8.819362409412861981e-02
8.817031162828206647e-02
8.813010870590809454e-02
8.811060095876455112e-02
8.808538470640776830e-02
8.811529904380437095e-02
8.806305717527863897e-02
8.799096323549747412e-02
8.784295532107350146e-02
8.784999067485332880e-02
8.778770493268968356e-02
8.764977070093153688e-02
8.768471885770555418e-02
8.763220444023604727e-02
8.747320102006199416e-02
8.745674832165238610e-02
8.749636459052562154e-02
8.750986008048060316e-02
8.748475699424738961e-02
8.746328220367431683e-02
8.744901238232855034e-02
8.734669919908051583e-02
8.709301699474455982e-02
8.703141593858601532e-02
8.706681774258612228e-02
8.698888363167640858e-02
8.693735632300378380e-02
8.689895686060190860e-02
8.680392058789726528e-02
8.669289621561769577e-02
8.664529327154157912e-02
8.673735458850864721e-02
8.673089510500435473e-02
8.654104823023085757e-02
8.652086101770398163e-02
8.657021913975479488e-02
8.653029717206950355e-02
8.658408933207392688e-02
8.659689769148830318e-02
8.648538311496380138e-02
8.638504727929828542e-02
8.645859091132879204e-02
8.660420946031813227e-02
8.664745402485131420e-02
8.670917192399504869e-02
8.680870775431392961e-02
8.689309627711772066e-02
8.693036381825806902e-02
8.701703131794928658e-02
8.713288299739360698e-02
8.731147505342962134e-02
8.757769972085956145e-02
8.773222848773001847e-02
8.791891594827179468e-02
8.795760736837980598e-02
8.798512680679564102e-02
8.806548324376338444e-02
8.831348746567960206e-02
8.864052754044535187e-02
8.888418637663127175e-02
8.899608928114173534e-02
8.895688490122559411e-02
8.899385387897494615e-02
8.912505649328227031e-02
8.924706666171552949e-02
8.950196890681982875e-02
8.957944547310470185e-02
8.942723217234016531e-02
8.952374310642476074e-02
8.956911452114578454e-02
8.956759504973890729e-02
8.960419373363252837e-02
8.973182381466029978e-02
8.977249138280744833e-02
8.985946175456048512e-02
8.984224209934475736e-02
8.972135790735484562e-02
8.963034815788273324e-02
8.949248767197136301e-02
8.927547442764041663e-02
8.909001498743893133e-02
8.900200821161270703e-02
8.892518017664556573e-02
8.886650653481481532e-02
8.888306779861453177e-02
8.877350361347199903e-02
8.856918041706082767e-02
8.841751586198805246e-02
8.822235742211340104e-02
8.812671363949771408e-02
8.807657480239863834e-02
8.791406610235576180e-02
8.773825879544017159e-02
8.757803037315609052e-02
8.737964061796665849e-02
8.724915274381642161e-02
8.709157232940194227e-02
8.686386527717117334e-02
8.672428511828188247e-02
8.667310484871265652e-02
8.649315958991642128e-02
8.631732403486966354e-02
8.615242896229025060e-02
8.582033980637791826e-02
8.563735303506250784e-02
8.558064246922728047e-02
8.549798548221584915e-02
8.534546589702367292e-02
8.515777030438186068e-02
8.490695272833105600e-02
8.473668986186388974e-02
8.463726372644306273e-02
8.449040272533896168e-02
8.431177044510841656e-02
8.411649690791964118e-02
8.398925720378760951e-02
8.391333309561016529e-02
8.381059145256876397e-02
8.367199000865220559e-02
8.348703590631487148e-02
8.329614689648150161e-02
8.319193302392961786e-02
8.316510541141035329e-02
8.307562528923158329e-02
8.290695437416432945e-02
8.284641382545232524e-02
8.280026070028546903e-02
8.275527408495549075e-02
8.274025401771066546e-02
8.274152069091797457e-02
8.274101972579955833e-02
8.270133297443392484e-02
8.266621384620662094e-02
8.263864603042607448e-02
8.259918029308316312e-02
8.252134652137753379e-02
8.244324857816104357e-02
8.238980542570355226e-02
8.241602240428326509e-02
8.246399969607591529e-02
8.241582351177929866e-02
8.230536450818176641e-02
8.224395828917624440e-02
8.217204023301599713e-02
8.210653093531730673e-02
8.220792653560637930e-02
8.218736486434938260e-02
8.198217544555667924e-02
8.188235763236879905e-02
8.185981929004190749e-02
8.186804184317592048e-02
8.179426726922393864e-02
8.167198257893321101e-02
8.164738475531345407e-02
8.156052341312168552e-02
8.145926377922298178e-02
8.147097989171743493e-02
8.142477861791849736e-02
8.130250366777179438e-02
8.132402741909022792e-02
8.138166926354167829e-02
8.130691438168285989e-02
8.125398483574386432e-02
8.116447479724883673e-02
8.111247467994686655e-02
8.102909551858898662e-02
8.102100231498479688e-02
8.109515316188337097e-02
8.108991195112470740e-02
8.108455744013189082e-02
8.109167912974950265e-02
8.105650580525394777e-02
8.102194811105732641e-02
8.103041242361065655e-02
8.102702369391923121e-02
8.102261906266214342e-02
8.106885573863985284e-02
8.107922968268399533e-02
8.110517052933573223e-02
8.119745022803544210e-02
8.124996347352862747e-02
8.130301490053537528e-02
8.136863968670371428e-02
8.139090193212035473e-02
8.135132378786805174e-02
8.137380718141794256e-02
8.149302076846356990e-02
8.156167989224194503e-02
8.164179448932412653e-02
8.180073365271087193e-02
8.184940098524090546e-02
8.186256667077536353e-02
8.197335315123205346e-02
8.199509420990945541e-02
8.201911332458260151e-02
8.214659599214794994e-02
8.222357806563382332e-02
8.227981434762479673e-02
8.242690009251235628e-02
8.256050918251278681e-02
8.254782874137167603e-02
8.256483675166968739e-02
8.267067420110106590e-02
8.277405343651775271e-02
8.290042827725407903e-02
8.303439003229137749e-02
8.316456938982007274e-02
8.326131913661961870e-02
8.331637405976656530e-02
8.340885281190277278e-02
8.355733930319544922e-02
8.369290206581357638e-02
8.381726622954013828e-02
8.391712470352648279e-02
8.405346893519162477e-02
8.408508156985042281e-02
8.421403133496639659e-02
8.443399607688191477e-02
8.460854092687364325e-02
8.479620723277327132e-02
8.494425116479392690e-02
8.506949842795728800e-02
8.525169133022431067e-02
8.543417906686663621e-02
8.559134870767592940e-02
8.572647975385190577e-02
8.593321146070956318e-02
8.619203979223961920e-02
8.637618559151891140e-02
8.657125279605384915e-02
8.673948725312952135e-02
8.687730263173577827e-02
8.713562449067832616e-02
8.735098727047446721e-02
8.747338011860850138e-02
8.767372564226384724e-02
8.793898874521255404e-02
8.821667534857990933e-02
8.846290521845215360e-02
8.869559020996094223e-02
8.888921807408337039e-02
8.909020644947882039e-02
8.937476131021972192e-02
8.966185808926822876e-02
8.986972806379200929e-02
9.014078496992586342e-02
9.047202394008636850e-02
9.071075592041014102e-02
9.091132614612582041e-02
9.110813913345337800e-02
9.133456063270564695e-02
9.162911338806156714e-02
9.193786227032541003e-02
9.224895623177287174e-02
9.249151418134574087e-02
9.272676319479938867e-02
9.299123321697112809e-02
9.329213740155102574e-02
9.355802205652000159e-02
9.386943283677105787e-02
9.410698799639941048e-02
9.422409306764603643e-02
9.450303287804125152e-02
9.482177008688454090e-02
9.510140937566755048e-02
9.547837345302100098e-02
9.581408797204495065e-02
9.608583546429867728e-02
9.632956031784412065e-02
9.655997600257393287e-02
9.688176075667144505e-02
9.719915425479415394e-02
9.751571518257259874e-02
9.795995408818122807e-02
9.830670121684674523e-02
9.856160773187873370e-02
9.886887039616699957e-02
9.924528797417840609e-02
9.955609458833931946e-02
9.984921092465476322e-02
1.002205225624143992e-01
1.006665444947775351e-01
1.010293757036329343e-01
1.013656678117808713e-01
1.017927248232064763e-01
1.021059628374876432e-01
1.023939363941554354e-01
1.028232553444805436e-01
1.031864107400183722e-01
1.035486672542984543e-01
1.039771536342797842e-01
1.043874159231779064e-01
1.047878417000171203e-01
1.051591897666458858e-01
1.055326178155834849e-01
1.059264295399184319e-01
1.063392468675971453e-01
1.068240658432246387e-01
1.072400424659253476e-01
1.075670765489338127e-01
1.078850601315493873e-01
1.082927158951754315e-01
1.087375317752358878e-01
1.091499559909106243e-01
1.096319070026274822e-01
1.101019319638609772e-01
1.104821356326346204e-01
1.109339472003279398e-01
1.114056084923442935e-01
1.118396931432183994e-01
1.122907228529453350e-01
1.127613120228050519e-01
1.132100635439160785e-01
1.136615862280134226e-01
1.140805403769018650e-01
1.144259186744691903e-01
1.148527219951156197e-01
1.153284555047745658e-01
1.157511610418553577e-01
1.162778588920831552e-01
1.168474581778046750e-01
1.173296110570430512e-01
1.178042759001251827e-01
1.182839745312926211e-01
1.188111993663014399e-01
1.193762181043626774e-01
1.198482591867451041e-01
1.202860366076228399e-01
1.208373137891296800e-01
1.213185527741905967e-01
1.217611207693815312e-01
1.222710737198587777e-01
1.227121161326767546e-01
1.231982021965084828e-01
1.239051634326577972e-01
1.245942798182372857e-01
1.251744401603933077e-01
1.257139575839044121e-01
1.261347452044486728e-01
1.265149930983780480e-01
1.270256462365388639e-01
1.276197080194953204e-01
1.281656543076037935e-01
1.287065175175667875e-01
1.293083463132376487e-01
1.299146266579631614e-01
1.304327162146568242e-01
1.309336619541048852e-01
1.315055397480721644e-01
1.320003192007542236e-01
1.324696890681980044e-01
1.330952147841450717e-01
1.337637847959991799e-01
1.342536951452489302e-01
1.347003369331356004e-01
1.352764012366536317e-01
1.357724864929914510e-01
1.362397456914185012e-01
1.369139305949210184e-01
1.374448841810226030e-01
1.378875300854446317e-01
1.385960548162456507e-01
1.391110440731047615e-01
1.395321641921992428e-01
1.401629382133482982e-01
1.407154594674702164e-01
1.412755407586696321e-01
1.419145602747801105e-01
1.423923200279470780e-01
1.428027926355602828e-01
1.434406868666412982e-01
1.442116508334876923e-01
1.447584284260867993e-01
1.451709609448909588e-01
1.456056073635817183e-01
1.461132987499232094e-01
1.467479036808019000e-01
1.474594071358441838e-01
1.480171555876730050e-01
1.484132581651206040e-01
1.487674029350281590e-01
1.492748556971554008e-01
1.498807500228281631e-01
1.504760749608281267e-01
1.510946810990576594e-01
1.516596684753891144e-01
1.521672252491114707e-01
1.527188043713570698e-01
1.532364988327023503e-01
1.537145297348498085e-01
1.542802654579278621e-01
1.548634758293633007e-01
1.553741686478254391e-01
1.560047341883183947e-01
1.565094721227888730e-01
1.568881390392782016e-01
1.574620975106953147e-01
1.580151995524764486e-01
1.585630390673880008e-01
1.592036434173587922e-01
1.597786193847657576e-01
1.603055818825960821e-01
1.607449161410331728e-01
1.611476639539004274e-01
1.615787911176685410e-01
1.621272541880605378e-01
1.627348206639289974e-01
1.633345476448533062e-01
1.638791244730352092e-01
1.643958000242713990e-01
1.647788086295132459e-01
1.652258999034764697e-01
1.658440600991247238e-01
1.662909905314441661e-01
1.667397652402524133e-01
1.673189578756690554e-01
1.678389220476154686e-01
1.684381717443462489e-01
1.689602624952795118e-01
1.692890617832545075e-01
1.697154994040726006e-01
1.701040886908768146e-01
1.705285648852583602e-01
1.709931934028859624e-01
1.714785279452797628e-01
1.719801744148134748e-01
1.723983519002798004e-01
1.727130340039725598e-01
1.731455857843161583e-01
1.736429635256525328e-01
1.740700808256865906e-01
1.745455518782139670e-01
1.750004851847886678e-01
1.753254881918429320e-01
1.757160158872607958e-01
1.762686956763265256e-01
1.766522178739312887e-01
1.768505098074678317e-01
1.772795143067836809e-01
1.778613807544112413e-01
1.782478634595870692e-01
1.787225578546527693e-01
1.791141812533141309e-01
1.792956871792671658e-01
1.796198734447358725e-01
1.800148467153309118e-01
1.804332645803690405e-01
1.808510043472054962e-01
1.812835787087679618e-01
1.818047444343568186e-01
1.821812828540805285e-01
1.824201576232906963e-01
1.827456270575525954e-01
1.830686642244455653e-01
1.833973072260621229e-01
1.838488141983743163e-01
1.841655773252248995e-01
1.843739042311911547e-01
1.846596822321411313e-01
1.848942798569801205e-01
1.851972614228721559e-01
1.855973839759825494e-01
1.859406222403045816e-01
1.862747056350116115e-01
1.866297540083532436e-01
1.869425061881544448e-01
1.872709271371365836e-01
1.876208810687065298e-01
1.879782360121604046e-01
1.883333476424214614e-01
1.887117320984598168e-01
1.890750589326026243e-01
1.894387813597921688e-01
1.897662785470482782e-01
1.900799063920976806e-01
1.903754366353150318e-01
1.905835476234559733e-01
1.908984316140414916e-01
1.913710404336449178e-01
1.917661018520595562e-01
1.922698608443143276e-01
1.926080464974049833e-01
1.927134661123152959e-01
1.929116625308987809e-01
1.930269434452057398e-01
1.932732120037079782e-01
1.937203675746919651e-01
1.940120207831263210e-01
1.943029489517212605e-01
1.945858182907106437e-01
1.947846371307971336e-01
1.950360519886018829e-01
1.953114518091078888e-01
1.955853509336714369e-01
1.959071117252115524e-01
1.962021204978232070e-01
1.965705794721840927e-01
1.967774315178394684e-01
1.968280578330157127e-01
1.970553533434863114e-01
1.973013115078207369e-01
1.975405405998232888e-01
1.979252439975738298e-01
1.982634206712246272e-01
1.985646440207962937e-01
1.987889755100013534e-01
1.990271376043561136e-01
1.992920583263041168e-01
1.994877924591300367e-01
1.997330020934343642e-01
2.000747474938633086e-01
2.003827866196633278e-01
2.007026060074567075e-01
2.008842629671095947e-01
2.010730520099405505e-01
2.011558883190153468e-01
2.012907144978640095e-01
2.014471142292025285e-01
2.016907396316532652e-01
2.021108123660091405e-01
2.023761973977089845e-01
2.025838578209279428e-01
2.028103234872218885e-01
2.029004004120822102e-01
2.030491934537882737e-01
2.033292735695838571e-01
2.035356096565719697e-01
2.036253887921569694e-01
2.038340441331263353e-01
2.041222937524319603e-01
2.043136168777939798e-01
2.045192146673796008e-01
2.047398351132873329e-01
2.048550097018478344e-01
2.050150281071662639e-01
2.052117411419749626e-01
2.054429603099825474e-01
2.057552482068542299e-01
2.059567459240554121e-01
2.061815836876634833e-01
2.062530767783519181e-01
2.060611941635606126e-01
2.061475387871270215e-01
2.062933800235392801e-01
2.064384964942933276e-01
2.066158898994325810e-01
2.066098204493520274e-01
2.067902825012805368e-01
2.070847409874195799e-01
2.072309755504134487e-01
2.074725014269356571e-01
2.075157562792298849e-01
2.075234016865493691e-01
2.077695557355881961e-01
2.078769952118399711e-01
2.080971303239461945e-01
2.081618177413943338e-01
2.082049593999981962e-01
2.082093379855158854e-01
2.083004973709580709e-01
2.084166203856470945e-01
2.085817627251145001e-01
2.088310982897882140e-01
2.090452962115405267e-01
2.091640415042641810e-01
2.093989788383242290e-01
2.097998139470818590e-01
2.099704715847965086e-01
2.101434966385365422e-01
2.102146908760066102e-01
2.097000367730858794e-01
2.098293869942423340e-01
2.098755247518420408e-01
2.098854951143260261e-01
2.098747490152713946e-01
2.100391684725877728e-01
2.102203045040373641e-01
2.103431237295265432e-01
2.107042304605246108e-01
2.108540364503865283e-01
2.109867126196622589e-01
2.111968049883845844e-01
2.113438570648430437e-01
2.114653221353892942e-01
2.115463347375389769e-01
2.115012030526997322e-01
2.115784500718115024e-01
2.117977149099114498e-01
2.120797881722445710e-01
2.123035040616990665e-01
2.123443170994523677e-01
2.124195984601977005e-01
2.123973483890292391e-01
2.124158430442213696e-01
2.125720937490460372e-01
2.126607437446711713e-01
2.127101072296501694e-01
2.126512745380396974e-01
2.125547288089994769e-01
2.126325560510158863e-01
2.128662018775942522e-01
2.130656062871220113e-01
2.131076935946942252e-01
2.130671024248007306e-01
2.130603473067285980e-01
2.128118590489030126e-01
2.128273646548386189e-01
2.131997566819189005e-01
2.133077133893966082e-01
2.134327634856106326e-01
2.134493951931598354e-01
2.131357539176944593e-01
2.130214439213279354e-01
2.130193631410594868e-01
2.131245782196523886e-01
2.130695378780366744e-01
2.130547464728354823e-01
2.130172212034468493e-01
2.127879456564786276e-01
2.125287298738957609e-01
2.126748264357444240e-01
2.127371400102973098e-01
2.126800912857058912e-01
2.125996916234493272e-01
2.124724173545834149e-01
2.121631074652073623e-01
2.119443578541279072e-01
2.117260422736407244e-01
2.116584601253270193e-01
2.117240954875946324e-01
2.117234622761604013e-01
2.117444560229775341e-01
2.116806263357396412e-01
2.115103087276220262e-01
2.112593289613721448e-01
2.109655694440009943e-01
2.105904027312989757e-01
2.104104437246923365e-01
2.102214855417605943e-01
2.098467396259310613e-01
2.098126746341585636e-01
2.097754296660419571e-01
2.093999670803549651e-01
2.092958025276657752e-01
2.091589197292920699e-01
2.087807924807067450e-01
2.085445810273289513e-01
2.083947302833200343e-01
2.083308917731047649e-01
2.082653005748983377e-01
2.081830815553661895e-01
2.081928919315338133e-01
2.080997370243068967e-01
2.078494407206770145e-01
2.078139436021451403e-01
2.078277961224322123e-01
2.077996370851989683e-01
2.078174347609286488e-01
2.078930064216258644e-01
2.079110641926523728e-01
2.078720093518495460e-01
2.080097915112968932e-01
2.079598867475981883e-01
2.078156430661681764e-01
2.080119682416317339e-01
2.081123058229682743e-01
2.081785303115846752e-01
2.086015429258347709e-01
2.087624815195803230e-01
2.087879498556256541e-01
2.086167614459987774e-01
2.088418162420389024e-01
2.090372450500727342e-01
2.090223945662383342e-01
2.091130855143074896e-01
2.091900895610449285e-01
2.089864249765873150e-01
2.089578344419594502e-01
2.091276600122455032e-01
2.092221803262832025e-01
2.092128116637468060e-01
2.094228439480066151e-01
2.095852862834925445e-01
2.096880256265405140e-01
2.098717033714060376e-01
2.096601886153216798e-01
2.094297791719441082e-01
2.094963388592002707e-01
2.095675548523661114e-01
2.095342277035121270e-01
2.095474705696105111e-01
2.096374838769435867e-01
2.096794921532274536e-01
2.096472656249999955e-01
2.097393020913008443e-01
2.098516297176481193e-01
2.098510675013069426e-01
2.096449154332280795e-01
2.094566365242009065e-01
2.096349472045899165e-01
2.098019111990927499e-01
2.098647921234372826e-01
2.101027405261990666e-01
2.101363281190399002e-01
2.101151237234472891e-01
2.099112103492024595e-01
2.099603337049483487e-01
2.099126644581554846e-01
2.097567844480280053e-01
2.098624600499865156e-01
2.100204907476898308e-01
2.101702394038441057e-01
2.104414892986412322e-01
2.104972341060634689e-01
2.103750445097684052e-01
2.103507456049324986e-01
2.102410511329765863e-01
2.102393369972708204e-01
2.103203288435933627e-01
2.104436749979858023e-01
2.106723960340019797e-01
2.109013140201571879e-01
2.108631616860626168e-01
2.108796380728484021e-01
2.107171759083871221e-01
2.103954003334043976e-01
2.103874486029147506e-01
2.105146911442278279e-01
2.106357278347016637e-01
2.108947996348142784e-01
2.111371657028791593e-01
2.110406544536347906e-01
2.108392893925305767e-01
2.106479108422993629e-01
2.106496099591253224e-01
2.109008231386545196e-01
2.111063846275214873e-01
2.112108369946482378e-01
2.112173550188540527e-01
2.111122553884984265e-01
2.110052221834658459e-01
2.109688495635984595e-01
2.110061270400882538e-01
2.109393196433778095e-01
2.108706457614901997e-01
2.108236454725267439e-01
2.108319643229249751e-01
2.107212171703576886e-01
2.106270728468891962e-01
2.105649569034576118e-01
2.103001670241357590e-01
2.102019795462490848e-01
2.101481574535373487e-01
2.100838373214008459e-01
2.101030581295493527e-01
2.102683413147929392e-01
2.102166022807355761e-01
2.101188136413695007e-01
2.098704537987707563e-01
2.096667563468220252e-01
2.095090752661226130e-01
2.093118337094784787e-01
2.093064182162281683e-01
2.092524848252536873e-01
2.090599943399428229e-01
2.089933949649335487e-01
2.091162659883495922e-01
2.091681490987543357e-01
2.093167251378297011e-01
2.092655596882108116e-01
2.090995121821760949e-01
2.088098315969106611e-01
2.087146248757839884e-01
2.086062924861911694e-01
2.084784972295163630e-01
2.084498604074116745e-01
2.083639641851185997e-01
2.080858145385982294e-01
2.077936327010390105e-01
2.076763935685153883e-01
2.077241653427483181e-01
2.077109189450744020e-01
2.075873873323205165e-01
2.074686060190200632e-01
2.074547665864231449e-01
2.073021341696379694e-01
2.071869933605191838e-01
2.073227393656967288e-01
2.074423386573790162e-01
2.072350921988485861e-01
2.068777409195904082e-01
2.066620118439202181e-01
2.065142068833113187e-01
2.064628854393959489e-01
2.065864269599315683e-01
2.065876310840250307e-01
2.064269191533328884e-01
2.063358335196967264e-01
2.062221664905545815e-01
2.060928247958425663e-01
2.059209029540416958e-01
2.059754214435813857e-01
2.058477591753001268e-01
2.057081540524956509e-01
2.057119881927965688e-01
2.054682926177981983e-01
2.052462433457373780e-01
2.053454567760228111e-01
2.052267039567230444e-01
2.050482255667451237e-01
2.050033194422720140e-01
2.046235237985845057e-01
2.045289484933017765e-01
2.047010591700670623e-01
2.046859453260897466e-01
2.046065667271617372e-01
2.046675018310548100e-01
2.044967500478029609e-01
2.041111210688946742e-01
2.041902560099956854e-01
2.043266970172525621e-01
2.042191666290160690e-01
2.041045635491609833e-01
2.039632697463034938e-01
2.036865578964355550e-01
2.033633513271808080e-01
2.032578881978986118e-01
2.032348217085001851e-01
2.031666377365586029e-01
2.030293329060074148e-01
2.031029257774355778e-01
2.031207771748302915e-01
2.029638410583134711e-01
2.027680214643478862e-01
2.028422460436824781e-01
2.027379112601280786e-01
2.026081851869817319e-01
2.026486721962694471e-01
2.025950593650342746e-01
2.024464685335758962e-01
2.021280251443386966e-01
2.017103134676816456e-01
2.013592332333325186e-01
2.012365899607537478e-01
2.012116020917894266e-01
2.015154493033890215e-01
2.014360910654068026e-01
2.012144428789614525e-01
2.011408370375633026e-01
2.009383576393123094e-01
2.008215536117551880e-01
2.009436362117525965e-01
2.009745968133213878e-01
2.008911956623194439e-01
2.008752634763716627e-01
2.008135976314545657e-01
2.008230473041532627e-01
2.006589414477347455e-01
2.004364318490032548e-01
2.004923772811885996e-01
2.003670978918668522e-01
1.999689719155431089e-01
1.998056156545877093e-01
1.996588584899903485e-01
1.994742150902745481e-01
1.992656677484512806e-01
1.991005102992058073e-01
1.991073647603388286e-01
1.991402598619464726e-01
1.990327614843847293e-01
1.990316576957703310e-01
1.992094478607175645e-01
1.989993148103354481e-01
1.990224137157203810e-01
1.993419822126628604e-01
1.993129798650740414e-01
1.991655351370577309e-01
1.990793575227259860e-01
1.988041116967793620e-01
1.986917955547569947e-01
1.986692832201716885e-01
1.986300153732303286e-01
1.986772633999587256e-01
1.989968605220321096e-01
1.991219986677172371e-01
1.993004562586544182e-01
1.993429890006782612e-01
1.992223898425695972e-01
1.991331165790555247e-01
1.990730473041534554e-01
1.989913960143923910e-01
1.992832953885199376e-01
1.993201999604698738e-01
1.991549515262244774e-01
1.995249451220035275e-01
1.999181184336541184e-01
1.997434484511609598e-01
1.994268105000258640e-01
1.993906469672915571e-01
1.993031572222705439e-01
1.993838999032972736e-01
1.994410964548587184e-01
1.995851228177549230e-01
1.997313036918638429e-01
1.998189187645914022e-01
2.000439012765885538e-01
2.007928721547127815e-01
2.008850498586889077e-01
2.005895633637908015e-01
2.002127557083959730e-01
2.001349180430173347e-01
2.001456189155575716e-01
2.004503868222234364e-01
2.007241971716286211e-01
2.008098453015087492e-01
2.008806462138887083e-01
2.011702003598208888e-01
2.014569787055250361e-01
2.013425927281383698e-01
2.010031986236576473e-01
2.010347507670517953e-01
2.013816329538825611e-01
2.015036464452742426e-01
2.015812210634353729e-01
2.019328410968181109e-01
2.023636182159187502e-01
2.024363428667189935e-01
2.027503880202774500e-01
2.027655568659301744e-01
2.019263126134872022e-01
2.017310326009985055e-01
2.018547048211094541e-01
2.020849427998069325e-01
2.021109626933933756e-01
2.018382883548741069e-01
2.017065090313557851e-01
2.018542601466174202e-01
2.020430301845071441e-01
2.020897964760663690e-01
2.021162962839007926e-01
2.017331672281026667e-01
2.011542599797251918e-01
2.015933057129381534e-01
2.016828053161497658e-01
2.012510920733217579e-01
2.016021257385615106e-01
2.015971816927192573e-01
2.017445895910263132e-01
2.022510129153725911e-01
2.021975457459688208e-01
2.016368304252628141e-01
2.015326541453601461e-01
2.013554708763956314e-01
2.012040581837299391e-01
2.015518472969534125e-01
2.014998906478287222e-01
2.010166989326478415e-01
2.007156441450118622e-01
2.007518599554893590e-01
2.006458561405535801e-01
2.009183578699827999e-01
2.009570175811647708e-01
2.004056635975840217e-01
2.002039024323223892e-01
1.998942822426553745e-01
1.993786861479281691e-01
1.993435904830690442e-01
1.992733218759293878e-01
1.989655354455118208e-01
1.990519586205482527e-01
1.990615406543020660e-01
1.986987567186355719e-01
1.986363569855688349e-01
1.987890111654996850e-01
1.987007141098376672e-01
1.988484269589189113e-01
1.987259914800525995e-01
1.980900345280768859e-01
1.977922185182566794e-01
1.975764276683332765e-01
1.973964383631945374e-01
1.976364609777929715e-01
1.975629548549650838e-01
1.970917047724127513e-01
1.969434834718699345e-01
1.968428791165350578e-01
1.966915892392398224e-01
1.967976321995261735e-01
1.970128863006827546e-01
1.968550350844856522e-01
1.964836424887178301e-01
1.962435730397704414e-01
1.960602537930009603e-01
1.960324441581964838e-01
1.961147186279297572e-01
1.958661738038066369e-01
1.954536144137387355e-01
1.953202982783320829e-01
1.949555916428562796e-01
1.945695186614991579e-01
1.948416784808042479e-01
1.947286558449268512e-01
1.940966488927599876e-01
1.940179295271633464e-01
1.937315430670975280e-01
1.932388336956498143e-01
1.934005843102934996e-01
1.931689429581160689e-01
1.925065106391910807e-01
1.922223765432832798e-01
1.923920508846641009e-01
1.922099414125086336e-01
1.919162459403277177e-01
1.917437663719053775e-01
1.913490667119621957e-01
1.911158329412345203e-01
1.913486635565761484e-01
1.912542263567446332e-01
1.907787639945748570e-01
1.905464831918474988e-01
1.902349499702452318e-01
1.903217011436818540e-01
1.903464680045838797e-01
1.901785332038995469e-01
1.897807568579909510e-01
1.893316886425022161e-01
1.889056313261388842e-01
1.887616844519970916e-01
1.890475045770409201e-01
1.889755208641292483e-01
1.883518499284983772e-01
1.878869860813025539e-01
1.873162256464366016e-01
1.864021206349129878e-01
1.863114960134028830e-01
1.867535274073477691e-01
1.862799266561868672e-01
1.859842663049697808e-01
1.855520507812500053e-01
1.845585966110231957e-01
1.845790328264237112e-01
1.847376947581767237e-01
1.842780952453610954e-01
1.841407305613156076e-01
1.841013920813797944e-01
1.836241900920864145e-01
1.832577075481418571e-01
1.831798830971121395e-01
1.830441478133198463e-01
1.830882915914058551e-01
1.835454841017722105e-01
1.835009299948812678e-01
1.829862525328997125e-01
1.829597848653792269e-01
1.829103703230620104e-01
1.828934371709819429e-01
1.838003445148469472e-01
1.843988401412959832e-01
1.843783227205273989e-01
1.846699090793724463e-01
1.847863975331183184e-01
1.845571598678830971e-01
1.844799325168134385e-01
1.847978995755319709e-01
1.848165553271771400e-01
1.845489913880823396e-01
1.843632490232585686e-01
1.842798013240096733e-01
1.841645061314104437e-01
1.839198663040992054e-01
1.839059475958344236e-01
1.839607408046725345e-01
1.837491229414936200e-01
1.836653401046995371e-01
1.834054090350869248e-01
1.832128776535393022e-01
1.831668875530366725e-01
1.828849711298947134e-01
1.825692712545396168e-01
1.818365160703657446e-01
1.811912382334470994e-01
1.810069348663095601e-01
1.810610147714611096e-01
1.812829883605243386e-01
1.809676683917638418e-01
1.806762834548951147e-01
1.805408392250542060e-01
1.800633761152625467e-01
1.802104245796802284e-01
1.804777949750419053e-01
1.801180018931631266e-01
1.800355950325731591e-01
1.802294340804221906e-01
1.802238173246380193e-01
1.803678653240200491e-01
1.808011519059534999e-01
1.806914608597754435e-01
1.800591252967718436e-01
1.795254020392892391e-01
1.790512810900806995e-01
1.794896706998352076e-01
1.802464047014714910e-01
1.800906648635862417e-01
1.798356854259968163e-01
1.796179553255435324e-01
1.795282222285871088e-01
1.796462404578922367e-01
1.795489628165964913e-01
1.795233445286749663e-01
1.793639833018179364e-01
1.784151056081058340e-01
1.780844247937199420e-01
1.782061208605767999e-01
1.775270971924070018e-01
1.781667708009479489e-01
1.791141411066058675e-01
1.781904034852980490e-01
1.777603793054818859e-01
1.780397371217605773e-01
1.779754153952002871e-01
1.780373681724071455e-01
1.778550233423711047e-01
1.773705548509952601e-01
1.763272636681793015e-01
1.753436021357776819e-01
1.758782358169559967e-01
1.761977671086783770e-01
1.757092002734537695e-01
1.761488681763409558e-01
1.763096132844687858e-01
1.753918386340139191e-01
1.753406048566099051e-01
1.757716946065427388e-01
1.752311726510525913e-01
1.751350916162132121e-01
1.755694452047347198e-01
1.758898376673455610e-01
1.763099237143995468e-01
1.762182530373337663e-01
1.765413887277248461e-01
1.766045202612876730e-01
1.761056124329566097e-01
1.768744334220884729e-01
1.764219445765020378e-01
1.744645524218682020e-01
1.744444080889221149e-01
1.749680424749850138e-01
1.750039013028142076e-01
1.755289309009906429e-01
1.760736201435328940e-01
1.758528370410208652e-01
1.745558546215299767e-01
1.747225924968723865e-01
1.761582409858699905e-01
1.760287118792532857e-01
1.764109485715628367e-01
1.769009655117992630e-01
1.759393427729605552e-01
1.751965037316083607e-01
1.750749090939757446e-01
1.756197661980985203e-01
1.760783288240432287e-01
1.757667073577645900e-01
1.764108615428206794e-01
1.772466736316680447e-01
1.758965151578184838e-01
1.747212265029548517e-01
1.735617287009954268e-01
1.721638338357209530e-01
1.726656834125518958e-01
1.739831263840198039e-01
1.755192476391793099e-01
1.757809809654946875e-01
1.749488406568761867e-01
1.742247581720354488e-01
1.732199016988280604e-01
1.729254234686490865e-01
1.729885731011631678e-01
1.733054787084459814e-01
1.739889412403102242e-01
1.742298256427050329e-01
1.742824193090203588e-01
1.741671181917187616e-01
1.734068392753604637e-01
1.734223279297353038e-01
1.741349492192271198e-01
1.741064355432989097e-01
1.740725895255808564e-01
1.731450089037418760e-01
1.713592641770842473e-01
1.711082257002594920e-01
1.715488702774047025e-01
1.706374647796154720e-01
1.700587620615958140e-01
1.700623055890203017e-01
1.692186733573673996e-01
1.695228197202084397e-01
1.708188312649726315e-01
1.696322223782535665e-01
1.697913583114741554e-01
1.711365358769893485e-01
1.709300462007524724e-01
1.703770537823435238e-01
1.697629618167878773e-01
1.667910222306847046e-01
1.662663504794235914e-01
1.685026886165139348e-01
1.691235234141349186e-01
1.703320214748386130e-01
1.703346845805644438e-01
1.679318180978294495e-01
1.679966247662901813e-01
1.688803331494327375e-01
1.696595481947063833e-01
1.719871607556939797e-01
1.719848147615790357e-01
1.713012058764692980e-01
1.697623717367645335e-01
1.685641483426094100e-01
1.703781951919199344e-01
1.691442222207789059e-01
1.675301326543094660e-01
1.668200251579282922e-01
1.648296236917373703e-01
1.647916601404544323e-01
1.659822420895099016e-01
1.673472829163072662e-01
1.699244542077183173e-01
1.693745484307410398e-01
1.665619387954475616e-01
1.656421706676482475e-01
1.620398050144311042e-01
1.611283545896409208e-01
1.642194716334341442e-01
1.657304468065498582e-01
1.693057860821488569e-01
1.679693643495439592e-01
1.655758684873579467e-01
1.663603435456753876e-01
1.698807952880861116e-01
