3.957543470710520039e-02
4.092312734574075905e-02
4.884473045878116870e-02
4.982650924623017313e-02
3.951461648494003498e-02
4.094943075478079536e-02
4.337178408242760297e-02
4.217494862973689834e-02
3.740665227174760910e-02
3.988102101609108247e-02
4.092122123390431326e-02
3.914302270114425331e-02
3.957936392202968806e-02
3.860215493962165789e-02
3.784352670982484013e-02
3.792358208261433633e-02
3.597957355901602178e-02
3.963851765654984732e-02
4.229293927587563645e-02
3.786429103128612778e-02
3.832289608754218396e-02
3.873546452261511508e-02
3.808633963577452014e-02
3.798146072104574555e-02
3.714705771580339294e-02
3.785258000046014953e-02
3.954659150987865218e-02
3.739184499010445722e-02
3.640520956553516818e-02
3.734554273188117612e-02
3.896076833941038153e-02
3.739424465708435924e-02
3.709236723184584916e-02
3.797280432656409410e-02
3.778458002433178475e-02
3.700310845859353798e-02
3.691430870667095077e-02
3.781277914121743827e-02
3.874583610892298746e-02
3.716083612255749458e-02
3.603694548010825255e-02
3.728169687986370578e-02
3.701716096699237540e-02
3.753346691839395954e-02
3.763050403296949037e-02
3.572495427466930440e-02
3.687015265822410348e-02
3.835111320875583818e-02
3.816788882017133067e-02
3.585601313561198600e-02
3.675024580322210077e-02
3.776587059050794115e-02
3.650262410193678281e-02
3.588801635801793649e-02
3.655352697148914892e-02
3.751976299099627626e-02
3.737689266502861041e-02
3.642825703807172494e-02
3.627506637945772383e-02
3.710860827341677659e-02
3.770859210491178670e-02
3.740676214545964051e-02
3.714114589169621033e-02
3.749542039334770316e-02
3.764053281024094116e-02
3.736003098487850060e-02
3.686317120604212100e-02
3.664125643111765251e-02
3.767896850109096057e-02
3.829587409980595575e-02
3.799452818185090203e-02
3.760505820065737637e-02
3.789797356724734778e-02
3.835950891673561847e-02
3.848175728283823732e-02
3.836342059001324190e-02
3.846329513490195917e-02
3.860397453010086521e-02
3.853278587572277203e-02
3.936168780401345241e-02
3.929521871209148975e-02
3.845468840785320336e-02
3.915252254009246591e-02
3.917331377863888381e-02
3.883633509278299617e-02
3.876732826381922709e-02
3.891898475065831697e-02
3.907141087651256478e-02
3.910615322589871407e-02
3.904048672355706767e-02
3.922712945155799880e-02
3.948958039358257260e-02
3.967633766308425319e-02
3.978276425041258474e-02
3.986242407560350309e-02
3.974807407110930030e-02
3.949323340691626022e-02
4.015043812356891562e-02
4.038784193322057792e-02
4.004485124275087432e-02
3.984214338697490698e-02
3.993196269683541022e-02
3.993402361683545676e-02
3.968910167589784904e-02
3.960624901168047912e-02
3.972633281350135964e-02
3.978899480402467437e-02
3.958071039617065690e-02
3.965955044440926114e-02
3.974190822876992601e-02
3.969361036121848985e-02
3.956096699126066679e-02
3.959619578942653179e-02
3.974037515223027145e-02
3.986648653820155930e-02
3.980145201645795411e-02
3.975579888187345118e-02
3.960766182355580228e-02
3.922219473607842927e-02
3.955410038791597194e-02
3.986095940470694987e-02
3.983643557168538296e-02
3.992897889353336227e-02
3.984664121866229175e-02
3.976223696917292882e-02
3.986472021639345803e-02
3.993920126855372843e-02
4.006860000640150021e-02
4.020327086560428892e-02
4.023805528320375385e-02
4.024400045722725111e-02
4.040007477030158056e-02
4.065016561001542905e-02
4.038493140637872125e-02
4.046214957945050428e-02
4.077552169561381862e-02
4.093038855716585322e-02
4.098613024689253675e-02
4.097867665067318060e-02
4.101789460927244418e-02
4.128424447327852520e-02
4.149006965607406061e-02
4.166669784598050347e-02
4.187952230125668862e-02
4.215850067138676716e-02
4.229677625745531522e-02
4.240873117744922011e-02
4.272140902653341621e-02
4.275418574362995633e-02
4.290199295133349799e-02
4.331864148266618281e-02
4.369368437491354812e-02
4.375539567321535400e-02
4.392285101115703944e-02
4.458310170099137604e-02
4.495485284887254518e-02
4.516535409167407589e-02
4.534752328544858907e-02
4.559448727071286483e-02
4.587976295053955433e-02
4.625845820344986342e-02
4.674162683151658615e-02
4.729197866097093611e-02
4.758751846551897979e-02
4.776941217184062227e-02
4.816795862317085203e-02
4.861775261163713002e-02
4.901098614335063636e-02
4.937982820868492412e-02
4.994291143678133288e-02
5.029006092250352250e-02
5.061842881701889008e-02
5.113407020829614097e-02
5.147822478711609751e-02
5.181415767967697400e-02
5.220988036841154450e-02
5.263435766100885843e-02
5.310640994757410277e-02
5.358261979334055791e-02
5.398030894659463369e-02
5.415900629162789109e-02
5.458153717704117280e-02
5.510006912276148999e-02
5.538554052114483262e-02
5.578819728270171391e-02
5.621558629274370916e-02
5.660105402767653948e-02
5.699300688058136360e-02
5.738463488034900584e-02
5.782307605482633200e-02
5.834400503374637115e-02
5.881759562529627339e-02
5.925059935748581974e-02
5.967070729285479935e-02
6.008957873731847477e-02
6.055586857795716704e-02
6.102381285130981103e-02
6.143823538944129248e-02
6.179217932634051280e-02
6.222991566956040388e-02
6.268292759284374571e-02
6.302188381999733469e-02
6.338107216358188079e-02
6.372561209946871197e-02
6.404119682908061828e-02
6.431330276727681428e-02
6.460388959050174240e-02
6.495620729327201970e-02
6.534446825087072974e-02
6.552352854982018693e-02
6.568286846131086987e-02
6.589878596216439122e-02
6.613154018595814032e-02
6.637553308904169114e-02
6.660489292442794973e-02
6.679955719411372062e-02
6.688114344775673847e-02
6.701570435687902172e-02
6.718936949819324933e-02
6.735080546140673197e-02
6.751714152097704202e-02
6.762702314555645022e-02
6.769684247598056759e-02
6.783704023435707664e-02
6.799484195709230849e-02
6.813619115352631539e-02
6.825978677272796780e-02
6.836112245917322361e-02
6.849467916712161097e-02
6.863834989964963385e-02
6.867224657386543363e-02
6.880734576135873193e-02
6.894672173559669714e-02
6.903696746751669666e-02
6.922795005887752429e-02
6.932955430448051182e-02
6.939532299712304619e-02
6.957173615097998753e-02
6.970946316719058011e-02
6.984674690365791361e-02
6.999843273609877847e-02
7.010962589606642426e-02
7.018911396935582914e-02
7.026668097004293290e-02
7.037214785590767407e-02
7.048889734894038528e-02
7.062640181481834312e-02
7.077618636786939255e-02
7.091760495901108796e-02
7.096919095963238888e-02
7.099684241563081200e-02
7.105533019602304490e-02
7.112980143427845292e-02
7.121791366338732499e-02
7.130253070592874887e-02
7.139353043735031934e-02
7.154158602505919506e-02
7.169519794583323336e-02
7.182513634115460233e-02
7.194813670888547397e-02
7.213855933621526884e-02
7.231285234242676441e-02
7.239434276446701788e-02
7.248892603516576827e-02
7.268366368710990622e-02
7.294863870888945723e-02
7.316805475503208867e-02
7.329755721464757678e-02
7.343823883906008820e-02
7.366071382388476863e-02
7.392324346601968077e-02
7.414619842544194206e-02
7.433362861275673306e-02
7.457085891291495572e-02
7.485848042517902201e-02
7.512202203124763999e-02
7.533694572299720615e-02
7.554261132255199462e-02
7.579141239076854497e-02
7.604013218283650621e-02
7.621727724298836548e-02
7.624667704254384226e-02
7.627047617658970491e-02
7.626862899139523477e-02
7.612141572013499113e-02
7.594018468633290109e-02
7.563280568122862646e-02
7.517228763476009601e-02
7.470796438679103146e-02
7.413934906274081971e-02
7.353657559007402422e-02
7.298819802701478343e-02
7.233100647851829768e-02
7.175535096824164905e-02
7.129060403555630143e-02
7.082471912205225151e-02
7.038156426697966817e-02
7.007257291674617861e-02
6.993814474791291980e-02
6.972164054363969021e-02
6.961904196813703538e-02
6.960136453583833094e-02
6.954164099693296852e-02
6.948811554908752852e-02
6.943318581581120474e-02
6.935816659256816008e-02
6.922679353505375999e-02
6.896065668016670980e-02
6.869548892229798698e-02
6.856616512089970528e-02
6.831464594453573458e-02
6.802521651536223846e-02
6.778398980498309689e-02
6.761917852163314147e-02
6.756311015188691538e-02
6.753707833588123988e-02
6.751410299912101454e-02
6.768470615148546032e-02
6.797900047153239422e-02
6.831973351538180028e-02
6.866967707872390081e-02
6.919464283436541074e-02
6.983150169253345141e-02
7.053040834516284552e-02
7.129401860833167737e-02
7.221292881891130944e-02
7.331459152176975080e-02
7.458269071877003664e-02
7.596036449074745900e-02
7.743106016144155057e-02
7.908814725056290129e-02
8.106280460804698995e-02
8.328033809736368198e-02
8.580460643470291804e-02
8.866176994889973795e-02
9.181748382449154977e-02
9.534794541597362005e-02
9.925940101146699113e-02
1.034847899854178521e-01
1.078775568366046322e-01
1.124133286595346976e-01
1.170943171381951808e-01
1.219202929675576308e-01
1.267377031445498792e-01
1.315386255502699886e-01
1.363050782322882959e-01
1.409801935434339126e-01
1.457342933416363173e-01
1.504667201161380141e-01
1.550669784307482646e-01
1.597788677170873806e-01
1.644797835916281536e-01
1.691230123460291668e-01
1.736904740467671293e-01
1.783023662224409167e-01
1.829296159848569359e-01
1.875210757642983839e-01
1.920172090202569570e-01
1.965337154909969075e-01
2.010321272328498277e-01
2.054329339653255815e-01
2.097928457111118417e-01
2.140138847976919556e-01
2.181359477341176800e-01
2.222329891920094003e-01
2.262090367823837433e-01
2.301425286233422518e-01
2.340467522889376484e-01
2.377571519762273766e-01
2.414566463828086706e-01
2.451517800748347631e-01
2.486940831542017172e-01
2.521785053014757305e-01
2.556209635734557617e-01
2.590330291092394210e-01
2.623955547809598277e-01
2.656863157153127597e-01
2.688992747962475893e-01
2.720545557439327800e-01
2.752254917621611563e-01
2.782850962579252463e-01
2.812608321905138986e-01
2.842351180315020875e-01
2.872026439219713678e-01
2.901928755462172549e-01
2.931388986259695906e-01
2.960011503607031802e-01
2.987308652341367776e-01
3.014485958635804153e-01
3.041791863441470900e-01
3.068614634275434461e-01
3.094848452031616626e-01
3.120123074650762995e-01
3.145207724809647720e-01
3.170594506859778505e-01
3.194967291355134131e-01
3.218510564267635377e-01
3.241612595021723942e-01
3.264978601634502819e-01
3.288388376951214553e-01
3.310697471231225375e-01
3.331700275540348533e-01
3.353293619155884864e-01
3.375363421440127909e-01
3.397428419709201952e-01
3.419931574940682784e-01
3.441933463275437255e-01
3.463715492516754035e-01
3.486099397122855992e-01
3.508476791769264969e-01
3.531100381255146692e-01
3.554065743625159923e-01
3.577124020874498656e-01
3.600711480140681431e-01
3.624911001443866798e-01
3.648975898504253079e-01
3.674134654521946652e-01
3.698775033235545684e-01
3.722511690348391800e-01
3.746553749978546732e-01
3.769830747574567376e-01
3.793054196745154205e-01
3.816414623379705828e-01
3.839414115875959266e-01
3.862338758915665471e-01
3.884246277719740625e-01
3.905101466417308931e-01
3.926840943753719393e-01
3.948283390045162489e-01
3.968927343517538175e-01
3.988763041198252202e-01
4.008815003514286102e-01
4.028244502365590507e-01
4.046832906335590674e-01
4.064857424676423525e-01
4.083054164648060036e-01
4.101378743171694707e-01
4.120440944194789790e-01
4.139562024831770493e-01
4.156991869926453531e-01
4.174165189266209053e-01
4.192063704252239065e-01
4.209218087434766775e-01
4.225661477088924478e-01
4.241971130132672352e-01
4.258501211881637327e-01
4.273621733427049318e-01
4.289209445476534488e-01
4.305855215311049644e-01
4.322908704280856163e-01
4.339239660501484352e-01
4.354907259464261826e-01
4.369932804346088884e-01
4.384054443597789064e-01
4.398408346652987189e-01
4.412592120170592547e-01
4.426823490500454428e-01
4.441012835383412183e-01
4.455319063633678134e-01
4.469888418316840251e-01
4.483554791808129214e-01
4.496537254750732071e-01
4.510520280897614698e-01
4.524807530343528117e-01
4.537058117598294915e-01
4.549556944310665929e-01
4.562504958242174502e-01
4.575883813142774259e-01
4.589462379813192827e-01
4.602353990077973078e-01
4.614791632890701267e-01
4.626597450077530316e-01
4.638102003335952683e-01
4.650078280270102948e-01
4.662941658347841689e-01
4.675133717328309180e-01
4.685661258667703777e-01
4.696485267758372939e-01
4.707833187937735531e-01
4.720358286857601060e-01
4.730325974583625137e-01
4.741175901353358313e-01
4.752768889904022132e-01
4.764452166527508026e-01
4.775210952490572258e-01
4.785627531856300187e-01
4.796539681077006678e-01
4.807118955850605557e-01
4.818317920416594902e-01
4.828334512263540712e-01
4.837494527101519615e-01
4.847280072212217794e-01
4.856603872776036890e-01
4.866197956413034764e-01
4.874891608923676012e-01
4.883308957517145110e-01
4.893189147114752058e-01
4.903301762700084110e-01
4.913000028789046292e-01
4.921172991156576582e-01
4.928642832934854168e-01
4.936424843668938411e-01
4.945187787592414397e-01
4.953723564922808964e-01
4.961655891716479916e-01
4.968975420445199687e-01
4.978207250475886747e-01
4.986187020778654055e-01
4.993057206094260736e-01
4.999832013309004064e-01
5.007773276925088224e-01
5.015934917271133164e-01
5.023529028296468413e-01
5.030329901576044982e-01
5.037358260512353469e-01
5.044761022925374760e-01
5.051723031878475600e-01
5.058515043258663413e-01
5.065274535417558788e-01
5.072329077720638679e-01
5.078977388322356568e-01
5.083984857439990401e-01
5.090271005809311466e-01
5.096376432597634620e-01
5.102679764330388945e-01
5.109752792239192765e-01
5.114814521074295683e-01
5.121378498077387986e-01
5.128206716775896012e-01
5.133014794349668453e-01
5.138562719285489910e-01
5.144440024495120500e-01
5.150189369022850627e-01
5.155601631939416007e-01
5.160338245272638735e-01
5.165408177137371659e-01
5.170673584818842317e-01
5.176389771580692800e-01
5.182666322350498733e-01
5.187974971652026257e-01
5.192630257844922381e-01
5.197999869704248432e-01
5.202987555205819126e-01
5.207972279250621117e-01
5.212423519134520289e-01
5.216502811431884545e-01
5.220925005912782080e-01
5.224765043556690580e-01
5.229129944443698941e-01
5.234429292976852111e-01
5.238754518330098753e-01
5.243272199630734098e-01
5.248695904314517602e-01
5.254031375348564570e-01
5.257965879082676652e-01
5.262043758153910344e-01
5.266514207839969597e-01
5.272877049207688183e-01
5.277285919189458330e-01
5.280343709349633041e-01
5.284565046787257359e-01
5.289119117975237261e-01
5.294285166263583697e-01
5.298249153614047469e-01
5.299752224683756952e-01
5.303648652970786026e-01
5.308678313851357133e-01
5.312585076451307176e-01
5.315577893376350893e-01
5.321325569868088357e-01
5.326666587889191673e-01
5.331570166885857276e-01
5.336359502673145849e-01
5.339566354751582589e-01
5.341205846071240826e-01
5.344623919129370959e-01
5.351557724475862754e-01
5.356633045077325850e-01
5.359245577454563314e-01
5.361508116722107919e-01
5.366227837502960396e-01
5.370409007072451946e-01
5.372020518004892997e-01
5.373962853252889360e-01
5.378579598307612342e-01
5.384895442843439239e-01
5.387004669785497857e-01
5.388324416160580332e-01
5.392195038795468687e-01
5.399087800025940131e-01
5.402067877769473059e-01
5.404076885700224153e-01
5.407451663970943567e-01
5.410171369552612131e-01
5.412360270977017995e-01
5.415834464073185917e-01
5.419408927381043073e-01
5.420007723033426483e-01
5.424344257950781678e-01
5.426773758888245869e-01
5.426889731168749176e-01
5.433116140902040092e-01
5.433549765944482024e-01
5.434559688091273877e-01
5.437929645061492234e-01
5.439650121688843765e-01
5.441643342375753756e-01
5.443829436302183300e-01
5.445026144385340938e-01
5.445672737061975077e-01
5.448566135764126850e-01
5.450675696134570369e-01
5.451396235823630088e-01
5.452325601875780414e-01
5.453428299725060491e-01
5.455150377750400681e-01
5.456938120722771846e-01
5.457787624001498861e-01
5.457289516925816208e-01
5.456771887838840485e-01
5.460168126225476426e-01
5.467538980722429498e-01
5.466426338195796708e-01
5.464367885649205059e-01
5.465479824602608172e-01
5.468282147347923727e-01
5.466343657851215898e-01
5.468962956428532474e-01
5.471476986289027789e-01
5.470126234889033379e-01
5.468029165327550345e-01
5.469742861926556454e-01
5.472438770413399212e-01
5.474673435509204156e-01
5.476829071044925223e-01
5.473571720123291406e-01
5.473000545501709446e-01
5.476734466552738434e-01
5.478929882049564659e-01
5.480823745727536611e-01
5.479444128692145810e-01
5.479341256678099681e-01
5.483785445928572866e-01
5.482036674857134750e-01
5.481707990527149299e-01
5.483934885978696272e-01
5.487283804714683244e-01
5.491835860133171821e-01
5.490411902010441381e-01
5.489544168293479798e-01
5.492616647720339751e-01
5.488019541263582379e-01
5.486744077682490506e-01
5.490533823966977645e-01
5.491500711143013636e-01
5.491571628749367662e-01
5.493835082352160892e-01
5.496787027716634189e-01
5.497052243351939760e-01
5.498027262091634837e-01
5.499949526309961811e-01
5.501169777035717079e-01
5.502420164704319161e-01
5.504770255327224859e-01
5.506645804643630626e-01
5.507721171379087455e-01
5.509294633805750241e-01
5.511276381075383979e-01
5.513345575749872829e-01
5.517288981020449512e-01
5.523075842857356754e-01
5.525147192001342855e-01
5.526927866935730238e-01
5.528729810714722026e-01
5.527356197834012441e-01
5.527381011486055540e-01
5.528666594982146743e-01
5.529909049987795644e-01
5.531617056369777519e-01
5.531361830234524657e-01
5.532081426143647951e-01
5.533057462573046648e-01
5.532777451038362049e-01
5.533136621952053913e-01
5.533120585680005865e-01
5.533425968289374941e-01
5.534991275668146304e-01
5.536896815896031887e-01
5.539577330946922062e-01
5.543992564380165744e-01
5.546841136336326805e-01
5.550129721999165211e-01
5.551620453000064570e-01
5.550731566250328708e-01
5.550615213632585920e-01
5.551235367178918301e-01
5.550079519093031877e-01
5.552135230898859186e-01
5.555535787343982568e-01
5.558955836296078923e-01
5.565172173976893344e-01
5.566777057051657263e-01
5.566279112100606108e-01
5.565816062986850277e-01
5.561235195457934211e-01
5.562246931672093497e-01
5.569259982347485316e-01
5.571360826313492831e-01
5.573334095835686952e-01
5.574523018777373107e-01
5.572886404037473707e-01
5.570316674470905394e-01
5.571074957132337024e-01
5.573796861171722572e-01
5.576767982721329009e-01
5.581846232414250375e-01
5.584367935657505999e-01
5.586509907007218834e-01
5.588265650272368212e-01
5.588081985235215932e-01
5.589045783758159747e-01
5.591857453346252838e-01
5.593123029470447038e-01
5.593433665513997122e-01
5.593713592290877612e-01
5.594569908380505607e-01
5.592815936803813281e-01
5.592529513835902133e-01
5.591840327024464319e-01
5.593106493711471616e-01
5.595913438796992212e-01
5.596831763982771379e-01
5.598973015308383872e-01
5.599639828026293786e-01
5.597250760316853091e-01
5.597967185318468708e-01
5.601669797301291887e-01
5.603446597456928080e-01
5.604523410797119798e-01
5.605849237501622229e-01
5.604288498103615623e-01
5.603368122637270021e-01
5.603376393020151891e-01
5.604329850018028303e-01
5.605337234973911675e-01
5.605969392299650078e-01
5.607063556194302745e-01
5.609147902965547772e-01
5.609605773925783190e-01
5.609435623168941287e-01
5.609993930339810531e-01
5.610111499786372136e-01
5.610220207214353660e-01
5.611245838165280775e-01
5.612503251671786542e-01
5.612528067827224909e-01
5.612664556682108730e-01
5.613023209214212939e-01
5.613873457968239222e-01
5.613883502602579068e-01
5.613335183739659451e-01
5.612926898896689609e-01
5.612110920071605724e-01
5.611313257932665222e-01
5.609301376760009727e-01
5.610204054474834390e-01
5.612505689620974625e-01
5.612923470377922941e-01
5.614090538263317720e-01
5.614471681952472037e-01
5.612688874959944618e-01
5.611733356595035582e-01
5.611610445141792525e-01
5.610797929525376260e-01
5.609765591502187121e-01
5.607636921763416993e-01
5.607778916954990756e-01
5.607947920203207870e-01
5.607529548525809204e-01
5.607464547276497235e-01
5.606961673974990568e-01
5.606092429995531701e-01
5.604957862734797347e-01
5.603812658905982236e-01
5.602845913052554305e-01
5.602006889283656088e-01
5.600683684945106933e-01
5.600045426487927358e-01
5.598838645219801347e-01
5.596386668980121160e-01
5.595052236020562342e-01
5.594786294996735299e-01
5.595455875396729839e-01
5.594613800287242533e-01
5.595582909822462980e-01
5.594417023777958908e-01
5.591295781970027079e-01
5.589414882183079136e-01
5.587427025794980961e-01
5.585288484692573219e-01
5.583196035385128431e-01
5.581167405486102684e-01
5.578648902535441323e-01
5.576811139941213469e-01
5.576346085548400389e-01
5.574435639739033777e-01
5.571657131791111217e-01
5.569426407098767573e-01
5.566337665915486177e-01
5.562880394577980336e-01
5.560086213648316456e-01
5.557290850996972065e-01
5.555115301370621150e-01
5.553416576445107111e-01
5.551091539025302390e-01
5.549095611095425928e-01
5.546224027395250111e-01
5.541786071598532315e-01
5.538580060660843740e-01
5.536087218761441830e-01
5.533201454401014407e-01
5.530745836734775045e-01
5.527731264710430414e-01
5.523761861562732634e-01
5.520146974921229521e-01
5.517781168103217393e-01
5.515631616353987576e-01
5.513282944500446092e-01
5.512203441739078613e-01
5.509449439346787436e-01
5.505367181777952590e-01
5.501491510391232076e-01
5.497088859558104668e-01
5.494665392875676124e-01
5.494348723411560664e-01
5.491202827036378853e-01
5.487521915912629833e-01
5.485465544283393280e-01
5.483920164167879197e-01
5.480980492234233115e-01
5.479022381305692635e-01
5.478289935588839255e-01
5.476449370384219861e-01
5.472428007125856864e-01
5.471302757859233257e-01
5.471569155454631961e-01
5.470061734914783980e-01
5.467539522647860695e-01
5.466960654258730123e-01
5.466564897298810122e-01
5.466522368192667791e-01
5.468892775177954801e-01
5.468765187859540022e-01
5.466087694644927719e-01
5.465148014366623119e-01
5.463314131736758394e-01
5.463113910734654910e-01
5.464233284473415386e-01
5.465149247407912192e-01
5.466489234447474699e-01
5.467468387603759972e-01
5.468017611026763092e-01
5.469231217622761987e-01
5.470769006967548531e-01
5.472066933035850678e-01
5.473196565687653559e-01
5.475675498187537737e-01
5.477928267955785024e-01
5.480287328302858585e-01
5.483148316383361642e-01
5.486246686756606206e-01
5.489460205256937453e-01
5.493296054363250303e-01
5.496238234877587336e-01
5.498114074230191495e-01
5.501134193301197017e-01
5.503513658642770201e-01
5.506271342337133445e-01
5.509984267354010035e-01
5.512497532069683404e-01
5.514065591990943149e-01
5.516125441789629935e-01
5.517201375961308107e-01
5.519124062538146580e-01
5.521763993263248960e-01
5.523384433746337807e-01
5.526278794288637108e-01
5.529829005241394535e-01
5.532166175246236994e-01
5.533045847415928309e-01
5.534357090294365067e-01
5.534348824918272625e-01
5.535638223588464912e-01
5.538263661265369064e-01
5.539202176094059071e-01
5.540284831047060932e-01
5.541633722305293608e-01
5.542683909416199484e-01
5.543529098689553569e-01
5.544740322053428594e-01
5.545299893081183651e-01
5.545548512578012401e-01
5.546204820752144160e-01
5.547514486074451856e-01
5.548777794122700113e-01
5.549614620566367673e-01
5.549232206225399588e-01
5.548532474040989149e-01
5.548995691537854658e-01
5.549105447530742197e-01
5.549307256937030530e-01
5.550207728147508179e-01
5.550379913866521076e-01
5.551341066837310878e-01
5.553691731929777387e-01
5.554399763584140226e-01
5.554390913188457235e-01
5.554418593764306467e-01
5.554478180408475296e-01
5.554490569710727188e-01
5.556819758534434772e-01
5.557511789560315441e-01
5.556853386640550063e-01
5.557407365441322522e-01
5.557270493149756296e-01
5.557298221588139464e-01
5.558626236796379017e-01
5.559792601108551890e-01
5.560154250741002890e-01
5.559507057189945201e-01
5.560968404889105043e-01
5.564039771914481847e-01
5.564348337113852461e-01
5.564492864370341740e-01
5.565374185681345454e-01
5.564702871322627642e-01
5.564833830714229768e-01
5.566978986382484784e-01
5.568263344049453334e-01
5.569674544572833508e-01
5.568945935606955944e-01
5.569187232017515088e-01
5.569775483071803812e-01
5.569829754531380184e-01
5.571080947637557790e-01
5.572502878665923642e-01
5.573689517140391070e-01
5.573723731756213828e-01
5.572959212064745316e-01
5.571537535786628137e-01
5.571561721980573534e-01
5.572034827530386591e-01
5.571915238380436008e-01
5.572044441103930490e-01
5.572635587811465285e-01
5.571786035656931535e-01
5.570604838073255349e-01
5.570216600716118016e-01
5.569193494975567260e-01
5.568772806167600065e-01
5.570624898970125694e-01
5.570544451475143433e-01
5.567975217103958707e-01
5.566400867700574961e-01
5.564426684677604706e-01
5.562790210962291759e-01
5.562460252165796204e-01
5.560909783124925454e-01
5.558890100955958813e-01
5.556116136550901530e-01
5.552864105939868677e-01
5.550235332012175560e-01
5.548291786313058749e-01
5.546467462062835141e-01
5.544477880358694710e-01
5.541865041971211214e-01
5.539092257976534484e-01
5.535817606866358931e-01
5.532965433239940278e-01
5.530679799377922201e-01
5.527164870500566041e-01
5.523205983638765915e-01
5.519132706880569561e-01
5.516502959311007093e-01
5.513199401617053796e-01
5.508469621539112682e-01
5.505214774847034809e-01
5.502730424761769212e-01
5.499085610032081739e-01
5.494944633245472110e-01
5.490935569703582209e-01
5.486428089022638011e-01
5.481727118790151732e-01
5.478435436785220602e-01
5.474595731019973321e-01
5.469676522254947049e-01
5.465526944637301154e-01
5.460195902347566577e-01
5.455221127986906726e-01
5.451374732017519875e-01
5.447156732082366615e-01
5.441562425196172503e-01
5.436592871844764252e-01
5.430985343456269376e-01
5.424790348112586980e-01
5.419954364061356777e-01
5.416187351226807722e-01
5.410672736883166412e-01
5.404228308916094736e-01
5.398299988031386443e-01
5.392777087926862167e-01
5.388043005108834604e-01
5.384116948842999628e-01
5.379342669844624503e-01
5.373608701229094509e-01
5.367900775074957442e-01
5.361684642791748612e-01
5.357782453536984457e-01
5.353758956491944110e-01
5.349106934487815046e-01
5.344778790712356731e-01
5.339721993505958109e-01
5.334591310322289726e-01
5.330327739715572388e-01
5.325747825145716874e-01
5.319847849309448096e-01
5.315733176469797927e-01
5.311198494791988800e-01
5.306083576500417731e-01
5.301404572010041116e-01
5.295705293595790453e-01
5.288711822450165023e-01
5.282831303834919501e-01
5.275984408140182991e-01
5.267855899035930323e-01
5.259580109417438809e-01
5.251975212097171886e-01
5.242663270354269711e-01
5.234184193789959139e-01
5.226528452992440510e-01
5.217270578384395341e-01
5.206169191360471293e-01
5.194822626113887454e-01
5.182582574844358803e-01
5.169611703872677433e-01
5.155828680038452294e-01
5.142448785781859044e-01
5.127617295503618111e-01
5.111536173582078568e-01
5.095513393461706952e-01
5.078202968537802731e-01
5.058658465147022332e-01
5.040200062155725247e-01
5.021109917640687037e-01
4.999743264257912601e-01
4.978532778322700136e-01
4.957094638824466326e-01
4.933537196159363813e-01
4.909429575920102318e-01
4.885795391350988837e-01
4.861245618015532233e-01
4.836765397459267812e-01
4.812996029883627180e-01
4.788267659157517953e-01
4.763429436087612268e-01
4.738816757500170507e-01
4.714812727272508219e-01
4.691203655302526032e-01
4.668421637713906502e-01
4.645805266797545796e-01
4.622824591100217484e-01
4.601185970842834316e-01
4.579969261944297765e-01
4.559286858439441370e-01
4.538281442999836379e-01
4.518727163434028693e-01
4.498798718333245072e-01
4.480243906587361713e-01
4.463979746997355780e-01
4.447178386151788843e-01
4.431293985843657302e-01
4.415286845713857766e-01
4.401335175514223819e-01
4.387228086233138091e-01
4.374112530708314517e-01
4.362874376893042250e-01
4.350938894510272270e-01
4.340052078008648784e-01
4.330646368741989938e-01
4.321587232500311848e-01
4.313644263148310731e-01
4.306385742723942145e-01
4.299459272921087316e-01
4.292294489800932977e-01
4.286074624836448410e-01
4.280046716451644806e-01
4.275082972884182708e-01
4.272054717779160682e-01
4.268697394251827482e-01
4.265074987828734177e-01
4.262072680771348265e-01
4.258831533730033092e-01
4.257140782535079881e-01
4.256448396146301216e-01
4.254662813097236929e-01
4.253534548729659415e-01
4.252421913743018034e-01
4.251635431498287931e-01
4.251629533618685453e-01
4.251338178366419474e-01
4.250705335885283098e-01
4.250178360342984352e-01
4.249624844342472785e-01
4.249183682948352581e-01
4.249887389421459494e-01
4.251211302280428761e-01
4.251879304647447344e-01
4.252479179620738403e-01
4.253469238758088022e-01
4.253694086372856176e-01
4.254568741917615360e-01
4.255427473187441967e-01
4.257154962122444153e-01
4.259364012926818988e-01
4.261616413146256943e-01
4.263834310770036051e-01
4.265965804457663157e-01
4.268330559283494141e-01
4.269819057583804645e-01
4.272217777669427008e-01
4.275766468048093905e-01
4.278761698365207145e-01
4.280917589098214848e-01
4.284210594236849134e-01
4.287936416238541937e-01
4.290090484619137889e-01
4.292427695274353971e-01
4.296488038659099229e-01
4.299242867231367615e-01
4.301675053864717491e-01
4.306204857766631200e-01
4.309135479331014928e-01
4.311377309560775473e-01
4.316194326579569363e-01
4.320514993071552512e-01
4.323845611214635065e-01
4.329485850930211432e-01
4.334104504585262196e-01
4.337253854572774014e-01
4.341206266403196401e-01
4.344975378662343513e-01
4.349042447954419854e-01
4.354409211128954516e-01
4.358857052415612832e-01
4.363192607223986830e-01
4.367965224623676090e-01
4.372327303797010067e-01
4.376796389579772906e-01
4.381263819694514727e-01
4.383908915519710292e-01
4.386991029739377157e-01
4.390852881431578925e-01
4.394661395072940735e-01
4.399169961124659300e-01
4.403556501656766820e-01
4.407912981241938200e-01
4.411567449301483923e-01
4.415060118734833172e-01
4.418632361263041264e-01
4.421558882862325901e-01
4.423470994859936556e-01
4.426718755990265430e-01
4.430712146490807801e-01
4.434486682713032479e-01
4.437589168250562488e-01
4.440996420085434049e-01
4.445152913630009972e-01
4.447515589296821559e-01
4.449427599906924935e-01
4.451017726719377343e-01
4.450839718759059260e-01
4.452108172833922350e-01
4.455014948517088680e-01
4.456877843081949453e-01
4.458403878211978366e-01
4.460214608192447083e-01
4.462040073931216599e-01
4.463818385243412123e-01
4.465346778094768654e-01
4.467096502035858840e-01
4.468279783427712148e-01
4.469149193167686329e-01
4.470661671400073534e-01
4.472664555668826591e-01
4.474831891000275452e-01
4.477289520770315612e-01
4.479267354249950595e-01
4.480577363163236182e-01
4.481749740093947110e-01
4.483216537475591124e-01
4.484937379330393714e-01
4.485701281040905264e-01
4.486974571943279644e-01
4.488681734800339940e-01
4.490658107131716426e-01
4.493045193225146394e-01
4.495797800034282976e-01
4.496753459841012490e-01
4.497871106147766085e-01
4.499062706232070386e-01
4.499375788688661504e-01
4.500797631144526911e-01
4.502577071547510523e-01
4.503038735508919088e-01
4.504995252400635919e-01
4.506723276674743928e-01
4.508476951539512889e-01
4.510133036226033343e-01
4.510047239422795839e-01
4.510993362933393702e-01
4.513266535967583870e-01
4.514156995177264209e-01
4.515952355027203491e-01
4.517564641237260536e-01
4.517656325459476485e-01
4.518643920779226164e-01
4.521507357597351895e-01
4.523937726497649914e-01
4.525128147363666753e-01
4.527205635190013622e-01
4.529737416863439670e-01
4.531242983818052905e-01
4.533487920641894320e-01
4.536165630578996022e-01
4.537726325988766241e-01
4.540044278442858516e-01
4.542241847634318486e-01
4.544125354051593568e-01
4.546190460085864360e-01
4.549767618775370503e-01
4.553513405680658654e-01
4.556528666853903453e-01
4.559129432797427994e-01
4.562451396137480186e-01
4.565459591269490636e-01
4.568743161708116451e-01
4.572490801453590326e-01
4.575356591582294130e-01
4.578239482104775604e-01
4.581797543346881607e-01
4.584697534263130758e-01
4.588626791983840825e-01
4.593095006942752301e-01
4.595056971311564653e-01
4.597418355941774171e-01
4.601208953142167379e-01
4.605270770549779180e-01
4.608858542203905229e-01
4.611261962056163455e-01
4.614511559128765539e-01
4.618228668987747199e-01
4.621317613810300151e-01
4.624824140965939079e-01
4.628850946724418214e-01
4.630275743901731689e-01
4.631424070298669204e-01
4.634587862789633639e-01
4.637500827312466267e-01
4.640287640988826623e-01
4.643984921872613691e-01
4.647081807255746821e-01
4.648785749495025765e-01
4.650607973366980841e-01
4.651988905906677130e-01
4.653300255775448813e-01
4.655081628799439541e-01
4.657347019433975555e-01
4.658791126340626754e-01
4.660201347857717558e-01
4.661112385571006267e-01
4.661976817548273422e-01
4.663765195906167116e-01
4.665415867328647215e-01
4.666595962852235768e-01
4.667423650324340478e-01
4.667568620860574891e-01
4.670434441566462813e-01
4.671638525962834021e-01
4.670715505003930623e-01
4.670783584207292560e-01
4.670903685092925306e-01
4.669509161978961931e-01
4.669820590257649506e-01
4.670513206899170600e-01
4.670156741380690479e-01
4.669522023350000106e-01
4.667642664015290710e-01
4.665524440556760299e-01
4.663709694623947022e-01
4.660738042593006170e-01
4.658456507653001566e-01
4.655360969781878189e-01
4.651775034248832874e-01
4.649072728633883433e-01
4.646977865695954835e-01
4.643852385550741868e-01
4.639776840120556356e-01
4.635836919426918334e-01
4.631520699888467818e-01
4.628139072865249948e-01
4.625570676803585357e-01
4.621077127456664213e-01
4.617634191513057540e-01
4.614514307230712098e-01
4.610800729393956243e-01
4.607614695668217908e-01
4.605394922912118827e-01
4.601888868749142159e-01
4.598867979228494773e-01
4.596382551193241572e-01
4.593298943400377921e-01
4.590528072595599918e-01
4.589759940147400408e-01
4.587439679950477411e-01
4.582952426075938557e-01
4.579604895263912345e-01
4.576171504884956054e-01
4.572816064596171848e-01
4.570210335731510476e-01
4.567442950606347418e-01
4.562220627039675347e-01
4.558849324882030540e-01
4.556395823180680038e-01
4.553324900418516674e-01
4.550212208479639808e-01
4.546458495378497000e-01
4.539727335870268887e-01
4.534856478273869285e-01
4.530467269420622167e-01
4.525318430423740934e-01
4.522589559793473990e-01
4.517292844355110248e-01
4.508976679265497278e-01
4.502555794477462459e-01
4.495645972341297258e-01
4.488312877178190496e-01
4.482381528139118276e-01
4.475613100916145393e-01
4.468160166442389780e-01
4.460748216658834142e-01
4.453935386985544698e-01
4.446589605808258794e-01
4.438974888801573981e-01
4.431846801906819677e-01
4.426728615283969104e-01
4.419696312487129131e-01
4.410575101196764214e-01
4.404219861388203872e-01
4.397696666419507738e-01
4.391301036477088804e-01
4.386242833614344971e-01
4.380207947254184386e-01
4.372330953598020375e-01
4.365782307654622607e-01
4.361332301348448404e-01
4.354430329740047734e-01
4.347030337035655001e-01
4.340985750555992340e-01
4.333897300153966015e-01
4.328465305089946868e-01
4.324719060897825318e-01
4.319535022974012595e-01
4.314198580384254744e-01
4.310440322756762810e-01
4.306774530321357264e-01
4.304413834780456138e-01
4.302894347667691188e-01
4.300958015352492336e-01
4.298740629196167728e-01
4.298995994478467253e-01
4.300268796622757628e-01
4.301656132578853264e-01
4.305962589949367536e-01
4.311069710999729243e-01
4.313372970581055843e-01
4.316419481039043826e-01
4.319744157761336023e-01
4.322660364568229330e-01
4.325510036051277707e-01
4.331547886729245067e-01
4.334744395911693249e-01
4.335235631853343041e-01
4.336416260808706458e-01
4.336461057513953388e-01
4.335658607482908988e-01
4.334797536849973043e-01
4.334270934104915152e-01
4.332333377838131772e-01
4.331496568351986265e-01
4.332684324920181296e-01
4.333287484854457805e-01
4.334660579770804878e-01
4.335421085774903704e-01
4.335409004896882967e-01
4.335438963949679869e-01
4.336148128151891545e-01
4.336390015900139505e-01
4.336662544727323820e-01
4.336385905444618549e-01
4.334846641570332948e-01
4.336233010143040190e-01
4.339379884153609090e-01
4.341757244825359963e-01
4.346090312957760493e-01
4.350344142794608793e-01
4.355063387155529986e-01
4.357325435221197640e-01
4.359459940165277270e-01
4.362277474910020159e-01
4.363027364462612190e-01
4.366317294538018534e-01
4.372964012861250693e-01
4.377214920401572007e-01
4.381377181470389459e-01
4.384258748948575146e-01
4.386466441124673432e-01
4.388570771962404526e-01
4.392141597002743314e-01
4.394360365867616136e-01
4.396842259168627365e-01
4.400507534742357785e-01
4.402347533702846150e-01
4.402396867185829343e-01
4.403405540317293365e-01
4.403076381951571139e-01
4.403039290964602670e-01
4.404276306569574473e-01
4.405660515844820879e-01
4.406796974629160202e-01
4.408422711312774966e-01
4.410485274583099691e-01
4.411677844762799672e-01
4.412831529974942102e-01
4.413709126412871941e-01
4.414235901772980419e-01
4.413748240381478727e-01
4.411629430174825450e-01
4.411048433303828564e-01
4.410606610149144235e-01
4.411428839683536052e-01
4.413539556562903754e-01
4.414212395042180770e-01
4.413839813113207833e-01
4.415814622879030149e-01
4.418097183108327664e-01
4.419745555937289461e-01
4.423138981312516038e-01
4.423379680395121416e-01
4.422368641942734935e-01
4.424514610290530836e-01
4.425170958995815473e-01
4.425413635373119381e-01
4.426635173559185787e-01
4.425302998542787192e-01
4.423689550638199020e-01
4.423579672694206155e-01
4.424173796057697672e-01
4.425534053802488987e-01
4.426278051584959239e-01
4.426798322796823837e-01
4.428567551523449053e-01
4.431430623650552958e-01
4.433022296905513304e-01
4.434218159735203724e-01
4.435646733045573997e-01
4.434535965323447293e-01
4.435012704491611002e-01
4.437692863672966781e-01
4.438378990173339478e-01
4.438953956633806541e-01
4.438305695831779585e-01
4.432386245906351774e-01
4.434456120431422566e-01
4.435948665887115006e-01
4.437695752143855366e-01
4.440196286648511181e-01
4.443250880420205884e-01
4.445925027012820330e-01
4.450112767130132707e-01
4.452275154888630793e-01
4.454324784278873017e-01
4.455423562735318921e-01
4.456166966378691252e-01
4.459002457618711501e-01
4.463754660487174175e-01
4.466844312191013966e-01
4.470759801864621075e-01
4.473327718555931143e-01
4.473492134213446492e-01
4.472682061612603399e-01
4.472244485139845738e-01
4.471246714711191728e-01
4.470051308870319207e-01
4.470089100301269380e-01
4.468859861761335650e-01
4.466778742790225576e-01
4.464493240475656544e-01
4.461677272617813328e-01
4.458696190834043893e-01
4.456321612298483337e-01
4.453376916646955008e-01
4.449143447279927388e-01
4.446362513959405960e-01
4.443093121528623457e-01
4.438037288963792570e-01
4.433352749347686528e-01
4.429735855311157655e-01
4.425284326136110780e-01
4.418245718240736419e-01
4.410898582935329215e-01
4.404087535589935598e-01
4.393824899733070333e-01
4.382684627830982227e-01
4.369777688026428852e-01
4.355782833248378894e-01
4.338103229105471081e-01
4.322118198871617301e-01
4.306073553472761772e-01
4.289005993723866705e-01
4.272529570519920661e-01
4.253905965328219629e-01
4.230073369592428079e-01
4.204584163457156798e-01
4.178197917938237249e-01
4.150687145620584606e-01
4.122273058593274864e-01
4.094205144345759440e-01
4.064505246043206288e-01
4.030816545605661605e-01
3.994596453666691693e-01
3.959215468406676042e-01
3.920176413148638850e-01
3.878325905144214825e-01
3.836718686044212623e-01
3.789698972642422392e-01
3.741552364826202237e-01
3.694975294053555182e-01
3.648891989588734508e-01
3.602980622291566126e-01
3.558037421107290155e-01
3.509322635650635736e-01
3.460293505340814590e-01
3.413178110867736148e-01
3.364501361310485161e-01
3.320064518451694147e-01
3.278194343149660184e-01
3.234972630739210153e-01
3.195172250837091665e-01
3.157554064840082941e-01
3.123038387596610566e-01
3.088979228287930812e-01
3.057094865798946626e-01
3.029699463129048032e-01
3.004733656883236126e-01
2.980647489279507067e-01
2.959415584236384511e-01
2.937647392511367750e-01
2.915822174072270623e-01
2.898200292229651254e-01
2.883672374635931068e-01
2.871925947368146326e-01
2.860441146790982936e-01
2.850805115938189749e-01
2.842386778831484939e-01
2.834352548360820623e-01
2.828345478832721693e-01
2.824431774884461066e-01
2.821646002650258223e-01
2.819958898007868808e-01
2.818623658001427890e-01
2.818452899426222569e-01
2.820367789268492520e-01
2.822284263432026097e-01
2.824655404925349722e-01
2.828751206368202986e-01
2.832000894427296744e-01
2.836836034208533031e-01
2.842755857229228855e-01
2.847907349646087161e-01
2.856649359226230978e-01
2.865358130991460528e-01
2.874754875898356543e-01
2.881750330209736921e-01
2.891487022519113603e-01
2.900624713450666858e-01
2.907630573511124084e-01
2.917739273011688561e-01
2.928409200668330992e-01
2.938545801013706660e-01
2.950490492761133621e-01
2.961533887892963124e-01
2.971958908736703209e-01
2.982441330492494047e-01
2.992864660382267838e-01
3.000838035345079757e-01
3.008294156044719059e-01
3.016729079216716736e-01
3.026004247069360997e-01
3.034747313410046665e-01
3.043339254587886789e-01
3.052475128173832708e-01
3.060803462684159593e-01
3.070294087529178428e-01
3.082306804507972675e-01
3.092298544526100867e-01
3.101916391968730924e-01
3.110356438100337351e-01
3.120446562767031917e-01
3.130288145959373991e-01
3.140822144150736683e-01
3.153334408432249547e-01
3.162135933637623131e-01
3.167973578631878562e-01
3.177487406373025181e-01
3.187484309673313532e-01
3.197267022430894112e-01
3.206098591417076982e-01
3.215351292550565065e-01
3.221997035622595762e-01
3.228499825239186105e-01
3.236971545279028750e-01
3.244535073727368713e-01
3.251878362894059515e-01
3.260325389623641157e-01
3.268823723971844286e-01
3.275715833157306078e-01
3.284491135060788047e-01
3.292793664574619195e-01
3.298092883229256644e-01
3.303983541011811798e-01
3.310479668229822092e-01
3.317287136018272076e-01
3.322390932261947705e-01
3.328224880009887920e-01
3.332705926358701665e-01
3.338035145044330743e-01
3.343180686235426857e-01
3.345895015865564814e-01
3.352930922955276172e-01
3.358566928803924934e-01
3.360007126092912078e-01
3.364822812795634777e-01
3.368082406997677247e-01
3.369849964410064902e-01
3.369642241835597019e-01
3.372634997963908643e-01
3.370366802692409958e-01
3.365723936289554130e-01
3.364133222401139989e-01
3.363787465274338251e-01
3.364009519278999272e-01
3.361977534294132153e-01
3.358311966300012164e-01
3.354905284643169283e-01
3.349595654934647837e-01
3.344598000049592845e-01
3.340803218364719052e-01
3.335713792920110832e-01
3.328640911251309897e-01
3.321787062883380659e-01
3.315019528865810194e-01
3.307213269710537196e-01
3.298115476846691374e-01
3.289139391720298788e-01
3.282240014970301267e-01
3.274618733823297934e-01
3.266719191610812367e-01
3.257802841186524523e-01
3.247759853452440448e-01
3.234834938168526519e-01
3.223791423439976156e-01
3.212200916558503594e-01
3.201279307186606915e-01
3.191611417651177840e-01
3.178496106863017423e-01
3.165915863573550704e-01
3.156525485545396137e-01
3.146398736536504814e-01
3.135756481379267657e-01
3.123802556723357937e-01
3.110217744112010463e-01
3.098135595738887860e-01
3.086648025155064867e-01
3.074727083534002370e-01
3.064153593778609630e-01
3.053130281329157758e-01
3.040160019010303971e-01
3.028746423721309089e-01
3.018604402273895038e-01
3.007338552594188141e-01
2.996056878805159474e-01
2.985671935439113689e-01
2.975220423519613355e-01
2.963414365947250606e-01
2.954405620694156021e-01
2.943943790078163980e-01
2.931310195773837446e-01
2.924153774380679471e-01
2.915857302248473504e-01
2.906995400428776799e-01
2.898299530863766571e-01
2.891423981398344445e-01
2.882807667642829919e-01
2.871388131916525754e-01
2.864006604909898890e-01
2.855500360250475822e-01
2.845184036254881921e-01
2.836841052621600912e-01
2.830023251116275396e-01
2.823597910255197241e-01
2.816666681706909148e-01
2.810334888696668920e-01
2.802255106270311602e-01
2.794996514737606574e-01
2.787146177887915299e-01
2.780496791303159743e-01
2.773686584830287738e-01
2.768853168725969316e-01
2.763641508221630350e-01
2.756471164524558204e-01
2.751258637279275221e-01
2.744215374797583373e-01
2.737346971720454047e-01
2.732492830306287868e-01
2.724521696716544206e-01
2.718668998092412803e-01
2.715362505793572079e-01
2.709963624000553128e-01
2.704542400538921254e-01
2.700117120027541451e-01
2.694655931293968298e-01
2.686769390940667024e-01
2.681129516363140453e-01
2.676872973740100359e-01
2.671881234049799936e-01
2.665648718476291146e-01
2.658939324378967184e-01
2.653222945690154044e-01
2.646214493930336142e-01
2.640042275190356280e-01
2.635132434815166125e-01
2.630818511843682761e-01
2.629362574100491678e-01
2.627550277948383362e-01
2.624739348232748015e-01
2.621030135631562397e-01
2.615893517255786782e-01
2.611214182376860871e-01
2.605078296661373360e-01
2.600771566182379368e-01
2.597838093817232408e-01
2.594026863098145008e-01
2.589945563584566957e-01
2.588441962420939824e-01
2.586276665776963690e-01
2.583041482567785541e-01
2.578409594535830962e-01
2.571143122315406870e-01
2.564900195598605048e-01
2.562466437935825292e-01
2.562091074943542157e-01
2.562165918767451145e-01
2.558817652165887857e-01
2.553258286952970746e-01
2.549121369898316170e-01
2.544174732416865647e-01
2.539846357345579841e-01
2.536956183731556291e-01
2.534859466791151705e-01
2.532059285998346509e-01
2.529647619187829211e-01
2.527752170562741485e-01
2.528875303268435237e-01
2.530760050535200700e-01
2.529860747456554315e-01
2.529061387330293065e-01
2.527983406841750602e-01
2.526966804057360627e-01
2.529740136265756223e-01
2.534191955149178166e-01
2.538335931241513244e-01
2.541671045064925472e-01
2.542735662460323121e-01
2.544308562040329957e-01
2.546118385821581342e-01
2.548513728737830664e-01
2.550214067310092037e-01
2.552692799538378576e-01
2.555975076556208925e-01
2.560281225979329500e-01
2.565709233760835040e-01
2.572697600722314015e-01
2.579795650541782392e-01
2.583442302167417992e-01
2.586874928176404742e-01
2.589905460834500128e-01
2.593404124557970314e-01
2.601761873483655063e-01
2.608196063429117362e-01
2.613718660354614753e-01
2.622239237308501836e-01
2.627793312191958885e-01
2.633855215430262464e-01
2.640846580624582884e-01
2.646586403846742375e-01
2.650062378108497541e-01
2.655035205960278311e-01
2.658176482766863025e-01
2.663883021175865173e-01
2.670591973662371776e-01
2.680310417801139988e-01
2.692279111236333122e-01
2.702067590117458451e-01
2.707536574304104660e-01
2.713792091906066517e-01
2.720209798574446114e-01
2.723906445264820952e-01
2.732491453886034538e-01
2.743942644774917117e-01
2.753348199963571719e-01
2.762208674848078971e-01
2.770412897467611213e-01
2.777184998989102871e-01
2.783251407146449807e-01
2.790985402822492856e-01
2.798742596179245035e-01
2.808138655543323536e-01
2.813427016228441935e-01
2.815409651756290987e-01
2.820585705280301836e-01
2.824030593335624673e-01
2.831228220164771492e-01
2.843164880484340684e-01
2.852125060468915785e-01
2.862315627634525739e-01
2.869087780624625661e-01
2.869746141135691708e-01
2.876986772060394770e-01
2.889176658988000801e-01
2.895427419841286043e-01
2.903390414118762197e-01
2.910061809957028567e-01
2.910158046931027309e-01
2.914360147476194873e-01
2.921879539012911531e-01
2.929601252079009344e-01
2.935742210358382454e-01
2.937496951401235012e-01
2.944915637165311795e-01
2.955448018670083776e-01
2.959525039672853963e-01
2.960348250389101543e-01
2.965373646914958305e-01
2.968602221488953474e-01
2.971732602775098431e-01
2.981188346266743783e-01
2.985999813675878634e-01
2.988003156423567619e-01
2.983179830074313421e-01
2.982136483043429376e-01
2.982349118590353898e-01
2.981595618128780600e-01
2.984437799036500638e-01
2.985597447663541071e-01
2.983203656613828136e-01
2.983697998583313415e-01
2.981888107419014000e-01
2.977553314685817409e-01
2.978309246689082035e-01
2.977177618056535136e-01
2.971193293333055929e-01
2.964473007678988248e-01
2.959952173620459814e-01
2.954105454683300103e-01
2.946134551614523200e-01
2.938755620062352136e-01
2.929871166497471924e-01
2.919859787285327135e-01
2.906949784129853609e-01
2.895879829645152115e-01
2.886126522541044848e-01
2.873734620660544081e-01
2.859618080556391440e-01
2.845369768142699818e-01
2.829583589494229501e-01
2.814980347156524898e-01
2.800128366708755645e-01
2.785942626774309261e-01
2.772144545048478292e-01
2.757105839341882358e-01
2.744704137325288396e-01
2.731402217030521884e-01
2.716478236913681954e-01
2.701381926238540787e-01
2.686527011483910155e-01
2.672561046123509421e-01
2.660369080305099443e-01
2.649336416482921397e-01
2.632666076660156174e-01
2.612108027935025611e-01
2.594873199611906212e-01
2.581536614954476061e-01
2.568588758111003956e-01
2.558194158196449020e-01
2.550615517020222711e-01
2.539443176150319448e-01
2.527816897183657319e-01
2.523547281533478626e-01
2.515728843510154356e-01
2.502531027317046464e-01
2.493980528712275713e-01
2.485187476426364561e-01
2.475842685133220200e-01
2.466282309472559164e-01
2.459023692399267547e-01
2.454439412802453535e-01
2.445175534397366346e-01
2.433804961442951609e-01
2.425989492237571599e-01
2.414924471080303059e-01
2.407725976467132989e-01
2.405460774421688819e-01
2.403270425409078925e-01
2.393802029013634147e-01
2.383442109972239153e-01
2.372648596897721507e-01
2.362676955461506245e-01
2.358181552290916916e-01
2.350246193423864705e-01
2.340650824874638547e-01
2.330451089218255334e-01
2.316637717708940614e-01
2.308449306249618083e-01
2.298256882086394115e-01
2.287090704739092595e-01
2.279380858063695392e-01
2.264537052944299023e-01
2.252486500158907834e-01
2.247181830883027698e-01
2.231985456839201687e-01
2.220123222470285762e-01
2.212105245351793370e-01
2.193713341355327529e-01
2.184041996076704628e-01
2.182633234322069182e-01
2.174860046595335217e-01
2.167187654972077826e-01
2.163690873295069095e-01
2.160146319568159445e-01
2.159074476659301467e-01
2.164224209219219042e-01
2.171373245358469151e-01
2.173549007713789782e-01
2.178281128272415434e-01
2.188561150074002370e-01
2.192849884003400807e-01
2.193884062290194781e-01
2.199485608935356218e-01
2.201211696878075941e-01
2.203970500081779693e-01
2.215759707942608070e-01
2.222764750868086725e-01
2.223307850673795494e-01
2.224765539914365098e-01
2.224548377647998232e-01
2.221716848105193820e-01
2.216334693804379308e-01
2.216001724407075935e-01
2.217173902317881307e-01
2.215079518780113943e-01
2.214183565378192442e-01
2.212905120849611718e-01
2.210681970119479089e-01
2.206808677196505086e-01
2.200338509753348992e-01
2.191656259194016410e-01
2.179305928945542981e-01
2.171037284091110742e-01
2.170857942849398481e-01
2.171779357671738409e-01
2.165762802124019393e-01
2.158834893435236379e-01
2.152904686734083695e-01
2.147285466194150394e-01
2.149374776422972866e-01
2.150465710535641450e-01
2.141380531311035396e-01
2.134526833295823101e-01
2.133560120090841339e-01
2.127200742587444238e-01
2.126291061401364979e-01
2.128487070292230665e-01
2.119018578574064227e-01
2.120558023497457478e-01
2.131080147266383729e-01
2.135781565546991390e-01
2.144796730846162125e-01
2.145432011067867628e-01
2.143148094892498023e-01
2.151475278735160146e-01
2.159702067375185441e-01
2.167034855544562599e-01
2.173673030912875448e-01
2.176622610092166787e-01
2.170851575732231920e-01
2.162774628013373612e-01
2.165254378795626877e-01
2.169189701557155403e-01
2.172351363077760777e-01
2.183126381814480543e-01
2.184663755446675515e-01
2.171378449708222247e-01
2.170932478755712991e-01
2.174795179009435531e-01
2.173057102829218101e-01
2.180292003452780625e-01
2.181965555191038020e-01
2.178836503744122910e-01
2.180400799840684356e-01
2.169613797843453762e-01
2.158359290078286641e-01
2.158604501843450485e-01
2.156733438521621637e-01
2.165720751106741393e-01
2.179996263295416459e-01
2.178036116212605511e-01
2.174854958057399201e-01
2.169994583129879195e-01
2.166222557500005474e-01
2.169068167269228020e-01
2.165256471991537368e-01
2.166453469514847407e-01
2.168013484552505366e-01
2.164896804928782559e-01
2.167183612883091526e-01
2.160297390669585760e-01
2.153252671450372469e-01
2.155611433789130782e-01
2.150987785398964514e-01
2.150744341164825546e-01
2.155042799890043714e-01
2.145171035170556073e-01
2.147935377180578975e-01
2.152868068456646189e-01
2.139261562541129869e-01
2.132198498889807114e-01
2.121157722294327586e-01
2.120142510831354299e-01
2.133390838086603458e-01
2.128941607892514687e-01
2.129791870653633956e-01
2.131958197802305832e-01
2.122123257145284991e-01
2.129110986232754799e-01
2.132311391353605146e-01
2.118895045801995891e-01
2.115684288382529421e-01
2.107936871871348150e-01
2.094445131301883034e-01
2.084797314628959453e-01
2.069879196822644318e-01
2.059363001838327989e-01
2.053447965383527751e-01
2.056310213506220008e-01
2.063591234967108445e-01
2.065660722255710235e-01
2.068727395892142051e-01
2.052119717717170166e-01
2.023969697698951298e-01
2.007202665209769366e-01
1.994760515660044808e-01
1.995381886035208219e-01
2.003802625715729591e-01
1.996050789177420681e-01
1.982628637969493512e-01
1.968632924705739917e-01
1.947578388869760646e-01
1.935492832362655236e-01
1.930426807075742435e-01
1.940307802379127311e-01
1.949402533531192916e-01
1.934848992213604735e-01
1.923367649316787276e-01
1.904294549480082810e-01
1.872433974444862870e-01
1.865540063142780147e-01
1.871046042934064457e-01
1.861616261452435639e-01
1.855248531430961634e-01
1.857246083408595760e-01
1.843013077408078293e-01
1.814991777896876601e-01
1.796893427461390136e-01
1.779140642762180591e-01
1.769410230860117839e-01
1.777631903886799369e-01
1.783287983179096536e-01
1.777756447121505434e-01
1.770829491242766895e-01
1.764060574173930973e-01
1.749256386756893045e-01
1.743722094044088677e-01
1.730259543746705542e-01
1.697237819105387735e-01
1.687766015514727269e-01
1.690538381710652016e-01
1.675643432483075179e-01
1.656282730400561454e-01
1.651443191170689773e-01
1.642468662858005413e-01
1.637627881765366666e-01
1.649238746762272112e-01
1.650921184524898055e-01
1.647904926091436351e-01
1.645658015727993473e-01
1.648837665751578252e-01
1.645046539261933449e-01
1.626750545158981431e-01
1.617539344266055445e-01
1.608193869709972357e-01
1.600933293923738621e-01
1.625062581166623887e-01
1.628561637550588470e-01
1.594120792508127160e-01
1.550642404854294387e-01
1.523856878995891728e-01
1.540605260252950193e-01
1.568001747131346491e-01
1.614108199015258371e-01
1.623738956391811705e-01
1.572829640060664502e-01
1.585836214959625845e-01
1.611968473255631085e-01
1.598598884791140318e-01
1.603074749708179592e-01
1.548895508259531817e-01
1.471314409375194254e-01
1.456380518212912201e-01
1.485821988433598528e-01
1.524662786424164362e-01
1.508793640136718295e-01
