4.755456329137090071e-02
4.973145741261544156e-02
5.340371896997097440e-02
5.355064859986307518e-02
5.000534584447745984e-02
5.376764423847196078e-02
5.275481829307974990e-02
4.816202184855935403e-02
4.605218549966817038e-02
4.922401842884714662e-02
5.248783034309741080e-02
5.299122907519337317e-02
5.054027775898578545e-02
4.956939006820320487e-02
5.014694494493302651e-02
5.095274633504447842e-02
4.928594360500575255e-02
5.223662766329942309e-02
5.505641853511332451e-02
5.257222495414313329e-02
5.141018470302226306e-02
5.095015032030641988e-02
5.097795872837308090e-02
5.152385051138701905e-02
5.201154236868021224e-02
5.246327326893805709e-02
5.263004165478051694e-02
5.181489620730283380e-02
5.248111640475686124e-02
5.473657196760176730e-02
5.709819131158289790e-02
5.515493771396574874e-02
5.533445639908312480e-02
5.718704203516244977e-02
5.696465250775215733e-02
5.488576761446892910e-02
5.526619342640042010e-02
5.792406921647491602e-02
5.739161483645435768e-02
5.687716111578047795e-02
5.715917209982870201e-02
5.821979049742224965e-02
5.953209009878333846e-02
5.995845620706675289e-02
5.946260548979041133e-02
5.883275305666027521e-02
6.014258407950398566e-02
6.114486350491642186e-02
6.101177832484250274e-02
6.068681613728405672e-02
6.138236325345932526e-02
6.201496402025222926e-02
6.189823955297471536e-02
6.231981689482927328e-02
6.330998606085773417e-02
6.400304723232980164e-02
6.359810610413549337e-02
6.360347804054619636e-02
6.432248413562773048e-02
6.511850953474639103e-02
6.470548892319205603e-02
6.586439940333366216e-02
6.695971950292584074e-02
6.678883642107251439e-02
6.692442456632852199e-02
6.757094106674192691e-02
6.808310337066654505e-02
6.784052247479560593e-02
6.858196397423742263e-02
6.951107112541790589e-02
7.015441168844699371e-02
7.053636643290524255e-02
7.095919243320819580e-02
7.144286138862367130e-02
7.197367211803795684e-02
7.260348331406708822e-02
7.305440130829814194e-02
7.344417627453803110e-02
7.404356137290600548e-02
7.467934239506725247e-02
7.520337685048585075e-02
7.560011358261105319e-02
7.593775106370452554e-02
7.647449318394060336e-02
7.708940228819850804e-02
7.767362655699257268e-02
7.840266762599347461e-02
7.896311190128321722e-02
7.944256882667538600e-02
8.013875862434512165e-02
8.088116606399417541e-02
8.147222982198004670e-02
8.198922950178387514e-02
8.296512579545375909e-02
8.354141061902045640e-02
8.372866192460057255e-02
8.390765388086442178e-02
8.481412791982290145e-02
8.527774946540589429e-02
8.533817246705295567e-02
8.589050446003679284e-02
8.637468817234039697e-02
8.656679535806177661e-02
8.659168832749128408e-02
8.717567945122714490e-02
8.763493400812148726e-02
8.784334355592726684e-02
8.798389780521395642e-02
8.858077005594969244e-02
8.910677178427577061e-02
8.947400637418036207e-02
9.001412826254966137e-02
9.048445742726328456e-02
9.095466658473012889e-02
9.148864377290008565e-02
9.189378819391127995e-02
9.234045993536708907e-02
9.272848948910830669e-02
9.292663145661349267e-02
9.364895240664485032e-02
9.438597808405758960e-02
9.484492462798949086e-02
9.515289920121432210e-02
9.566096252799036193e-02
9.624731118679041852e-02
9.673352208137507569e-02
9.706963679194445527e-02
9.757040183991196047e-02
9.819104187190537403e-02
9.870008159056302410e-02
9.915893613398048256e-02
9.967807408720250062e-02
1.002818067640070532e-01
1.006842546962198742e-01
1.011233356811110790e-01
1.017142705678935333e-01
1.024127244859936448e-01
1.026451294980948031e-01
1.029833540543915321e-01
1.035725793018936747e-01
1.041117974400524865e-01
1.047360240131614550e-01
1.053728475496168437e-01
1.059441756650806588e-01
1.065887708723548127e-01
1.071606018580492647e-01
1.076353614866733255e-01
1.080791046470401390e-01
1.084862143322821437e-01
1.090389202222227794e-01
1.097457103364173348e-01
1.103960595369341130e-01
1.109040125459428705e-01
1.113808315247298009e-01
1.120005295917393673e-01
1.126464660681781721e-01
1.131053411468864595e-01
1.134912352144722553e-01
1.141274469017983656e-01
1.146099470242855078e-01
1.150285606741907191e-01
1.155224130950871231e-01
1.162860312849279959e-01
1.167977933168410504e-01
1.171290390968322825e-01
1.176397877693179522e-01
1.182447743535045143e-01
1.188213441967965051e-01
1.193069524288178779e-01
1.197284595966343346e-01
1.201576171107585495e-01
1.206816345751283021e-01
1.212768302112814250e-01
1.216280847921968888e-01
1.220076514676208812e-01
1.225148425295948390e-01
1.230651581168169806e-01
1.237188825219865396e-01
1.242692021384838308e-01
1.245947465613480298e-01
1.249290451943873559e-01
1.255377506718039216e-01
1.262027163431051480e-01
1.265903374165300854e-01
1.271229860797526701e-01
1.277896593391900371e-01
1.284432352125647048e-01
1.288956063330171098e-01
1.293815860167149834e-01
1.299108132407064409e-01
1.304673419862987793e-01
1.309765028133986209e-01
1.314884576320652365e-01
1.320478092074397203e-01
1.326147495150561684e-01
1.331077066466209990e-01
1.336553393289444946e-01
1.342864986911416758e-01
1.348414093255991819e-01
1.354166923210029516e-01
1.360177360191942575e-01
1.366090364143250080e-01
1.371373301163313352e-01
1.376846009731292897e-01
1.382658631861206633e-01
1.387012120217080147e-01
1.392086245000362377e-01
1.397889567643403053e-01
1.403859542995690435e-01
1.409699469506736358e-01
1.415591067716482632e-01
1.421922886073589409e-01
1.428735816925763569e-01
1.435588382422924858e-01
1.441772460997100547e-01
1.447260266005995499e-01
1.452086050093175651e-01
1.457949389129876427e-01
1.463700132027269951e-01
1.468185372054579552e-01
1.473693924993278448e-01
1.479170138090844244e-01
1.484304962471123812e-01
1.489821898594501093e-01
1.496401760816572779e-01
1.502794230222703475e-01
1.508168601393695685e-01
1.513185462266203041e-01
1.517755475461486647e-01
1.522476841300726136e-01
1.527266842454668705e-01
1.531525753855707828e-01
1.535461431771516505e-01
1.539737657010551153e-01
1.544992947131399730e-01
1.550225927755232158e-01
1.555483286306258706e-01
1.561472842991349363e-01
1.567752934873102300e-01
1.573115437686440354e-01
1.577277449369432205e-01
1.580895863503213872e-01
1.584913121864198193e-01
1.589682406261559433e-01
1.594994615331294108e-01
1.599087238848205250e-01
1.603058391466739840e-01
1.607532569557430235e-01
1.612743164956572939e-01
1.617584460496905296e-01
1.621210333406929438e-01
1.623702659189704967e-01
1.627171431630845821e-01
1.632909958541390039e-01
1.640212822243571067e-01
1.647890167236328030e-01
1.655049413725730445e-01
1.661242360696195408e-01
1.666407681599260671e-01
1.671011901527647558e-01
1.675687053367492241e-01
1.680431954920296178e-01
1.685081689491867984e-01
1.689686796069146679e-01
1.695097570940856113e-01
1.700939848273989030e-01
1.705922223955391448e-01
1.708754476070399875e-01
1.711093899175522570e-01
1.713988660037522593e-01
1.715870576024054184e-01
1.718619922757151919e-01
1.721369716525079918e-01
1.723714459523562892e-01
1.727650441735985587e-01
1.731261171579359104e-01
1.734183566331866100e-01
1.738167575359345907e-01
1.742176115006206782e-01
1.746384889528153905e-01
1.750802026540036749e-01
1.753927759438755896e-01
1.757335003361103487e-01
1.761152913495903360e-01
1.764522918164728171e-01
1.767389010712505648e-01
1.770454894810918611e-01
1.773854454442857775e-01
1.776319042816757454e-01
1.778933031529187636e-01
1.781710311412809111e-01
1.784245240598912041e-01
1.785918938159942460e-01
1.788280548781152612e-01
1.791131560206414008e-01
1.793465603202577807e-01
1.796095816791055122e-01
1.799217578977347631e-01
1.802966252744193643e-01
1.806742365121843108e-01
1.810330026611684795e-01
1.814334940537814522e-01
1.819629750251767764e-01
1.822789096832272138e-01
1.826033587455748453e-01
1.830625937998290320e-01
1.835173768267037708e-01
1.839525732249019663e-01
1.843964760273692216e-01
1.849213559031485932e-01
1.854068894803523881e-01
1.858067291244865915e-01
1.861972960352896445e-01
1.866148031651973238e-01
1.871357369542124838e-01
1.876675198972228009e-01
1.881091906130316072e-01
1.885862819477914787e-01
1.891314045339821392e-01
1.897399292886255417e-01
1.904053938776253396e-01
1.910662213772536533e-01
1.917391034543518558e-01
1.924463595658542636e-01
1.932574655815959830e-01
1.941486474707717902e-01
1.951437606409192338e-01
1.962363999903206924e-01
1.973894958078857842e-01
1.985778122887018049e-01
1.998025180310011584e-01
2.010837454676629443e-01
2.025020095378164686e-01
2.039258799210192930e-01
2.053367773845792277e-01
2.069250060319901552e-01
2.084711876511575190e-01
2.100285238504409902e-01
2.116416773319248767e-01
2.132437058210369940e-01
2.147765581607822272e-01
2.163084636926655424e-01
2.179517374992372969e-01
2.194181209683417066e-01
2.209407655358317235e-01
2.225972798585887369e-01
2.241060033917431360e-01
2.256619193792341882e-01
2.272306468605999608e-01
2.287467229485511400e-01
2.303661979705091123e-01
2.319856688082222451e-01
2.335919421821834041e-01
2.351702819108961728e-01
2.368015890389676970e-01
2.384433712840081376e-01
2.400670883908870845e-01
2.417035147145390195e-01
2.434309473156932024e-01
2.451569447666410717e-01
2.467745365932582369e-01
2.484886732399465836e-01
2.502333109974865799e-01
2.519791916906836682e-01
2.536500227451328748e-01
2.553452982008460603e-01
2.570830406248568178e-01
2.588416762053963316e-01
2.605717538595195837e-01
2.622536529600617561e-01
2.639899525582794504e-01
2.657809859812255149e-01
2.676135762333865520e-01
2.694184075891973285e-01
2.711918992102149706e-01
2.729637927711014989e-01
2.747448011934759404e-01
2.764985242187980585e-01
2.782243403792382663e-01
2.800102909505368109e-01
2.817932821512221242e-01
2.835690228939052315e-01
2.853487883806224978e-01
2.870638930082320406e-01
2.888389222919937604e-01
2.906505257129670672e-01
2.924525713294743312e-01
2.942587596476081702e-01
2.960681733548637395e-01
2.978453376293185295e-01
2.996423789501192481e-01
3.013923734843734215e-01
3.031059132397171396e-01
3.049154749006032228e-01
3.068440584540363947e-01
3.085984029471871559e-01
3.102975551784036279e-01
3.122322733104227477e-01
3.140038117468353374e-01
3.157043314307930171e-01
3.173980314046144224e-01
3.192041657567022406e-01
3.209097398221490427e-01
3.225594113767147886e-01
3.242664188742642173e-01
3.260749448597434208e-01
3.278751262605194561e-01
3.296367509454486422e-01
3.313726021081206952e-01
3.330782707303765466e-01
3.347795599251986443e-01
3.364897559285166539e-01
3.381978509902953678e-01
3.398779850006107828e-01
3.415546633720403236e-01
3.431945050001147246e-01
3.449464545965195139e-01
3.466410039663314069e-01
3.482606460660693237e-01
3.499452026098969770e-01
3.515620692104101108e-01
3.531740247398615362e-01
3.548131982535127626e-01
3.564533480644225816e-01
3.579825550049547389e-01
3.595250750899318115e-01
3.611568819969894761e-01
3.627859671056268276e-01
3.643391672909257473e-01
3.658718948185444297e-01
3.674543247520923872e-01
3.690462809801102750e-01
3.704998988449574870e-01
3.718819511622190044e-01
3.733744434088472897e-01
3.749530739784242006e-01
3.764998621463778172e-01
3.780252583742137462e-01
3.795098235130309750e-01
3.809009209632874260e-01
3.822858937501911747e-01
3.837108691692349138e-01
3.850749234199525306e-01
3.864074371337889446e-01
3.877657513618464891e-01
3.891651629686352920e-01
3.903967824697490152e-01
3.916868969440458481e-01
3.930585848331454302e-01
3.943900925636293908e-01
3.957635557174686292e-01
3.970779617309574960e-01
3.983135755777357789e-01
3.995595451354977401e-01
4.007767554044726066e-01
4.019512113809586284e-01
4.031513289630409558e-01
4.044012412250046484e-01
4.055932444363831157e-01
4.067900239527221240e-01
4.079485583603382759e-01
4.089522880911822811e-01
4.100594478249550701e-01
4.112560989260676259e-01
4.123285375118252438e-01
4.134366806060074118e-01
4.144980111718181703e-01
4.155418832093473736e-01
4.167003642618657411e-01
4.177326815128328263e-01
4.187073206305501616e-01
4.196817525923253744e-01
4.207434563934804861e-01
4.217547917068005803e-01
4.227695452392100095e-01
4.237350483417505753e-01
4.246629932492972381e-01
4.256031572937964969e-01
4.264766434550285590e-01
4.273525863885879184e-01
4.283217386722565356e-01
4.293550726354118940e-01
4.303011732280253576e-01
4.311616333633658815e-01
4.320430817753074249e-01
4.329816928982735402e-01
4.339671565413474874e-01
4.348076602935794233e-01
4.357075332105164733e-01
4.365758352279662802e-01
4.374112124741082464e-01
4.381660067081448173e-01
4.390054359912875515e-01
4.398294004917143174e-01
4.404301023840902496e-01
4.412362405329946502e-01
4.421209825873378407e-01
4.429690514564514903e-01
4.438117003142830752e-01
4.445901975631715852e-01
4.453121845304969240e-01
4.460212582468991438e-01
4.467665838420392665e-01
4.475452587962152617e-01
4.482851901233195213e-01
4.489002011507751688e-01
4.495435294032095186e-01
4.501580665022137939e-01
4.508003580361600315e-01
4.515240171611306641e-01
4.523384335845709314e-01
4.530205647289751170e-01
4.536619380265474732e-01
4.543404554665089745e-01
4.550570352852344458e-01
4.556713057994842830e-01
4.561644579738380889e-01
4.566662305593490734e-01
4.572738975882532642e-01
4.579443368315695428e-01
4.586494785577061029e-01
4.592881071478128741e-01
4.599915584951635439e-01
4.605353230684993693e-01
4.610001923024649728e-01
4.615556000858548891e-01
4.620819115042683611e-01
4.627100483775138939e-01
4.633501827716830501e-01
4.638885734975341513e-01
4.644582947373394055e-01
4.649540831387044548e-01
4.654321288436652493e-01
4.660120099246504166e-01
4.663817231416701459e-01
4.667933478236195866e-01
4.672800529897210287e-01
4.677988043427469544e-01
4.683987670123573865e-01
4.689521116614345786e-01
4.694275029242043762e-01
4.698512870132924846e-01
4.702806094020602901e-01
4.707747580796476927e-01
4.712378859043119816e-01
4.715897900104527030e-01
4.719859338283537431e-01
4.723681113272901744e-01
4.728143130391836979e-01
4.732967556864022818e-01
4.736485947668552243e-01
4.740522785186768728e-01
4.745794005542993688e-01
4.750298659056421680e-01
4.754084027647975663e-01
4.758084636032585690e-01
4.761748628437522113e-01
4.765854040741921982e-01
4.770378668725490101e-01
4.774271068453792566e-01
4.778416623115540607e-01
4.783363225400444896e-01
4.787522594332695447e-01
4.790265003442764624e-01
4.791660035729406464e-01
4.796195707261566854e-01
4.801121483772993748e-01
4.803980227708818940e-01
4.805633498609062082e-01
4.811385022670026101e-01
4.817057227611544756e-01
4.820626883953813557e-01
4.822862025707965183e-01
4.828103658556942568e-01
4.832373734414581179e-01
4.835352044999595700e-01
4.838438372612002825e-01
4.842459861338138105e-01
4.846496442854402176e-01
4.850089529663321186e-01
4.854135173708201689e-01
4.857126204282047888e-01
4.860714375704527912e-01
4.864988164246078495e-01
4.869344215005639298e-01
4.873290730118748360e-01
4.876370236963032401e-01
4.878349856525661665e-01
4.880567587137227270e-01
4.888370467424394405e-01
4.888763096809384257e-01
4.889621733188625474e-01
4.895279501914979181e-01
4.897072519302365090e-01
4.899864123106000835e-01
4.904644911050800582e-01
4.909313727021214491e-01
4.911056565552948117e-01
4.912884312361475159e-01
4.915773560553793331e-01
4.918997708290818172e-01
4.920997046738865288e-01
4.922440710127348740e-01
4.925778127133841888e-01
4.930138482272624079e-01
4.932865627050397328e-01
4.934592907488346558e-01
4.937805489361282718e-01
4.941002420336011447e-01
4.941568262875076778e-01
4.943665695935492987e-01
4.945518808066841077e-01
4.947166643291709409e-01
4.949694743752480752e-01
4.949344530701638711e-01
4.951362692564725276e-01
4.954430310428143969e-01
4.954740592092279905e-01
4.957162504643201628e-01
4.959870444238182463e-01
4.962656767666335789e-01
4.965228497028349453e-01
4.967304719924929834e-01
4.968525916397572573e-01
4.969645544290545724e-01
4.970365938782690396e-01
4.971483108282093721e-01
4.974512245178221437e-01
4.975035040378574802e-01
4.973045579910276848e-01
4.976647066712381329e-01
4.979368994057179476e-01
4.981485982954503289e-01
4.985003850817683602e-01
4.990007953643799676e-01
4.989268856048588163e-01
4.988496055603025003e-01
4.990553112030031713e-01
4.993274765014649730e-01
4.995357837677006363e-01
4.994730117499830424e-01
4.995308329164980798e-01
4.999531993925567241e-01
4.998632472753526956e-01
4.998305561900138749e-01
5.000118646144865453e-01
5.003069475471971783e-01
5.004699727237227336e-01
5.005540270388123547e-01
5.007087177157406588e-01
5.008704110145566490e-01
5.002004675626753327e-01
5.003353428125385527e-01
5.005636023283004388e-01
5.006889975965026496e-01
5.008188950121402749e-01
5.009070692360402255e-01
5.009225529134272437e-01
5.008986226439475775e-01
5.009111501574512459e-01
5.009465462923051726e-01
5.009684694409374250e-01
5.009845424771304234e-01
5.009256868004797747e-01
5.009491945624354736e-01
5.012843899190421171e-01
5.014365956723690898e-01
5.017026012241843080e-01
5.019758743643761845e-01
5.022388665258883389e-01
5.024373427391052305e-01
5.025757674694064647e-01
5.027054483413699870e-01
5.028617743492123093e-01
5.028482450008394666e-01
5.028922596931453270e-01
5.029772169113154723e-01
5.031092609882350519e-01
5.031538664817810647e-01
5.034891461849210215e-01
5.037033707141878036e-01
5.038251088142398082e-01
5.039188004374499652e-01
5.038693553626533150e-01
5.039145017862325382e-01
5.041309276819233576e-01
5.042638311386107297e-01
5.043259118199346913e-01
5.045159932970997296e-01
5.047604537844657679e-01
5.049099993824955890e-01
5.051368574559692570e-01
5.052671487629412095e-01
5.052758309125898739e-01
5.051894819140430037e-01
5.052582894265653657e-01
5.051463664770121653e-01
5.052467851042743430e-01
5.053311935663218346e-01
5.055053266286846370e-01
5.058483947515489687e-01
5.059908672571181709e-01
5.060703730583193671e-01
5.061298118770117815e-01
5.060556297004227266e-01
5.062483497977260383e-01
5.067675069093701135e-01
5.069758785009385038e-01
5.071353465557093543e-01
5.072569557130336415e-01
5.073104070425036305e-01
5.072670645952226387e-01
5.073336800813679215e-01
5.075476409912111908e-01
5.076018546581272384e-01
5.074075004339220207e-01
5.076018546581272384e-01
5.080252291440960910e-01
5.082868484735485470e-01
5.087973900318150111e-01
5.089719013452530527e-01
5.088364262342451871e-01
5.088528438806537713e-01
5.087477236986156504e-01
5.087660311460495688e-01
5.090401704072949896e-01
5.090539895772937529e-01
5.091181837558742540e-01
5.091547395944591159e-01
5.092990731477742283e-01
5.094853957176209702e-01
5.095465189695354002e-01
5.096307263016702782e-01
5.097844062566754264e-01
5.098161226809028168e-01
5.099967350184918535e-01
5.105697568953040388e-01
5.108210514187813134e-01
5.107157918810840691e-01
5.108601327896113986e-01
5.107399168670181400e-01
5.108676942825320921e-01
5.110717364430428233e-01
5.115886944472786135e-01
5.117860043048854113e-01
5.118140082836151183e-01
5.119504833698271806e-01
5.119909532546994546e-01
5.120834727287296717e-01
5.123763919830323088e-01
5.124775962352751124e-01
5.123522282123568194e-01
5.124221790790558506e-01
5.125246830940245468e-01
5.127266465008258889e-01
5.131260684311393927e-01
5.133235341250895756e-01
5.134582503974438605e-01
5.135227133154871559e-01
5.135617692172523840e-01
5.134712493360037433e-01
5.134445424258708979e-01
5.133466958701611293e-01
5.133951464593412561e-01
5.134524008750914748e-01
5.136499177217480616e-01
5.140910989284512844e-01
5.141982918977738848e-01
5.140960035681727547e-01
5.141295087575910028e-01
5.140242658257481168e-01
5.140033472418786831e-01
5.141407362461094532e-01
5.142572066664696795e-01
5.142267742633823691e-01
5.140227588474751697e-01
5.140746122479439295e-01
5.141048673748971343e-01
5.140630892992021916e-01
5.140450071334834448e-01
5.140315341472628807e-01
5.139265275835992464e-01
5.138903632521626408e-01
5.140226112484935772e-01
5.140133928894999871e-01
5.139437937140463042e-01
5.138806179463860646e-01
5.137445743381974239e-01
5.136988915801048439e-01
5.137439242601395950e-01
5.138042042255404063e-01
5.137943348586557768e-01
5.138079273998742424e-01
5.137542742729190870e-01
5.136633316159245899e-01
5.136388084173197921e-01
5.137048142313961341e-01
5.136425312161442269e-01
5.134946829199787954e-01
5.134177450776102880e-01
5.133625531077380399e-01
5.132333778977389294e-01
5.130164510011672174e-01
5.129269265532490074e-01
5.128332656621928942e-01
5.127615870118142904e-01
5.127781327843666803e-01
5.129218446373942086e-01
5.128318474531177174e-01
5.126096560537818370e-01
5.125490928173066507e-01
5.125012330889702206e-01
5.124053954601285321e-01
5.123458366870884406e-01
5.122572075605388298e-01
5.120619280517103578e-01
5.119132083773610953e-01
5.117462901890280635e-01
5.116694782793524965e-01
5.116647513926032564e-01
5.116104512810706328e-01
5.117098340749738350e-01
5.116342038869859943e-01
5.113884648621083162e-01
5.111164325296878586e-01
5.110432839572428554e-01
5.109316703438755436e-01
5.108363054037095008e-01
5.109049634337425871e-01
5.108256108224396019e-01
5.105894437432285660e-01
5.104380321979521407e-01
5.104332467079158997e-01
5.103209353923794378e-01
5.101669135093690466e-01
5.099615556895732427e-01
5.097214782893659812e-01
5.095591424882411902e-01
5.095395889401432843e-01
5.093669103980059676e-01
5.091459953188900434e-01
5.090273272991182596e-01
5.091563913226128113e-01
5.090041134953499080e-01
5.088780619502064617e-01
5.088992674350741874e-01
5.087924721240999482e-01
5.084578507542607539e-01
5.084124273061753074e-01
5.085734472274783258e-01
5.085548407435412921e-01
5.085623424053192787e-01
5.085182775259013965e-01
5.082760156452660327e-01
5.082080940663815660e-01
5.082200246393685505e-01
5.082121102988723660e-01
5.081772990703582460e-01
5.081874567508694041e-01
5.081822007417675646e-01
5.082210007190706147e-01
5.081298178195957638e-01
5.081654287576674589e-01
5.082909960746760936e-01
5.083481567859650108e-01
5.084952511370177675e-01
5.087630443453790008e-01
5.089473403990270040e-01
5.090431200206284590e-01
5.092681607961658807e-01
5.095511889874935196e-01
5.098467948973182118e-01
5.102068708062170721e-01
5.104971328854561730e-01
5.107022529959681645e-01
5.109704324841495282e-01
5.111841691434383383e-01
5.114325436949729298e-01
5.117295068502423216e-01
5.119640664160252097e-01
5.120032088756562016e-01
5.121227025985713999e-01
5.122953224182129617e-01
5.124724197387694469e-01
5.126880062103273961e-01
5.128746667861943109e-01
5.129577254295353272e-01
5.131236656188962186e-01
5.133129167556759187e-01
5.134696046710012229e-01
5.136200935542587498e-01
5.137797924280165240e-01
5.138910798132423352e-01
5.139887293279169489e-01
5.140815850257869357e-01
5.141675362586970444e-01
5.143203122138975125e-01
5.145957575798033590e-01
5.147458468437191570e-01
5.147394129574300869e-01
5.146526440322399809e-01
5.144831648111342082e-01
5.144991003513331718e-01
5.147414386034009359e-01
5.148768852591515399e-01
5.148826096713541300e-01
5.148248344182968506e-01
5.147616845369334948e-01
5.149021250009537809e-01
5.149657362699511243e-01
5.151561570167542126e-01
5.152026557922364525e-01
5.150092447996138523e-01
5.150170921504495514e-01
5.151233559012415864e-01
5.151866657316688247e-01
5.153057920575139228e-01
5.152914345860484246e-01
5.152884847521782552e-01
5.152283671379092045e-01
5.152169807791708855e-01
5.152692518353461093e-01
5.153195760011677340e-01
5.154163895487785529e-01
5.154837637543674411e-01
5.154316106915474149e-01
5.153826434493060660e-01
5.154197523593901931e-01
5.155599874615667266e-01
5.156673614144321460e-01
5.157614021182055364e-01
5.158562097787861012e-01
5.158255651831629152e-01
5.156449356079106927e-01
5.156465873479840756e-01
5.157497621119019326e-01
5.157866903007032322e-01
5.158603395462038055e-01
5.159075958848000631e-01
5.159770939707752913e-01
5.159191592335702348e-01
5.158474192738533581e-01
5.159026070594783242e-01
5.158754123389720503e-01
5.157330087482928649e-01
5.157272017478944370e-01
5.158995985329152267e-01
5.159490917444224944e-01
5.158693952858449672e-01
5.157298822402953675e-01
5.155986278951170121e-01
5.155058944880963612e-01
5.156508423447605516e-01
5.157519036531451606e-01
5.156237038731578126e-01
5.155829371690751062e-01
5.155860545873638401e-01
5.156540846288201196e-01
5.158159288644788010e-01
5.159308660030368365e-01
5.160973714470864504e-01
5.161856800317762284e-01
5.161384141445158891e-01
5.161276155710218250e-01
5.161006111502643989e-01
5.160605402648450468e-01
5.161552751421930596e-01
5.161591114759443988e-01
5.161216334462167543e-01
5.161355622887613404e-01
5.161791784524919491e-01
5.161150821685793755e-01
5.160694002866749175e-01
5.160035924077034375e-01
5.157883445739744888e-01
5.155782315254213710e-01
5.154289096117019575e-01
5.152493851542471193e-01
5.150353983640675315e-01
5.148125003755094076e-01
5.145948082208636754e-01
5.144835180044171619e-01
5.141537065505982218e-01
5.138549171924587933e-01
5.136352503716949958e-01
5.132333354949949467e-01
5.129674374699596529e-01
5.129762279748916187e-01
5.127218932986256084e-01
5.122804211616515113e-01
5.117905411541460170e-01
5.114856771290302584e-01
5.112010469198229323e-01
5.109329931020732962e-01
5.106706613838670750e-01
5.102314740180968755e-01
5.097659073352813763e-01
5.093908232688901805e-01
5.091144796848301457e-01
5.088307630062104403e-01
5.085708171844485204e-01
5.082761380970475251e-01
5.079786490499971219e-01
5.075139125704767329e-01
5.069578020334246649e-01
5.064707188606262234e-01
5.060844659090039110e-01
5.057065264463423970e-01
5.053380207300186555e-01
5.049287249028685531e-01
5.045088477194306087e-01
5.041349554002286792e-01
5.037689629197119601e-01
5.034601880908016192e-01
5.031455183625225258e-01
5.027681587338450608e-01
5.024415553867814799e-01
5.021079671859742799e-01
5.016896343111993950e-01
5.014047023832800543e-01
5.011574145436286098e-01
5.007971594631669410e-01
5.005308447182174048e-01
5.002776656389239518e-01
4.999562350511549402e-01
4.996151809215548800e-01
4.993865028977398368e-01
4.990989765107632370e-01
4.987915983736516123e-01
4.985186220824720515e-01
4.982193731486799226e-01
4.977575990557666086e-01
4.973046094417576390e-01
4.969196703910826463e-01
4.965719464123246052e-01
4.961745953857897851e-01
4.958655823588368206e-01
4.953523442864421478e-01
4.948898679196831463e-01
4.943213889449839527e-01
4.938430446624760273e-01
4.933326790809630658e-01
4.927392122268673957e-01
4.920737537384030080e-01
4.914349348068238199e-01
4.907639951705934367e-01
4.901057859420773766e-01
4.893622179836035757e-01
4.886006806850434758e-01
4.877175095707182995e-01
4.867768216907975010e-01
4.858230511039495769e-01
4.848310636907817162e-01
4.837717474818231667e-01
4.826551796972756714e-01
4.815075846821070260e-01
4.803264458656312796e-01
4.790523147583007346e-01
4.777618875503541473e-01
4.764576391100883712e-01
4.750946993529799878e-01
4.737443144619460367e-01
4.723442995369430686e-01
4.709569573640823292e-01
4.697488207519052161e-01
4.684473153948786051e-01
4.670818503797053989e-01
4.657893642187116434e-01
4.645030382275577296e-01
4.631523988842967676e-01
4.618610327541832761e-01
4.607003056168554322e-01
4.594121103912596760e-01
4.581827910900115874e-01
4.569381556630135455e-01
4.558083719700571912e-01
4.545836594581605938e-01
4.534652937054636790e-01
4.525278766036037181e-01
4.515548837900157375e-01
4.506504926085467266e-01
4.497506531178948053e-01
4.489558970689770945e-01
4.480636936426165562e-01
4.472474330902094786e-01
4.466017580777411622e-01
4.458657446622845133e-01
4.452121935606003222e-01
4.446005511283878664e-01
4.438863029628991042e-01
4.433276558071378992e-01
4.428788566589352826e-01
4.423246329128743271e-01
4.417764504969119987e-01
4.413840452492241440e-01
4.408732520341878125e-01
4.404178048253057365e-01
4.400302648365500557e-01
4.395690972626207782e-01
4.391812034368514639e-01
4.388886097133160580e-01
4.386496222972873227e-01
4.383863675594326659e-01
4.380714949965475724e-01
4.376885161846874595e-01
4.373224937766789222e-01
4.370439369231463034e-01
4.368309350013737102e-01
4.366141584366563522e-01
4.364239813089367259e-01
4.361456013917927588e-01
4.358411823362108306e-01
4.356639215648174801e-01
4.354313681721692086e-01
4.352325626134875836e-01
4.350232552051542245e-01
4.348109100818636219e-01
4.345320596456526130e-01
4.343258784294130592e-01
4.340913994163274059e-01
4.339039058238267077e-01
4.337294760346414035e-01
4.336182125359772654e-01
4.335686113685369714e-01
4.334452277272941023e-01
4.333659897148607887e-01
4.331856325566768584e-01
4.329799440056087412e-01
4.329959555268290128e-01
4.330830878913399240e-01
4.330407159090039482e-01
4.330055386126043793e-01
4.328098754853006991e-01
4.325999534100294919e-01
4.325505391687153312e-01
4.325446691870689642e-01
4.325829937815666715e-01
4.325973212838169490e-01
4.325844816416505312e-01
4.326332963436845258e-01
4.326448220372197118e-01
4.326607371568679805e-01
4.327573840320108056e-01
4.328670881092546163e-01
4.330417245030399598e-01
4.332416500151156646e-01
4.334777112603186433e-01
4.335681979656216267e-01
4.336020346879955190e-01
4.337983261346813890e-01
4.340123188167806512e-01
4.342271072298288792e-01
4.345449280649425483e-01
4.347297439455985457e-01
4.347593333482738798e-01
4.349108464151616449e-01
4.352041764199732210e-01
4.353298768043518674e-01
4.354785455703736874e-01
4.356264776229857305e-01
4.357485068321232391e-01
4.358980301856997253e-01
4.360636728286743646e-01
4.362589619994164947e-01
4.362689528435466646e-01
4.363478480935095716e-01
4.365359058409929438e-01
4.366813183039428004e-01
4.368719990164038891e-01
4.370600567638872613e-01
4.372327009081837801e-01
4.373854223072526359e-01
4.375601294577126099e-01
4.377192092537879886e-01
4.377456184029575037e-01
4.378626616299152730e-01
4.380267461538312479e-01
4.381366270780567840e-01
4.383110571503639474e-01
4.383432760685684326e-01
4.383055230557916793e-01
4.383515280932184788e-01
4.383887800902124265e-01
4.383655270636076517e-01
4.383564793080086952e-01
4.383528248399492511e-01
4.382881053894758239e-01
4.383051104545596099e-01
4.384724791973824698e-01
4.386160054832701771e-01
4.386577371507878187e-01
4.386519902050496356e-01
4.386358692854644414e-01
4.386379028201107810e-01
4.386192768216137239e-01
4.387407584130768035e-01
4.388420520156620097e-01
4.387279677748676110e-01
4.387590896964075338e-01
4.389383354604247112e-01
4.389963059335943996e-01
4.389855783015487178e-01
4.390092490315440354e-01
4.389343248605726555e-01
4.389463696986438124e-01
4.390488923639056518e-01
4.391163368314501825e-01
4.391113256603475512e-01
4.392145342111589135e-01
4.392013269662854991e-01
4.391465817570683883e-01
4.392504119277003682e-01
4.392638255357741439e-01
4.391727014422419084e-01
4.392525962561363850e-01
4.392697851002221321e-01
4.392627680420873038e-01
4.392344344586137095e-01
4.391138766825194995e-01
4.391114590406421381e-01
4.391494042247537921e-01
4.391544235587116485e-01
4.392876162648201577e-01
4.392922152161594096e-01
4.393034767508511851e-01
4.393682453155514644e-01
4.394244645476345079e-01
4.394686262726779646e-01
4.394223714351652710e-01
4.394731073021885259e-01
4.395178291559214689e-01
4.394977234840392599e-01
4.395700390458106566e-01
4.395329526305195023e-01
4.395243738174443027e-01
4.397799370199443891e-01
4.398672315359111740e-01
4.399140465021132984e-01
4.400866545796393581e-01
4.402222646832461561e-01
4.402165454745290418e-01
4.403140078663826396e-01
4.404855546474457095e-01
4.405641080081459382e-01
4.406918007761235212e-01
4.409975735068318858e-01
4.411355265110727952e-01
4.412638679146767551e-01
4.415206391721960277e-01
4.415546925425528069e-01
4.416746606498959671e-01
4.420363044947384634e-01
4.421905323565004653e-01
4.423135198831554260e-01
4.425020768880843502e-01
4.425148124456410037e-01
4.427434628725056553e-01
4.430543342947961816e-01
4.431337632268672055e-01
4.432905244499442121e-01
4.434516483396287456e-01
4.435028212398285929e-01
4.435743770003314213e-01
4.437295012772084490e-01
4.438288303315635064e-01
4.439539790451530465e-01
4.441599173545833223e-01
4.443945343494410394e-01
4.445131102502344334e-01
4.446005905568601313e-01
4.445812847614289409e-01
4.444165009677414346e-01
4.445697233825920414e-01
4.447242399215693420e-01
4.448983989715578624e-01
4.451738119125364657e-01
4.451630292654040755e-01
4.451048642575737846e-01
4.452308000445361902e-01
4.452307279944420215e-01
4.452629895150666539e-01
4.454088881909843423e-01
4.455012643843889175e-01
4.455498530864712148e-01
4.455561292499304882e-01
4.454259798884387389e-01
4.453416941642762139e-01
4.452465402603149602e-01
4.453063639402393137e-01
4.453968414962293232e-01
4.455402080416677735e-01
4.456081616073842566e-01
4.455856442809106310e-01
4.455365192323927359e-01
4.455239677906032147e-01
4.455793187916278764e-01
4.455797611325980623e-01
4.455741876363758514e-01
4.455882803678513637e-01
4.454808691263199560e-01
4.453706808060408640e-01
4.452306073486808069e-01
4.451607862353327283e-01
4.450517346709970679e-01
4.450039324164393184e-01
4.449243320822712788e-01
4.446275773733852077e-01
4.444038233101371693e-01
4.441528332889079778e-01
4.438823444455863854e-01
4.437265457153323767e-01
4.434350730419157616e-01
4.431510024815796256e-01
4.428754997849466135e-01
4.425984203338623746e-01
4.422400505840781149e-01
4.420280813276767362e-01
4.416935359776023584e-01
4.412850903958083215e-01
4.410185372442009255e-01
4.406376921951771775e-01
4.401623562097550790e-01
4.397917212456466385e-01
4.393367057293651179e-01
4.388548337817195222e-01
4.384612305849789338e-01
4.381044226378205120e-01
4.377953864336017187e-01
4.375290827751163181e-01
4.371972593724729461e-01
4.368004076868296504e-01
4.363600344955918531e-01
4.356333205282683640e-01
4.351549831330777107e-01
4.347898461073634868e-01
4.342647926092151334e-01
4.336424878835674623e-01
4.330758562088013464e-01
4.323403519839050246e-01
4.316513144493106524e-01
4.311232679367067999e-01
4.305215631902215012e-01
4.297881893664597941e-01
4.292515990912910695e-01
4.289473943859336003e-01
4.283104565620424742e-01
4.275321645498274536e-01
4.268634363740684834e-01
4.260475774109360181e-01
4.253980755597354668e-01
4.250910109609369880e-01
4.245211227416988420e-01
4.238702339291569032e-01
4.232402274012569965e-01
4.226463583171363170e-01
4.220596343219278901e-01
4.214468407630918567e-01
4.208659918606278416e-01
4.202098902761933763e-01
4.196287752985953245e-01
4.190723554611205937e-01
4.184410035133359629e-01
4.177699227333073195e-01
4.170551045447591365e-01
4.162923348605636620e-01
4.155798837900162024e-01
4.149936034619811642e-01
4.143134509980678226e-01
4.135701625615361143e-01
4.129062782824040045e-01
4.122079295009370425e-01
4.114895859360693242e-01
4.108586069941521091e-01
4.102298113703723992e-01
4.095046219468119197e-01
4.089684649765493729e-01
4.084301923453805272e-01
4.080854211956263522e-01
4.078521630764011530e-01
4.077519114613528672e-01
4.078554229259487851e-01
4.078775672256941820e-01
4.080294884860513061e-01
4.083670738458630156e-01
4.086276458621025398e-01
4.093564027667047633e-01
4.098534852683546337e-01
4.103117421269417697e-01
4.107653124332431571e-01
4.111973496079440182e-01
4.115890361964706923e-01
4.120705389291046683e-01
4.123889197230334869e-01
4.125012062013153624e-01
4.125929560661312223e-01
4.126506259918211739e-01
4.126476496696472873e-01
4.125572696685791962e-01
4.124775950074200392e-01
4.123849552989009570e-01
4.123148272752762411e-01
4.123575523316859170e-01
4.123036008983848588e-01
4.121783133536580102e-01
4.119964120388033835e-01
4.117971566379073356e-01
4.116211766719818366e-01
4.114361516952512177e-01
4.112067876309161707e-01
4.110109402388333333e-01
4.108464673161510428e-01
4.106422828584904705e-01
4.105111338734625526e-01
4.104685690641404205e-01
4.105329906821252872e-01
4.107041041612625731e-01
4.108532640308139583e-01
4.111124854743476997e-01
4.114036641120909499e-01
4.117892121970653241e-01
4.119958148002621501e-01
4.122175193309784991e-01
4.124680266022686115e-01
4.126643741190429426e-01
4.129542546361688604e-01
4.131637748420237677e-01
4.132198137670756721e-01
4.132031463831659091e-01
4.130880994796750638e-01
4.130903667211531793e-01
4.133130569458006165e-01
4.134556576013567186e-01
4.136257313221688436e-01
4.137826851010320550e-01
4.138437766581776756e-01
4.138894361913206810e-01
4.139275299131866537e-01
4.140202913641929938e-01
4.141443956434730511e-01
4.142685850888487842e-01
4.145019811809059762e-01
4.144903305530551751e-01
4.142784629017119968e-01
4.142011802643533747e-01
4.139694328963758885e-01
4.138789877951140617e-01
4.139456622004508701e-01
4.139062065124515799e-01
4.139094944924111563e-01
4.138731045842172218e-01
4.137081044912340744e-01
4.137082478106020034e-01
4.137329390645024252e-01
4.137729058027265761e-01
4.139008238017554131e-01
4.137832219660282917e-01
4.137199666500093187e-01
4.137195958614349189e-01
4.136113993406293488e-01
4.135367220520970166e-01
4.134637265235190373e-01
4.134299076199536294e-01
4.133875049352645492e-01
4.131728418022395655e-01
4.130639198184008487e-01
4.130178239643572113e-01
4.129603578895333360e-01
4.132793708801266175e-01
4.133014955073596175e-01
4.130589498519902092e-01
4.130443994164467725e-01
4.129488651037216407e-01
4.129779621005056911e-01
4.132692015379669792e-01
4.133841978728767796e-01
4.133916391432287396e-01
4.133280084460976833e-01
4.130916930198665904e-01
4.130456709623332445e-01
4.131042694598439091e-01
4.130949666678907506e-01
4.127290058612824719e-01
4.128272464424372901e-01
4.131012856513262554e-01
4.131590429782870388e-01
4.131347903251648690e-01
4.131818720787761579e-01
4.131007080376145613e-01
4.132144982695577506e-01
4.134965501219036721e-01
4.133465559482571994e-01
4.131777879953382193e-01
4.134175254285339940e-01
4.135118463397028377e-01
4.134168392390010771e-01
4.134570956945414766e-01
4.137222648411990056e-01
4.136908957958217448e-01
4.134779467463489122e-01
4.134882683545348381e-01
4.134424666643146118e-01
4.133314469128847035e-01
4.132465436458589991e-01
4.132269448339934703e-01
4.131743914246556737e-01
4.131616741776463209e-01
4.129901875346901896e-01
4.127571254968646075e-01
4.124980782508853028e-01
4.121345933526753824e-01
4.118271416723731093e-01
4.114375429153437902e-01
4.110998848646879034e-01
4.107873628079893313e-01
4.103277627348900780e-01
4.100451172113418474e-01
4.099422095268967503e-01
4.097700340569022659e-01
4.095074987888340790e-01
4.087658362090584308e-01
4.076274297893045517e-01
4.066665674507619066e-01
4.058902298212052062e-01
4.049807168841361715e-01
4.040785828232768551e-01
4.032945951282978503e-01
4.022889387607577194e-01
4.010916427820923613e-01
3.998184283733372535e-01
3.985765314668417436e-01
3.972451363086704768e-01
3.959137419462207541e-01
3.946460187345740001e-01
3.930910640716555049e-01
3.913497869879002944e-01
3.895731453895572294e-01
3.876268646299841358e-01
3.854864935755728528e-01
3.833680774152282700e-01
3.811287324070931626e-01
3.787507808446883839e-01
3.763077229052778083e-01
3.737803514957429019e-01
3.714655159234997450e-01
3.687064798593523429e-01
3.656552510261533717e-01
3.628959296494725928e-01
3.602503766238687177e-01
3.574661370545622052e-01
3.547644283980135871e-01
3.521063648700717974e-01
3.491587435454130417e-01
3.462160851806401207e-01
3.435123821139335343e-01
3.408200663208960091e-01
3.379969533652069646e-01
3.354287698030468112e-01
3.328676858693364604e-01
3.302963740646840951e-01
3.277244237363338142e-01
3.255092305302619282e-01
3.233222266674046219e-01
3.212821050882344598e-01
3.196097998380661442e-01
3.179142020255329992e-01
3.162024811953307313e-01
3.145945975720880750e-01
3.131943876266483628e-01
3.118518927931788198e-01
3.107113791257141155e-01
3.094648545384406368e-01
3.081295107454065096e-01
3.070392186999323370e-01
3.059904329895968833e-01
3.050738439798351131e-01
3.044221850544218122e-01
3.035184048742055607e-01
3.024919855892656551e-01
3.017932001709937029e-01
3.010911195099351678e-01
3.004732760041952666e-01
2.998595008850094001e-01
2.994512952178711718e-01
2.991394544541833844e-01
2.987717540800567395e-01
2.984738159179687322e-01
2.983023964762687719e-01
2.981780979871749282e-01
2.981097130268815509e-01
2.981904011011125566e-01
2.982382864028219616e-01
2.983157940208914227e-01
2.982519303739071814e-01
2.983721716642381838e-01
2.985938768506046781e-01
2.988123933672905408e-01
2.991905336678026828e-01
2.995174517154697291e-01
2.997440917342899525e-01
3.001433697164061498e-01
3.004791569262747486e-01
3.007359198421236668e-01
3.010992683708669793e-01
3.015129991412158761e-01
3.018842758893966471e-01
3.024480263739826591e-01
3.031491698414091052e-01
3.037261712193490837e-01
3.042062144815916858e-01
3.045039212644097826e-01
3.047326782226564279e-01
3.051813191264868830e-01
3.055564694523807967e-01
3.060394679754976921e-01
3.067032235026356246e-01
3.072622008204458632e-01
3.077632249295709221e-01
3.084490499496456151e-01
3.089688367336983488e-01
3.091750264525411906e-01
3.095000435471531031e-01
3.098579390525820765e-01
3.103472163677212792e-01
3.110248166799541303e-01
3.115252782344818949e-01
3.118912897706031528e-01
3.123329520583151830e-01
3.126424930810931535e-01
3.131512038469319026e-01
3.137234987258915031e-01
3.141060154855256359e-01
3.145791359603403170e-01
3.150746309757229691e-01
3.154014377057557383e-01
3.161715937793257436e-01
3.167634472995993211e-01
3.170451305627824401e-01
3.176568283319471386e-01
3.180783419609068963e-01
3.184039133548733358e-01
3.186322300046684486e-01
3.191993643790482227e-01
3.196189193606372991e-01
3.199974487423896674e-01
3.205217786014082360e-01
3.209141318798062192e-01
3.211341838538646076e-01
3.213648986935618845e-01
3.218336166024204359e-01
3.222745651960368662e-01
3.225835027575493785e-01
3.228642972886561768e-01
3.231895318984982501e-01
3.235297143191095959e-01
3.238499468713997853e-01
3.240298962593080589e-01
3.239205858230593260e-01
3.237619222730400703e-01
3.236780112981795798e-01
3.238038062632084269e-01
3.240382758438590804e-01
3.240657423734667475e-01
3.241137503802774544e-01
3.241495207190517869e-01
3.241825078964237772e-01
3.242533446788787299e-01
3.244981776952739483e-01
3.243945016890760757e-01
3.240723047405478230e-01
3.237074412882325891e-01
3.233959074020383295e-01
3.231877250790597400e-01
3.227041159689425509e-01
3.223753465235232318e-01
3.222328180611131465e-01
3.217723677456382769e-01
3.214694800466303404e-01
3.212540060520169827e-01
3.207284261643882917e-01
3.196105252087116377e-01
3.190211725234985973e-01
3.185320655316110083e-01
3.179888552963731629e-01
3.175776038646700994e-01
3.172446038722994133e-01
3.167238571345810660e-01
3.160485399901871717e-01
3.155179022252557197e-01
3.150411680310967188e-01
3.145516199916604805e-01
3.140604103803636415e-01
3.134108501046898865e-01
3.126257628321651993e-01
3.119124599307772083e-01
3.110551238536832241e-01
3.103916034102441879e-01
3.099012332201000475e-01
3.092272610664369425e-01
3.083980818122629142e-01
3.076069328367708744e-01
3.070144862890243354e-01
3.065772765874858474e-01
3.059704144537446768e-01
3.053490906715397024e-01
3.047622427344326423e-01
3.041141166508198879e-01
3.035307885557410601e-01
3.029427282363177931e-01
3.023625988364221362e-01
3.016333338260654418e-01
3.010123426437374405e-01
3.004139208018778984e-01
3.001454551190139708e-01
2.996113035321234519e-01
2.989266167283055053e-01
2.986395393848421675e-01
2.981371711730957386e-01
2.975127478599550734e-01
2.971578386783597092e-01
2.966752993315458498e-01
2.961874111175536450e-01
2.957362213730807543e-01
2.951835816681382951e-01
2.947413072705272197e-01
2.941376449316743247e-01
2.938039879739282600e-01
2.936571237444877136e-01
2.934502177476883689e-01
2.933731785595412589e-01
2.931190024912353476e-01
2.924290857195850912e-01
2.920290375441315645e-01
2.918550563663240838e-01
2.915527055561538683e-01
2.915515419095758287e-01
2.914744367033245687e-01
2.909434799909593194e-01
2.903990652561190822e-01
2.901493346780540938e-01
2.900872815608979138e-01
2.898414234071973739e-01
2.897042163372042789e-01
2.895614403486252986e-01
2.892774216949940969e-01
2.888585796236991521e-01
2.886079264640808995e-01
2.883060561299323754e-01
2.879086188852791328e-01
2.876995473623275568e-01
2.876525943338874569e-01
2.876595744401218568e-01
2.876738572120662862e-01
2.875172123879197184e-01
2.874125991165633609e-01
2.873402784138914257e-01
2.871551810264583726e-01
2.869057330965992803e-01
2.866825869083401424e-01
2.863548873662948857e-01
2.861439666956663297e-01
2.859879427850245959e-01
2.858132789611813607e-01
2.857723759442571398e-01
2.857597149372102519e-01
2.858542231768367858e-01
2.861379247307780371e-01
2.862522127151488904e-01
2.862715692758563413e-01
2.863770476579665103e-01
2.861536894679065357e-01
2.860058472633366655e-01
2.861753780096766842e-01
2.860652503073217723e-01
2.860114436388014880e-01
2.858619080424311676e-01
2.855398927479984583e-01
2.854358258605003140e-01
2.853729595273730713e-01
2.853960431545969900e-01
2.855620532631871766e-01
2.857539241254329898e-01
2.856920213699342126e-01
2.860458040237424115e-01
2.865212617725131916e-01
2.864745118677619051e-01
2.864836412131789301e-01
2.865108464658259191e-01
2.863455690264706255e-01
2.865006444960832011e-01
2.868184261769053944e-01
2.872567471921447790e-01
2.876099830180408601e-01
2.879776973724366140e-01
2.882508818507196202e-01
2.883234625846149424e-01
2.886142735362048906e-01
2.891751176446674676e-01
2.894879828244451003e-01
2.898475016891959299e-01
2.900537403523917312e-01
2.899999107837679668e-01
2.900036255538459562e-01
2.904873008608822582e-01
2.908316642224789694e-01
2.911010612189766089e-01
2.917352531105281144e-01
2.919980012625456034e-01
2.920992784500126560e-01
2.923469288080926543e-01
2.923656040310860793e-01
2.926542342424395260e-01
2.932331241130831101e-01
2.937166245818134125e-01
2.942952024400233846e-01
2.948860802650454804e-01
2.955457484543327351e-01
2.959237516164774928e-01
2.961456236481663229e-01
2.965269949197771315e-01
2.967561641097072322e-01
2.970010781764987895e-01
2.975892819821834845e-01
2.981788566827775488e-01
2.988546562194820400e-01
2.989969258457422230e-01
2.992129084378478687e-01
2.996930219829084807e-01
2.998759170770643467e-01
3.003256471037867859e-01
3.007204852938656359e-01
3.008620856702330371e-01
3.012323258966211337e-01
3.014873954057696870e-01
3.018334067165852619e-01
3.025257397145037497e-01
3.029339660435911297e-01
3.028821918070313535e-01
3.033407566100356223e-01
3.040818694353101259e-01
3.044210372626781069e-01
3.047844356834888413e-01
3.052991330266001113e-01
3.057260855317119330e-01
3.060354561209682744e-01
3.065789156794546111e-01
3.069100548416374696e-01
3.066803289949898148e-01
3.065586438417431392e-01
3.068351180434225611e-01
3.069150359779597159e-01
3.072393197864298764e-01
3.076645683705809264e-01
3.077078473269937442e-01
3.078842063784595351e-01
3.082994301021095840e-01
3.084945856988429713e-01
3.087745087444784264e-01
3.091364558726548140e-01
3.092751914441587702e-01
3.095886570096020862e-01
3.098077446162705306e-01
3.101036302566530511e-01
3.101696347713465696e-01
3.101366546660661028e-01
3.102081667363641992e-01
3.102260195255275299e-01
3.102719484269617078e-01
3.105223885059354427e-01
3.103420809745790487e-01
3.099128275543453492e-01
3.095949302762749933e-01
3.091167999833822622e-01
3.090595168232918577e-01
3.092516023576258877e-01
3.088949169307947384e-01
3.086067886292932494e-01
3.081569500803948980e-01
3.071533482253552272e-01
3.067139239579442234e-01
3.066748136848215234e-01
3.062401690483096406e-01
3.056320032477379822e-01
3.051811871558430811e-01
3.044788613319401316e-01
3.038155126571654985e-01
3.030103357136251785e-01
3.021248289227481121e-01
3.012924445509910232e-01
3.001994122624400685e-01
2.991797999501230598e-01
2.983906350255016715e-01
2.974731986701483755e-01
2.964572010368106691e-01
2.954491868019101797e-01
2.945271120250224639e-01
2.933084458887577628e-01
2.918816608786583000e-01
2.903410030782221929e-01
2.889156582534315731e-01
2.876416599541899988e-01
2.867414071619511229e-01
2.858158985614781544e-01
2.842477375119928373e-01
2.828888628065586164e-01
2.816653572380543591e-01
2.800820772171022655e-01
2.787381249666209815e-01
2.773512598872183710e-01
2.758676263153557739e-01
2.745482814788817727e-01
2.732901149719954015e-01
2.720914345830676151e-01
2.703478481769558406e-01
2.687583623021840284e-01
2.680516151487827292e-01
2.672532578170297990e-01
2.661461753547194053e-01
2.651957871407266687e-01
2.638219889104370108e-01
2.624335031747817015e-01
2.616049108207226248e-01
2.608567969322206914e-01
2.601382408589120177e-01
2.595738929271700357e-01
2.588221387922760020e-01
2.578564979583027328e-01
2.572027604341504681e-01
2.566155675888058263e-01
2.560243602991102430e-01
2.557835923969749015e-01
2.553892590433359810e-01
2.549404838562009390e-01
2.541876377999781611e-01
2.533674795091150900e-01
2.525729166269298775e-01
2.515551307708021045e-01
2.507812636494640146e-01
2.503594914615157596e-01
2.499676394551992309e-01
2.494417798519135976e-01
2.485199978500604590e-01
2.472151212960483346e-01
2.459855664253237928e-01
2.446489468008278267e-01
2.434557653367521446e-01
2.429753303050990187e-01
2.422893612176179878e-01
2.409833166182045183e-01
2.396726401805880924e-01
2.378929201930759796e-01
2.358502938598397713e-01
2.346329795241357818e-01
2.338523071140055642e-01
2.326692199334498001e-01
2.315404821634288735e-01
2.304693472743029603e-01
2.292341864109039562e-01
2.282581668958067189e-01
2.273969490900636659e-01
2.266558396160604227e-01
2.260596730113034192e-01
2.259538288235667658e-01
2.261692049905660584e-01
2.266574182674289950e-01
2.276327304363253146e-01
2.285451417863365586e-01
2.289427266091112190e-01
2.299126282334328364e-01
2.312292307153345217e-01
2.321199827492237411e-01
2.338434615358708224e-01
2.352077455371623105e-01
2.353123109042647987e-01
2.358493190109729742e-01
2.364555290758613981e-01
2.369115804791446234e-01
2.377213153511290034e-01
2.379411099791528816e-01
2.377670723944902975e-01
2.376217226773496283e-01
2.371485668689012893e-01
2.363106446623799706e-01
2.362378742694856426e-01
2.358701607465746031e-01
2.345709948629141894e-01
2.338999745607378555e-01
2.338597220778469987e-01
2.330529451102019700e-01
2.326589940786366051e-01
2.324836482405662763e-01
2.309374039411547785e-01
2.298639016628265253e-01
2.295206832692030241e-01
2.287200741171840634e-01
2.283151919424531162e-01
2.276920884624124841e-01
2.264602259159086972e-01
2.256889578402044294e-01
2.250404264524574760e-01
2.243719312101606078e-01
2.241590270489456083e-01
2.241934719339016835e-01
2.240525767385959655e-01
2.238595071583989182e-01
2.241623800516127640e-01
2.249496847629545992e-01
2.256647100612518553e-01
2.265121116995811867e-01
2.270844121277328653e-01
2.272898367792365870e-01
2.270649568945173613e-01
2.263556510061024429e-01
2.262578038483860909e-01
2.265337095260616385e-01
2.271647367775435911e-01
2.279645837858318980e-01
2.282486787155274810e-01
2.278198971122500915e-01
2.270920420333739920e-01
2.264343263447281263e-01
2.261635103657840262e-01
2.258956000223752703e-01
2.255280684828762094e-01
2.260873721241949685e-01
2.269239010125394251e-01
2.272804408073420823e-01
2.273703485012049941e-01
2.264986536026003250e-01
2.248523167476057238e-01
2.242983217224480685e-01
2.242206801533695171e-01
2.235137713015083738e-01
2.236399994134898594e-01
2.236108854532244672e-01
2.223482990205286336e-01
2.224001040905715099e-01
2.228770016431809164e-01
2.218347614109515697e-01
2.215441370442506053e-01
2.215349707871677454e-01
2.207712107956411041e-01
2.205101889014248195e-01
2.206140703037385020e-01
2.203341751515865143e-01
2.199554442465301851e-01
2.194553964510560506e-01
2.187563696295021787e-01
2.190596410423519269e-01
2.197812477990983837e-01
2.204988844573501083e-01
2.205965102821584312e-01
2.191525015354161277e-01
2.183140033006671088e-01
2.184275080025199489e-01
2.183413500607009894e-01
2.179226623028516496e-01
2.177016951024528246e-01
2.173816737771038510e-01
2.169422273576262772e-01
2.174588780298832846e-01
2.179670782074332180e-01
2.173468120396136183e-01
2.162388304620984636e-01
2.159977587223048667e-01
2.153699699878697249e-01
2.140146281942726381e-01
2.135130287826060014e-01
2.125328952297565188e-01
2.118314918041228068e-01
2.119962766349316741e-01
2.112257052540776336e-01
2.103596277907489320e-01
2.103752513349058384e-01
2.095174106061460928e-01
2.089091946706171654e-01
2.088816116333011008e-01
2.075273296922444943e-01
2.071478807330132677e-01
2.063945220142598680e-01
2.055910387158396968e-01
2.067182266205550012e-01
2.055377606838940940e-01
2.044095532357688427e-01
2.054651388823983404e-01
2.043725465655328866e-01
2.035638833105563317e-01
2.040030585229395121e-01
2.026982498735185600e-01
2.012765770643949459e-01
2.010898150920871763e-01
2.010327365875246020e-01
2.010416296541689962e-01
2.010839726775885405e-01
1.997551473885774143e-01
1.976103899896146654e-01
1.952954334646460621e-01
1.940907858088612437e-01
1.945111970722678552e-01
1.958432447016243694e-01
1.973158566772938716e-01
1.967300496697427237e-01
1.963112752944232153e-01
1.952166482508181922e-01
1.937994702041149764e-01
1.952820176973941724e-01
1.953604992464184342e-01
1.946193821400404589e-01
1.946402474865320809e-01
1.921805768609043952e-01
1.901778834462170276e-01
1.892536646991971050e-01
1.886960696384312741e-01
1.883412163227795311e-01
1.891666697680950138e-01
1.888054779380558268e-01
1.870854077994821563e-01
1.868715821236372476e-01
1.864452185630801895e-01
1.856775541901587445e-01
1.860934126377102871e-01
1.867968865036964132e-01
1.885065175890924816e-01
1.892614606216545536e-01
1.897958366811277053e-01
1.891120759963988707e-01
1.852059681951998826e-01
1.834192314773799293e-01
1.828752092421054853e-01
1.817967695474622947e-01
1.849430098548528467e-01
1.864942501634363481e-01
1.853033202126623258e-01
1.856846868216992796e-01
1.845993353247637747e-01
1.827683680057529125e-01
1.829688252076505373e-01
1.843781792163852740e-01
1.817798428237438479e-01
1.798601652860643829e-01
1.812087179124358682e-01
1.799569481045004971e-01
1.805262130498884177e-01
1.844680466428401666e-01
1.871681598097084953e-01
1.871638635993005950e-01
1.857786364823583447e-01
1.835886220693589699e-01
1.786184161528948100e-01
1.803200351446864746e-01
1.848604197800155224e-01
1.817372131347658737e-01
