6.091904124766590184e-02
6.259588325545192844e-02
6.794923694208263032e-02
6.948659275174144667e-02
6.487584599554542530e-02
6.762550651431079030e-02
6.938323862403632247e-02
6.826090144515038760e-02
6.586415079832073916e-02
6.773562833592296217e-02
6.976788154691457300e-02
7.045297595262527135e-02
7.087782495617872547e-02
7.183422096446154259e-02
7.211387610360980860e-02
7.160477963685984992e-02
7.255101683735844242e-02
7.414861096963284992e-02
7.566196465268726357e-02
7.638581223338838933e-02
7.563894086033111364e-02
7.491708583012221534e-02
7.487428560554984514e-02
7.545352740064265040e-02
7.617372483015059925e-02
7.632018586993215281e-02
7.575944826230404661e-02
7.519846316874030656e-02
7.542193194851280758e-02
7.673975488543509360e-02
7.866735459044574275e-02
7.909970463439826294e-02
7.856085427105426178e-02
7.811095650494094544e-02
7.873796916604038076e-02
7.926100457087160989e-02
7.985807811617852414e-02
8.006807153001430089e-02
7.865711027383799625e-02
7.887643119990826734e-02
7.964971953481439493e-02
7.978230213522911896e-02
8.038145431727168611e-02
8.081791224330668599e-02
8.070161292850970558e-02
8.013088185489176951e-02
8.115557962357999866e-02
8.198833367526531246e-02
8.200712853670118208e-02
8.204407201409340267e-02
8.255779628902672196e-02
8.327102226912977412e-02
8.383631785586480312e-02
8.403327253460887714e-02
8.529957489520308134e-02
8.673805831670758359e-02
8.689623295664786196e-02
8.651886839345097890e-02
8.720214203000070663e-02
8.854239982292060052e-02
8.834794389903544154e-02
8.866049438416954975e-02
8.924742568060758940e-02
8.960201080739499391e-02
8.964701616391536343e-02
8.937208890914916104e-02
8.920556810647252421e-02
8.959548507854338262e-02
9.029208295941353046e-02
9.054706764966254096e-02
9.025194720923902791e-02
8.993013639748093091e-02
9.005775714665649467e-02
9.017659196257592213e-02
9.002704478427765722e-02
9.023747664913532585e-02
9.066113829016683723e-02
9.075341550707817506e-02
9.015987940877680240e-02
9.040649922639133751e-02
9.069401618093256290e-02
9.070754614099856006e-02
9.079266567230227791e-02
9.085686666369441333e-02
9.098277653753762684e-02
9.119095507636663933e-02
9.121239335089925682e-02
9.135161511898040598e-02
9.170111278295513257e-02
9.224968180283901753e-02
9.271601277440785771e-02
9.287225815057756351e-02
9.272015831023457111e-02
9.262240948155524289e-02
9.269935189783569396e-02
9.256351228952405807e-02
9.206118107512591131e-02
9.226907844543454085e-02
9.236252672076228354e-02
9.220299086123709409e-02
9.220277120098467616e-02
9.224804519712921647e-02
9.233904217556118676e-02
9.251323407813907829e-02
9.289139081686731414e-02
9.316004690527913967e-02
9.340978208184237686e-02
9.385455891489985492e-02
9.438182210549708739e-02
9.490561525821689104e-02
9.538896939158439392e-02
9.581605638042088591e-02
9.629278922975062494e-02
9.669264077246184086e-02
9.694749201536180527e-02
9.713908300176259114e-02
9.734891069903972571e-02
9.753251729756597099e-02
9.761577536091209373e-02
9.794811545386905571e-02
9.829190564751623393e-02
9.859534436091785259e-02
9.911050316765870893e-02
9.981374880969506869e-02
1.006339167177673494e-01
1.014776278257370629e-01
1.021131395757195748e-01
1.026918199807406729e-01
1.031994677335027477e-01
1.035640155002473251e-01
1.038112610116598139e-01
1.039412719935182972e-01
1.039517859801654120e-01
1.036795831725000755e-01
1.035906266584996210e-01
1.036214816093447844e-01
1.035505607992411731e-01
1.034656754635277093e-01
1.034796824753285993e-01
1.035850482746958484e-01
1.036936540037392829e-01
1.038294336199758472e-01
1.040480240255598626e-01
1.043629370257255079e-01
1.047646747246379767e-01
1.052733319923281202e-01
1.060071094036100781e-01
1.071048950783903830e-01
1.082839499115945958e-01
1.093948103040457004e-01
1.104346620127557993e-01
1.116631485603750834e-01
1.125599782168867496e-01
1.132943918555978091e-01
1.141568109177056728e-01
1.147277620203789733e-01
1.152013169705869144e-01
1.156689669564363171e-01
1.160762454271311583e-01
1.163329699307677628e-01
1.166567323341965862e-01
1.171153828382492518e-01
1.174099839985371374e-01
1.176266899466513333e-01
1.178502974510195755e-01
1.181988913893699672e-01
1.186292969107624190e-01
1.189354170084002127e-01
1.191113484382633342e-01
1.194374888390302009e-01
1.196626834385095123e-01
1.198629785925146990e-01
1.201277584396299447e-01
1.203682257369161068e-01
1.206842163965109321e-01
1.210814225748182288e-01
1.214572546944017728e-01
1.218659523814915463e-01
1.223808466672900719e-01
1.229420387797055814e-01
1.232840508610013597e-01
1.237781691893935915e-01
1.243776480540636220e-01
1.248958441510795159e-01
1.254559216886763640e-01
1.260466131746770246e-01
1.266209355175499929e-01
1.271823097705839234e-01
1.277244914442304258e-01
1.282352912485603680e-01
1.287467259719969059e-01
1.292599030315875197e-01
1.297500030934808646e-01
1.302233391940594009e-01
1.306451043963436087e-01
1.310942973569034498e-01
1.315650612831118504e-01
1.319955528900032260e-01
1.323308849036696211e-01
1.326928043246267952e-01
1.330161195978526445e-01
1.331977879121898911e-01
1.334536677181720477e-01
1.336674883425236493e-01
1.337936070978640313e-01
1.338185385793451976e-01
1.339041824251410995e-01
1.339716406077145205e-01
1.339231356650589511e-01
1.338432965025303234e-01
1.337921293988820204e-01
1.337846447706221575e-01
1.337656010419130126e-01
1.338265548944472805e-01
1.338827617108821200e-01
1.339006114721294216e-01
1.338915463328357591e-01
1.339391682565210517e-01
1.339575809106231807e-01
1.338706099092962509e-01
1.337064298391346662e-01
1.333913305103776314e-01
1.329354317888621628e-01
1.324354133009905954e-01
1.319143517374987695e-01
1.313637249827386555e-01
1.308471874594692164e-01
1.305213819369675510e-01
1.303534001991148994e-01
1.302288507044320198e-01
1.298950692892077152e-01
1.295460421264172934e-01
1.291958626687527423e-01
1.288896173536779044e-01
1.287579174488784062e-01
1.286389827132221053e-01
1.284977089315654242e-01
1.283917516827585426e-01
1.283810095369817550e-01
1.284667841672895994e-01
1.286589461907745313e-01
1.289620175600056651e-01
1.292070134267207793e-01
1.292557052284478702e-01
1.290408406466250490e-01
1.286663940414790319e-01
1.281416013389830855e-01
1.274879342198373400e-01
1.267619445830585334e-01
1.261542480468750005e-01
1.256883409649134364e-01
1.253447446525094988e-01
1.251047489315268435e-01
1.251081924319262517e-01
1.252768978744745465e-01
1.254748422399167562e-01
1.256162627384069530e-01
1.256607281804085208e-01
1.255661966308952160e-01
1.252876263260844503e-01
1.249796192780133763e-01
1.245778047770257635e-01
1.239887595847244395e-01
1.232213132463397809e-01
1.225423027463260484e-01
1.219770345218483543e-01
1.213652689516543232e-01
1.206620381593701413e-01
1.199175708048045297e-01
1.192101210415359575e-01
1.186410527676344945e-01
1.180988027073444496e-01
1.175458662912249042e-01
1.170612905047833940e-01
1.167208986058828057e-01
1.163874742895369407e-01
1.160268815733493802e-01
1.157425997719166572e-01
1.154941385857756464e-01
1.152806039772924229e-01
1.150915261007844775e-01
1.148541775807737503e-01
1.146905613049866712e-01
1.145704129911956914e-01
1.143798130340874381e-01
1.143154127694664540e-01
1.142882295921443803e-01
1.142625611066814262e-01
1.143884135283531750e-01
1.144865286171432850e-01
1.145832398451859940e-01
1.147409894607963055e-01
1.147874424740675386e-01
1.148580592811106749e-01
1.149859712809325751e-01
1.151472763672470034e-01
1.152634243056182700e-01
1.154249510765078535e-01
1.156913672126833048e-01
1.158654958330091050e-01
1.160184588320558319e-01
1.162391237363218782e-01
1.166003100872035764e-01
1.167852692604060827e-01
1.169757864475247100e-01
1.172693655498323329e-01
1.175373893536630215e-01
1.177277277797456195e-01
1.179230293408040503e-01
1.182276211202148292e-01
1.184538290493185736e-01
1.186331661716103075e-01
1.188159515082832518e-01
1.189792618185285394e-01
1.191894276291136090e-01
1.194341860711576886e-01
1.196463770233089779e-01
1.197809975594277404e-01
1.200043988786636262e-01
1.202359713427718219e-01
1.203638763010497353e-01
1.205832844018936145e-01
1.208143773078921845e-01
1.210268484801051148e-01
1.212912293292585930e-01
1.215523444689806248e-01
1.218238882385195704e-01
1.221012528106569239e-01
1.223358526043594602e-01
1.225212825179095993e-01
1.226763880468910023e-01
1.228252881713213923e-01
1.229291011132297995e-01
1.230499548800290388e-01
1.232105114020407843e-01
1.233822456717490190e-01
1.235679013788697350e-01
1.237760289788246842e-01
1.239785275101658590e-01
1.241083289504049808e-01
1.243006197094919524e-01
1.245709629416464348e-01
1.248435696363447422e-01
1.250621195197106628e-01
1.252974604487422927e-01
1.255676113605494471e-01
1.257751398086550398e-01
1.260764318227771408e-01
1.264030657410625536e-01
1.266596210837361014e-01
1.269889848738904037e-01
1.273167021632192475e-01
1.276058627367022136e-01
1.278213424026966583e-01
1.281313348472113978e-01
1.284828134894366036e-01
1.287991827353839880e-01
1.290233620747926746e-01
1.292943391472100856e-01
1.296204141512510566e-01
1.299485161200165384e-01
1.302248103171585458e-01
1.305082144439221048e-01
1.308246895372868202e-01
1.311154920905832078e-01
1.313876506090163321e-01
1.316618510931727437e-01
1.319400171339507599e-01
1.321823156028989199e-01
1.324509524703026131e-01
1.327173426032068615e-01
1.328955535143618583e-01
1.331619856506586486e-01
1.334223658740519569e-01
1.336292258799075539e-01
1.337836310416461449e-01
1.339895440489049239e-01
1.342333517968649914e-01
1.344749696105720649e-01
1.346622237861156979e-01
1.348337637037036463e-01
1.350035871863364823e-01
1.351786487549538895e-01
1.353516199201345027e-01
1.355233349025251055e-01
1.356749725773934712e-01
1.358218461453915560e-01
1.359419549018149043e-01
1.360938293024893386e-01
1.362648980736736737e-01
1.363518712520597476e-01
1.363976076945657423e-01
1.364507378429178353e-01
1.365870623171332177e-01
1.367533742487427872e-01
1.368532382100824951e-01
1.369135205894705665e-01
1.370065484046935622e-01
1.370821011364461994e-01
1.371767049342391687e-01
1.372637043938042256e-01
1.372888131737710349e-01
1.373030773401263116e-01
1.373136570900675424e-01
1.373320236369966196e-01
1.374281491100792507e-01
1.374882182836536793e-01
1.375231205448509686e-01
1.376039328172806164e-01
1.376567670583725977e-01
1.376686033487320160e-01
1.376663396582004373e-01
1.377149868115785658e-01
1.377653074502946939e-01
1.378011973857879158e-01
1.378098813891412144e-01
1.379266790151593425e-01
1.379672881960865016e-01
1.379455958247182423e-01
1.379851506561045049e-01
1.379702547267075419e-01
1.379778432190419957e-01
1.380211109384895940e-01
1.380384328186513576e-01
1.380112444192175825e-01
1.380147502139205951e-01
1.380680619612335014e-01
1.380532695785162411e-01
1.380352820411329118e-01
1.380309034958480119e-01
1.380378559157249552e-01
1.380328265056010584e-01
1.380312141358850109e-01
1.380293355032805591e-01
1.380169394865630450e-01
1.380405770421030964e-01
1.380492314577101698e-01
1.380592617034916425e-01
1.381033178567888098e-01
1.381096792221067626e-01
1.380920005440716691e-01
1.380724578380579937e-01
1.380485657334323824e-01
1.380537435889241660e-01
1.380976222157476452e-01
1.381531288266187041e-01
1.380855060338969653e-01
1.380810826659197854e-01
1.381402729511260474e-01
1.381397847533229473e-01
1.381349175691605757e-01
1.381497262358666323e-01
1.381630998969076429e-01
1.381061286926272835e-01
1.380992495417599497e-01
1.380931248784062482e-01
1.380795445546507128e-01
1.381550157010556223e-01
1.381380158290265170e-01
1.380672016292808224e-01
1.380099230110646835e-01
1.380180612802500983e-01
1.380346633493900743e-01
1.380327841490503749e-01
1.379940569475292533e-01
1.379651911944152487e-01
1.379395508304239182e-01
1.379293124392630965e-01
1.379614485204221919e-01
1.379671749025585259e-01
1.379561512470241502e-01
1.379271346181628610e-01
1.378835282921791472e-01
1.378741322904826205e-01
1.379100368306037383e-01
1.379337733730671423e-01
1.379058488994832077e-01
1.378225743949414717e-01
1.377678742110725330e-01
1.378527216553690760e-01
1.378343106627468451e-01
1.378090833663936088e-01
1.377919434338808202e-01
1.377892199903723580e-01
1.377348695307965276e-01
1.377079755261537697e-01
1.377234231114387308e-01
1.376688303351401299e-01
1.376549306139353557e-01
1.376038557663561424e-01
1.375143193379039785e-01
1.374737494468688259e-01
1.374513482809069098e-01
1.374319692134857440e-01
1.373617530733349523e-01
1.373023758649822013e-01
1.373209911942479544e-01
1.373135423809292710e-01
1.372214762330059290e-01
1.372206321328883205e-01
1.371537557095288129e-01
1.370864350229502870e-01
1.371577688872817891e-01
1.371938134431834322e-01
1.371426605969665036e-01
1.370362192288040182e-01
1.370193059071901365e-01
1.369433292523024037e-01
1.368547638729214200e-01
1.368032241538162386e-01
1.368072821661834026e-01
1.368458184733987171e-01
1.368257505655285644e-01
1.367341490820046523e-01
1.367061576828360880e-01
1.366540403634311507e-01
1.365988128885627095e-01
1.365665661096572003e-01
1.364626320302487761e-01
1.363970752060414404e-01
1.363327462613577734e-01
1.362077076658604335e-01
1.361573426350949911e-01
1.360434287860984859e-01
1.359378399804237192e-01
1.359267893001435967e-01
1.357900895178318079e-01
1.357046997547144973e-01
1.357018262743951154e-01
1.357196608006954186e-01
1.355958321824667634e-01
1.355058005869390347e-01
1.354634432315822423e-01
1.353724341586229896e-01
1.351740299493070507e-01
1.350413137167690847e-01
1.349800942450763985e-01
1.348997270286085848e-01
1.348983498126271052e-01
1.347834485352042699e-01
1.345963396757837161e-01
1.345773025691504587e-01
1.345442675188183723e-01
1.344613615363839665e-01
1.342941015958786510e-01
1.340566758871074571e-01
1.339748146533970008e-01
1.339253120049834489e-01
1.338461237847804186e-01
1.337450992166993313e-01
1.335245743095877513e-01
1.333779524862767629e-01
1.333510086536406902e-01
1.331960075944657595e-01
1.330191037744279381e-01
1.328298053950066338e-01
1.326051134884356497e-01
1.324121292084456392e-01
1.323181313425302874e-01
1.321784083172674040e-01
1.319719890609382662e-01
1.318724057570100916e-01
1.318272359251974613e-01
1.316246706068516237e-01
1.312216711461539342e-01
1.310667945981027760e-01
1.310023922085760684e-01
1.308282897010450141e-01
1.305208097264172751e-01
1.303826819911595158e-01
1.303395596191291583e-01
1.301892380490894952e-01
1.298842737928036783e-01
1.297496093809607232e-01
1.294834287911657000e-01
1.292665809094907803e-01
1.292358034551147894e-01
1.291214977651833351e-01
1.288747158497570433e-01
1.285047402173283004e-01
1.281574634581806593e-01
1.280558341100809516e-01
1.278348653644321986e-01
1.275434854865069301e-01
1.273199127569791811e-01
1.272546947970988607e-01
1.269336058303714987e-01
1.265677904814481447e-01
1.263544530749324546e-01
1.262082600235938656e-01
1.259078260540958394e-01
1.256304853200909399e-01
1.254646460056302315e-01
1.252180469393729956e-01
1.251554836511609425e-01
1.250438786745072806e-01
1.247242972835898994e-01
1.243713510319593013e-01
1.242759253710506162e-01
1.240918489605188357e-01
1.237384589374065647e-01
1.235976280577481407e-01
1.232388930276040462e-01
1.228377344384789099e-01
1.226602067500354026e-01
1.228755473554133115e-01
1.225598653346301886e-01
1.223050256505604366e-01
1.221755571104586602e-01
1.217440097406505828e-01
1.217094395123417550e-01
1.215180202759797434e-01
1.210360632278021376e-01
1.205855854228135154e-01
1.205696794204410005e-01
1.205280768312512740e-01
1.203694974631070308e-01
1.202019926905636554e-01
1.197540956363083026e-01
1.194303851947188938e-01
1.194897572509947964e-01
1.197747627764935707e-01
1.191731239557262401e-01
1.188319991916420987e-01
1.186592494204640469e-01
1.183168032743036058e-01
1.181253537446262658e-01
1.182911371886726237e-01
1.181777811139820278e-01
1.175849127277727169e-01
1.174033331014216891e-01
1.171206071645019831e-01
1.170256678998467526e-01
1.171024752728642010e-01
1.168015146255488579e-01
1.164578120708468500e-01
1.161454250812529315e-01
1.158694312572481344e-01
1.156213679313657372e-01
1.156450190544124484e-01
1.154554193109277177e-01
1.151249429658051104e-01
1.149571034319701868e-01
1.147388373166319531e-01
1.147264451488849701e-01
1.147282851308585039e-01
1.145273957423866423e-01
1.143792662672700466e-01
1.139201668590307803e-01
1.134885609552261920e-01
1.134079876393081637e-01
1.148122683137658001e-01
1.142412131845946255e-01
1.137902203738690721e-01
1.135366869159038228e-01
1.132741070911290199e-01
1.131515082791445109e-01
1.133729485049847219e-01
1.133001764744522161e-01
1.131844668641686508e-01
1.129820322915914693e-01
1.126176485836507396e-01
1.123594680532817441e-01
1.120540951386098522e-01
1.117362613067026805e-01
1.118447285860778573e-01
1.117533445708452644e-01
1.113798171170053142e-01
1.111825212955478426e-01
1.111055764421821634e-01
1.109720429778094652e-01
1.108375987708564159e-01
1.109730990350248359e-01
1.109355166912078250e-01
1.107296076893810183e-01
1.105342444896701970e-01
1.103825710415840267e-01
1.101106769263743845e-01
1.096911711215974999e-01
1.091792049229144551e-01
1.089840337336068082e-01
1.090838838562369767e-01
1.091219128489493151e-01
1.090750596530739164e-01
1.089740342572332044e-01
1.086788187623022733e-01
1.085705688968304494e-01
1.085093077868223566e-01
1.085380666181445380e-01
1.087997455514965600e-01
1.086842641018330030e-01
1.084191263124349019e-01
1.082625449247662103e-01
1.078759308680896922e-01
1.075675595171753651e-01
1.077322619631882888e-01
1.076048794716596146e-01
1.074878118187191645e-01
1.074081952646373656e-01
1.071617922559384845e-01
1.066594467237589328e-01
1.064911097288131908e-01
1.063335748314857138e-01
1.062516010746362705e-01
1.064653325647119120e-01
1.064813015185298584e-01
1.064621136724945016e-01
1.064147679023441512e-01
1.062969239629802942e-01
1.061832365289328561e-01
1.062098440691833651e-01
1.059720762878657296e-01
1.057656007617712446e-01
1.054623172253370822e-01
1.054101852923627070e-01
1.053771359205245561e-01
1.053772540330891044e-01
1.055928389906881787e-01
1.056714502841236275e-01
1.057089436411861871e-01
1.056768317878246932e-01
1.056203739821914012e-01
1.055743543744082635e-01
1.053683808267115718e-01
1.052851926714178515e-01
1.053866292178634034e-01
1.053276762843135539e-01
1.053275286436083785e-01
1.052910097151997515e-01
1.054350110769272653e-01
1.057996024161573373e-01
1.057819667339321701e-01
1.055882065840066247e-01
1.056499561585489966e-01
1.054985943965609241e-01
1.055962464317679733e-01
1.061801283784211819e-01
1.064962781965734240e-01
1.067074544057245444e-01
1.068769543372095343e-01
1.068848702751101637e-01
1.069960847720502761e-01
1.071652067176993295e-01
1.073212215833363459e-01
1.075096744716162733e-01
1.078018626093866922e-01
1.080369645774366255e-01
1.081941767871378440e-01
1.084240206241605664e-01
1.087727262854578519e-01
1.090027842879294079e-01
1.092004663825039135e-01
1.093738517761228962e-01
1.094506411671638674e-01
1.096008828319607192e-01
1.097637757807966574e-01
1.099160775490109904e-01
1.100780103489755885e-01
1.102590353399518358e-01
1.104403336040672007e-01
1.106347120501098846e-01
1.107750119574364284e-01
1.108867289714510762e-01
1.110337646923959254e-01
1.111165664538739939e-01
1.113031534329057964e-01
1.116288466244935579e-01
1.117966754183175732e-01
1.119118605867026467e-01
1.120317066401240597e-01
1.119994497701520680e-01
1.120997659027573173e-01
1.122796420872215206e-01
1.125146880820390299e-01
1.126149008035661758e-01
1.127188407324250935e-01
1.127741834104062646e-01
1.126547436147932180e-01
1.127051860615611162e-01
1.128530565172435746e-01
1.129097848802803061e-01
1.129996491074558573e-01
1.130348827391866040e-01
1.128902918919921783e-01
1.129635881870983266e-01
1.132977758422490377e-01
1.133565561957656509e-01
1.133399792052809663e-01
1.133847828805447377e-01
1.132877217940986697e-01
1.131810055710377599e-01
1.132308916747572086e-01
1.134923560246822033e-01
1.135235000848768133e-01
1.135088157117371682e-01
1.135229460969563176e-01
1.135083429753777212e-01
1.134750593811277714e-01
1.134042523384089646e-01
1.134006034046415728e-01
1.133801649436355641e-01
1.133865616574885188e-01
1.135675901368257967e-01
1.135651747494935554e-01
1.133567497208717995e-01
1.133107022449370005e-01
1.133052731633189536e-01
1.132179277345537471e-01
1.133045197397472420e-01
1.134433099843565329e-01
1.134752755559979703e-01
1.134464637041096707e-01
1.134199192807076595e-01
1.133645113050937153e-01
1.132903730407355952e-01
1.131310991145665773e-01
1.131095770083367508e-01
1.131209067650142119e-01
1.131496447592970356e-01
1.132885561436411948e-01
1.133451753839847531e-01
1.134051329880951531e-01
1.134217657208438784e-01
1.132950039125975028e-01
1.133741571083668603e-01
1.135108896933491318e-01
1.134216253913938460e-01
1.133890320301057519e-01
1.133572658739979422e-01
1.133721481814977811e-01
1.133702278837561001e-01
1.133631928324701083e-01
1.134242669105525875e-01
1.134748173415657535e-01
1.134914705514903921e-01
1.134744750581680728e-01
1.134931941837069302e-01
1.135089965224268804e-01
1.134878627404567325e-01
1.134686150401830879e-01
1.134867415949698116e-01
1.135096452906727005e-01
1.135307031050329235e-01
1.134876054674384405e-01
1.135261400863532139e-01
1.135733429640534142e-01
1.135731214582921672e-01
1.135689128488306388e-01
1.135718367248773897e-01
1.134966355189677978e-01
1.135206541270016717e-01
1.136104968637223489e-01
1.136731313094495044e-01
1.138131258822980968e-01
1.138637126930060195e-01
1.138093311332167845e-01
1.138268652364616274e-01
1.138279643863436691e-01
1.138365349292752016e-01
1.138885192215444153e-01
1.139585673540829958e-01
1.138729726552965837e-01
1.138375315040350971e-01
1.138817412637171261e-01
1.138665505684914037e-01
1.138940606370572733e-01
1.139353220492597824e-01
1.139738080963495215e-01
1.139789749994878226e-01
1.140390070326622873e-01
1.141630496144298151e-01
1.142198117360472692e-01
1.142349041596054104e-01
1.142763533011074556e-01
1.142939411401749789e-01
1.143591408759354333e-01
1.144407369010151526e-01
1.145026829428966164e-01
1.145670790784058674e-01
1.146379251591864296e-01
1.146214313060049533e-01
1.147419434413310541e-01
1.148681851863864178e-01
1.148563565611841059e-01
1.148951556324954298e-01
1.149456947803499385e-01
1.148876585125923333e-01
1.149233214855194946e-01
1.149898235462601948e-01
1.150444488264621840e-01
1.151036422029139833e-01
1.152099334634837935e-01
1.153253461569552080e-01
1.154741524457932322e-01
1.155669005274774508e-01
1.156999891638756522e-01
1.157839111566546092e-01
1.157967064380647643e-01
1.157808236449959366e-01
1.158546731494363435e-01
1.159602272517979565e-01
1.160167748764160262e-01
1.161149997755883678e-01
1.163170343905688270e-01
1.163695396691559747e-01
1.163763779811556737e-01
1.164864032492045759e-01
1.164776180684569257e-01
1.165741340070958199e-01
1.166878140717742263e-01
1.168816351890567540e-01
1.170209692418579944e-01
1.171382762148971690e-01
1.172651613876224130e-01
1.174009264573453726e-01
1.175231725476681005e-01
1.176545050442223128e-01
1.177518887713549928e-01
1.178069990426302144e-01
1.179412017345430469e-01
1.181264218032358759e-01
1.182290612727402435e-01
1.183346579506988488e-01
1.185025034978981068e-01
1.185907699018716316e-01
1.186482252910736335e-01
1.188457977890969575e-01
1.189849488273260758e-01
1.190828169405460379e-01
1.192400947079066409e-01
1.193743711456652645e-01
1.195600631877780651e-01
1.196708837583662505e-01
1.197513470962638799e-01
1.198947461552919425e-01
1.200494861796495144e-01
1.201490846313536670e-01
1.202608109727503621e-01
1.204485531494018380e-01
1.206748717784878605e-01
1.207527400180695293e-01
1.208974662423135393e-01
1.210526454426351928e-01
1.211487486943599312e-01
1.213570670373737559e-01
1.215739534378053599e-01
1.217701864019039432e-01
1.219482941240074420e-01
1.220978503391150771e-01
1.223530368067320961e-01
1.226904194645583729e-01
1.230369899265464223e-01
1.233296116426587791e-01
1.234403336569665499e-01
1.235900893479586898e-01
1.238094979912047061e-01
1.240216862052682389e-01
1.242341104522344669e-01
1.245250672101975292e-01
1.248269099548462852e-01
1.250731279626485504e-01
1.254040405154232263e-01
1.258835296332833920e-01
1.262705080211160291e-01
1.266685244113205100e-01
1.269109562188382168e-01
1.271222454637289945e-01
1.274726945519447374e-01
1.278379135251044019e-01
1.281069142967461161e-01
1.284736087828877715e-01
1.286901993334292060e-01
1.287853699207301139e-01
1.291775170058008515e-01
1.295825158089398410e-01
1.297563312381509737e-01
1.299924428254370379e-01
1.303065063953404434e-01
1.306230457350616436e-01
1.309981127634649301e-01
1.312672233581547443e-01
1.314803476631640489e-01
1.316703161567448488e-01
1.318044291526083711e-01
1.320446436420079084e-01
1.323658156126739371e-01
1.326203715264792637e-01
1.328369925767188264e-01
1.330348821818825023e-01
1.331605893522505579e-01
1.333883933544162126e-01
1.336158173158764895e-01
1.339385112851862181e-01
1.342956705808637796e-01
1.344663897156713750e-01
1.346193908333777889e-01
1.348493576526640925e-01
1.350175674319264163e-01
1.352607468366622268e-01
1.355399069428445957e-01
1.357313714623454015e-01
1.359619605988268143e-01
1.361667497232557089e-01
1.362935797959561324e-01
1.364867339253430512e-01
1.367350336372849251e-01
1.370297202885153720e-01
1.372818961203097765e-01
1.375596757292746330e-01
1.378139556616541084e-01
1.380334449559448839e-01
1.382478493854402968e-01
1.384883992671966657e-01
1.386990829706189476e-01
1.388347098678348324e-01
1.390118242368104107e-01
1.392182280033826547e-01
1.394294663429256620e-01
1.396148178160193931e-01
1.398927958726881304e-01
1.402158458888527193e-01
1.404336569309230232e-01
1.406747248023748620e-01
1.409182832419873244e-01
1.410813108801845794e-01
1.412662762895225133e-01
1.415531694233412574e-01
1.418635960116986228e-01
1.422048311024901590e-01
1.425185417711738733e-01
1.426829372361307358e-01
1.428763887122274368e-01
1.432198906183246301e-01
1.435577285408972392e-01
1.439842010512943360e-01
1.443567176386715556e-01
1.445933954179285941e-01
1.448916303426031615e-01
1.452524626731868385e-01
1.456330397963525036e-01
1.460306395053863615e-01
1.465258877277378080e-01
1.468962630271908043e-01
1.471857324600222838e-01
1.475364522457124072e-01
1.478841662406916724e-01
1.481751238346096233e-01
1.485105134144420747e-01
1.489764964520934598e-01
1.494071502879261715e-01
1.497845303982491827e-01
1.501924220919605979e-01
1.505563953742382055e-01
1.509975684136151408e-01
1.514971274524926637e-01
1.518057496875526713e-01
1.521117666721345796e-01
1.525271109580991769e-01
1.528836360454562115e-01
1.532590626820921620e-01
1.537053056508299598e-01
1.541110547557474064e-01
1.544219939917322870e-01
1.547409936875107916e-01
1.551686654686924849e-01
1.555209004431958586e-01
1.559076058417558364e-01
1.564348751157517148e-01
1.568866159915928982e-01
1.573276723623276141e-01
1.577761857807640777e-01
1.581809762835506283e-01
1.586337650701405144e-01
1.590973166048526566e-01
1.595333915293218330e-01
1.600000849381093271e-01
1.604911463320256859e-01
1.609514859840272538e-01
1.613873027086253353e-01
1.618579354226584721e-01
1.623549570664766517e-01
1.628679104000325395e-01
1.633689150452612704e-01
1.638677933692930522e-01
1.644271900534632069e-01
1.649642216786739446e-01
1.654648646354678898e-01
1.660805327773094420e-01
1.666792280554769690e-01
1.671523070782421350e-01
1.676440722793337279e-01
1.682201034352179270e-01
1.687441005483266143e-01
1.691804154932494975e-01
1.697789602875707238e-01
1.703718436896804744e-01
1.708429776728151162e-01
1.714303471148013180e-01
1.720378115504977989e-01
1.725949279278513604e-01
1.732495411455627909e-01
1.738909002184866881e-01
1.745155994653703746e-01
1.751508344560858688e-01
1.757192868366840299e-01
1.763578650057315289e-01
1.769834825843572546e-01
1.775872632637621185e-01
1.782496836110952498e-01
1.788487312421199460e-01
1.794526298791172814e-01
1.800960590541363926e-01
1.806620933040971599e-01
1.812689703702925759e-01
1.819395430564877125e-01
1.826204778313640364e-01
1.832727165222170773e-01
1.839677634000782824e-01
1.846608637809755982e-01
1.852954085394735995e-01
1.859612054228786671e-01
1.866544864252208669e-01
1.873498611748216913e-01
1.880182088911534488e-01
1.887153824940328017e-01
1.895032065063714521e-01
1.902682352140547262e-01
1.910055143982173909e-01
1.916852604120968528e-01
1.923243048012251988e-01
1.929999565780161908e-01
1.936867689639325263e-01
1.943685153082017059e-01
1.951549122959371496e-01
1.958931480884552878e-01
1.965810989797110442e-01
1.974103547632694577e-01
1.981988390743729678e-01
1.988874855637549899e-01
1.996153286889197076e-01
2.003219185531138480e-01
2.010424776077266440e-01
2.018446260392670610e-01
2.026333635747430140e-01
2.033989636301997972e-01
2.042118702530858199e-01
2.050046163201334481e-01
2.057185033708811561e-01
2.065770217776303486e-01
2.074084800451993504e-01
2.080914971783756340e-01
2.088775909408926157e-01
2.096333732485767820e-01
2.103116896748547515e-01
2.112095099568364331e-01
2.120770629912616112e-01
2.127794576466085497e-01
2.135439846038816591e-01
2.143452341079715717e-01
2.151419159889221555e-01
2.159811357021332312e-01
2.167730584144595685e-01
2.175103169918058132e-01
2.182584778279067772e-01
2.190318693667652750e-01
2.198681531220674501e-01
2.207111563831571366e-01
2.215290941193704399e-01
2.223480486229064135e-01
2.231577932775021533e-01
2.239634561270471835e-01
2.247582881942388477e-01
2.255275831922885776e-01
2.263449920564888085e-01
2.271241651177405285e-01
2.279023507833480289e-01
2.287479593604804795e-01
2.295269408375022469e-01
2.302223621159796840e-01
2.310016079515222198e-01
2.318699419811373064e-01
2.326238381117582965e-01
2.333306387588383046e-01
2.340992853835221765e-01
2.348360585629944708e-01
2.355916198343039891e-01
2.364076124504206899e-01
2.372821060270070559e-01
2.380580173805355026e-01
2.387255914390087053e-01
2.394577670618894816e-01
2.402617647707460113e-01
2.410672213196755065e-01
2.418732820346955192e-01
2.427665342316029096e-01
2.436312285289165824e-01
2.443839457988737363e-01
2.452482274949553398e-01
2.460602267205720117e-01
2.467699597835540937e-01
2.475851419329647141e-01
2.483051900267602696e-01
2.489615545570849908e-01
2.497704526484012533e-01
2.506347249269486044e-01
2.513780289888380981e-01
2.521643996447328617e-01
2.529115063011648235e-01
2.536030396938325771e-01
2.543639302968976335e-01
2.552275897741316246e-01
2.559722956061366017e-01
2.566593671441074753e-01
2.574293377280233441e-01
2.581285275667904999e-01
2.588417908877132523e-01
2.597139699369669374e-01
2.604638222038743733e-01
2.611466881006959673e-01
2.619609616786241491e-01
2.627212215989827016e-01
2.633832993268963585e-01
2.641537415981289327e-01
2.649193195939060219e-01
2.656441850781440794e-01
2.663826705336572731e-01
2.671486317753792861e-01
2.678574893712997174e-01
2.685757512331010677e-01
2.694182142615318409e-01
2.701631854176520520e-01
2.708259355783463884e-01
2.715317272067073184e-01
2.721698906660078854e-01
2.729412173509599970e-01
2.738461481183763202e-01
2.745649124979974154e-01
2.753081148266795508e-01
2.759546802163128643e-01
2.765550202488902820e-01
2.773521718144417725e-01
2.781273309588432885e-01
2.788665239453315681e-01
2.796969299137593845e-01
2.803983998596669136e-01
2.811092160552741692e-01
2.818165826886888103e-01
2.824795472651718820e-01
2.831346102803946052e-01
2.837404949218034211e-01
2.844590652614831794e-01
2.851818222492933930e-01
2.858915475577120113e-01
2.866481559753421005e-01
2.873380281567571859e-01
2.879974470257757879e-01
2.887079555273056597e-01
2.894134228706364831e-01
2.901111096113915822e-01
2.908160045206542588e-01
2.914436094850303416e-01
2.920166221618649693e-01
2.925451688170433995e-01
2.931942561864855357e-01
2.939694354534148069e-01
2.947169676423074258e-01
2.953881903588774227e-01
2.960959025025369784e-01
2.967342316806315661e-01
2.972469405531882880e-01
2.978272639214988859e-01
2.984593454480166108e-01
2.991544901102780596e-01
2.997729592323305492e-01
3.003533125877380083e-01
3.009808450698852611e-01
3.015855066657062711e-01
3.022025154113772150e-01
3.028432439297435996e-01
3.034285286307335516e-01
3.040342791914940612e-01
3.046759446322921949e-01
3.053613998234271931e-01
3.059626444965601322e-01
3.064176810801028106e-01
3.069007394075393691e-01
3.076010107040409447e-01
3.082648778915409449e-01
3.089599878728394033e-01
3.096101295292376654e-01
3.102049020230773224e-01
3.107242966443296561e-01
3.112301699757576423e-01
3.119048139810566833e-01
3.126650101661679892e-01
3.133759294152258512e-01
3.140000430345531446e-01
3.145855550318956140e-01
3.152093479156491407e-01
3.157000126123425399e-01
3.162946268409492778e-01
3.170495310455555549e-01
3.176694973468784378e-01
3.182521747738121243e-01
3.189056557416919402e-01
3.193441836714742132e-01
3.197890944302083094e-01
3.204632412433621180e-01
3.210964057534936855e-01
3.217707242578271010e-01
3.224625498294830250e-01
3.229289356231689889e-01
3.233697920739653231e-01
3.238472356200214342e-01
3.244059276401997094e-01
3.248855449855323485e-01
3.254580095887182334e-01
3.260158016681667936e-01
3.264682946711779943e-01
3.269641992717985390e-01
3.274647983729839229e-01
3.279578416347508907e-01
3.284469615161416112e-01
3.289098618417973796e-01
3.294775335192684507e-01
3.299959270626302010e-01
3.306063994675871309e-01
3.312105005264281976e-01
3.317518812417981078e-01
3.323280566483733933e-01
3.328273045182228995e-01
3.333797961413860200e-01
3.339036175727839728e-01
3.344657223969701998e-01
3.350560523718595918e-01
3.355654548287396177e-01
3.358868521302934007e-01
3.363322737962012310e-01
3.367697467803951183e-01
3.372029332578179717e-01
3.378381136476994451e-01
3.382881291151047520e-01
3.385525392919783161e-01
3.389094487845894510e-01
3.391519380748276857e-01
3.395003281116485971e-01
3.400197310209276402e-01
3.404494547277684413e-01
3.409404271244999007e-01
3.413522682219745086e-01
3.416820717841390076e-01
3.420997542142863446e-01
3.425954431176189141e-01
3.430364567488435323e-01
3.436324221193787776e-01
3.440890582561489386e-01
3.443700070202350694e-01
3.447846460461614360e-01
3.451422391384841859e-01
3.455611756294965642e-01
3.460010859966273222e-01
3.464756477832795500e-01
3.469986161708831784e-01
3.473894264996051362e-01
3.478090162307024280e-01
3.481417695462704076e-01
3.483969152510166811e-01
3.487457265198235512e-01
3.491286249428985911e-01
3.494458577036854696e-01
3.496997383356094113e-01
3.500246661901476042e-01
3.503983971476557491e-01
3.507248032093050472e-01
3.510757552355523448e-01
3.514279419809582805e-01
3.516721438705923131e-01
3.519508872985842585e-01
3.522915896892548360e-01
3.525359921306370770e-01
3.526630999803544442e-01
3.529575218617916343e-01
3.533962954431774106e-01
3.539293559938666567e-01
3.543212532520298441e-01
3.545571263909343962e-01
3.547924468874931736e-01
3.548768998593095358e-01
3.550988050401206464e-01
3.555678032338614458e-01
3.559109158515933458e-01
3.562332141309978439e-01
3.565858702987432238e-01
3.568713314086196520e-01
3.571093600273136937e-01
3.573470827102659952e-01
3.576755979537962760e-01
3.580039658546445569e-01
3.583128605455161431e-01
3.588448022305965601e-01
3.591823301762341880e-01
3.593714990466832515e-01
3.596284092307087676e-01
3.597820426404478300e-01
3.600031856119636497e-01
3.603869945883749204e-01
3.606670363724230333e-01
3.608992309331897630e-01
3.611614451408388105e-01
3.614561589360233973e-01
3.617397959232330207e-01
3.620903651118281830e-01
3.623457971692088386e-01
3.625739975690840389e-01
3.628420527696607500e-01
3.631124939560894105e-01
3.633545352101324455e-01
3.635912835299964785e-01
3.639520905613902180e-01
3.644613733679052947e-01
3.647003894984719441e-01
3.649293977916240883e-01
3.651587889432909573e-01
3.652410151720045239e-01
3.654289468318223655e-01
3.657055488407615629e-01
3.659279376804833728e-01
3.661390480607749076e-01
3.664621312618257520e-01
3.667781906127926539e-01
3.672443295717239820e-01
3.675737273693084339e-01
3.677205637067560984e-01
3.680005249679086932e-01
3.682430069267747519e-01
3.684526048183437430e-01
3.688159376740452466e-01
3.691191860735416608e-01
3.692970819354055023e-01
3.695657714962958251e-01
3.698664282858371566e-01
3.700867532730098275e-01
3.702554356306788641e-01
3.705540597438810035e-01
3.708679502844809961e-01
3.711280711501832585e-01
3.715018715232613622e-01
3.716954913616180578e-01
3.717671272695062257e-01
3.718819452255960334e-01
3.718134442269800943e-01
3.720049213647846353e-01
3.723370443940163810e-01
3.726090770125388696e-01
3.729965277403591295e-01
3.731822761058809501e-01
3.731480378210543791e-01
3.732428516864773060e-01
3.735162073940039851e-01
3.739082398414614317e-01
3.743031826883553292e-01
3.747221335172649104e-01
3.750436357855795322e-01
3.749839442908760034e-01
3.749412383258344805e-01
3.749564567148689354e-01
3.749072286486626604e-01
3.752802127838135715e-01
3.755819495469336355e-01
3.759906314551830775e-01
3.763337991803888949e-01
3.765905087113384786e-01
3.768729639172552215e-01
3.770677563995125658e-01
3.774776271760460489e-01
3.779501785337920916e-01
3.783628355115654651e-01
3.789033288985493297e-01
3.793082379341128907e-01
3.796446212440724999e-01
3.800091615647073762e-01
3.788475115299223539e-01
3.789753942191597114e-01
3.792462646663192771e-01
3.792658310174940040e-01
3.792387144953011657e-01
3.793303259074689571e-01
3.791907996594906516e-01
3.792911127954717854e-01
3.796307364255191441e-01
3.798335087299350987e-01
3.798466326624150846e-01
3.796428695559506128e-01
3.796915399670599545e-01
3.797689804673198277e-01
3.797722047448159333e-01
3.798757506459949362e-01
3.799507806479934247e-01
3.797114254474636130e-01
3.795300998270508264e-01
3.796766300201417921e-01
3.797743695795534613e-01
3.799176068902016534e-01
3.801829671859744408e-01
3.803055184364323438e-01
3.802527671813960564e-01
3.803440802723164760e-01
3.805956711620097077e-01
3.805752323150636274e-01
3.803320669025186396e-01
3.803770072996620066e-01
3.803413741588595465e-01
3.803606126636269735e-01
3.804227636635298948e-01
3.805679253071551638e-01
3.806262237310410468e-01
3.806058464944365727e-01
3.807574252635236856e-01
3.807814943194390289e-01
3.807858860492702724e-01
3.807967662215228644e-01
3.804407938688989521e-01
3.802535423696041805e-01
3.803139846324921081e-01
3.802903556138274577e-01
3.802203342854980628e-01
3.801936608552937691e-01
3.801806520938875167e-01
3.800964477002620745e-01
3.800261505067351608e-01
3.800681120395659751e-01
3.801749495118854627e-01
3.800032002210617654e-01
3.797978525161739838e-01
3.796075370669364513e-01
3.794751678705212128e-01
3.792452324599029923e-01
3.793110667705539285e-01
3.794045888692142432e-01
3.793527278065683683e-01
3.794761299848553038e-01
3.795942018002269602e-01
3.793043962299822436e-01
3.788873969852928902e-01
3.784732746511699775e-01
3.779720805287362650e-01
3.777727639079089261e-01
3.778115306138990492e-01
3.782784895777697720e-01
3.785742666810750778e-01
3.784808307170869357e-01
3.781531282514334347e-01
3.776090633124110085e-01
3.771101983487608611e-01
3.770821181952953571e-01
3.769808884561060558e-01
3.767801297068595900e-01
3.767660623848437806e-01
3.769657371908430865e-01
3.768392824232573712e-01
3.765649470895529594e-01
3.764453553915028117e-01
3.760768112897869830e-01
3.759379522562026898e-01
3.760160137146708048e-01
3.759435640811916723e-01
3.759930280327797303e-01
3.758659849345687420e-01
3.757970062077047313e-01
3.756495683044192013e-01
3.758229287266732777e-01
3.756281201541427639e-01
3.753812755227086129e-01
3.751792994499204004e-01
3.749357409238812666e-01
3.748889032721520187e-01
3.748415640681981298e-01
3.746713785588742796e-01
3.746632325112816964e-01
3.746289253562692934e-01
3.747241079896687088e-01
3.746850781440739242e-01
3.746747544229033777e-01
3.746799251794810659e-01
3.746945664763454698e-01
3.747944161534308427e-01
3.746554387211799009e-01
3.744046236813066697e-01
3.742511367827654478e-01
3.740861063241955331e-01
3.739889575123787058e-01
3.740178130567076153e-01
3.741923329949375376e-01
3.742449390411380361e-01
3.741818559944628531e-01
3.742619134664534331e-01
3.743652386069296623e-01
3.743702653884887210e-01
3.743427334457631872e-01
3.745713901877404384e-01
3.747923861235382681e-01
3.746790959507223517e-01
3.746726056158546925e-01
3.747755375564100766e-01
3.746779430627822371e-01
3.743174488842486713e-01
3.743386478304860931e-01
3.744950913906102130e-01
3.743809479266404505e-01
3.743004355430599728e-01
3.743251068115237001e-01
3.743057602226738112e-01
3.742760907769198675e-01
3.743556555360559868e-01
3.744892433047297686e-01
3.745034982025626791e-01
3.743621528446676172e-01
3.743192346096038126e-01
3.744483731091021728e-01
3.744105696976187114e-01
3.743800927430395720e-01
3.743679721951483907e-01
3.741264452219013603e-01
3.738523604214196161e-01
3.737003810405727378e-01
3.738342383503915900e-01
3.738057788997885544e-01
3.737631158471102499e-01
3.736953091800215843e-01
3.737602464437489447e-01
3.735611531674865593e-01
3.733845259547236561e-01
3.735412830114362981e-01
3.736951067984106700e-01
3.740085672050716403e-01
3.740908039063212120e-01
3.739558107852939961e-01
3.736776810407637650e-01
3.733918948173526875e-01
3.733164442062374966e-01
3.734528306633231320e-01
3.737896589040753947e-01
3.741802221626039926e-01
3.743241992890838366e-01
3.740562584280964775e-01
3.739786409020424141e-01
3.739696606993676009e-01
3.737110563606026448e-01
3.736330957323308888e-01
3.736485852420326492e-01
3.735371022939679153e-01
3.734511585295204328e-01
3.733397583007810883e-01
3.733319113343958051e-01
3.732194858789441017e-01
3.731371237635608962e-01
3.728990756511689209e-01
3.727365297526124555e-01
3.728030227124694562e-01
3.728943975389003573e-01
3.727620428711175826e-01
3.725318171977995418e-01
3.724255341470237846e-01
3.722820923328399867e-01
3.722708144962792454e-01
3.722209358572955984e-01
3.722514929294589159e-01
3.720677865922453198e-01
3.716509928613898617e-01
3.714053211867811566e-01
3.711391841173172224e-01
3.710165095388892609e-01
3.707938235044481168e-01
3.705259709358215137e-01
3.702958118140697863e-01
3.700499394536018727e-01
3.699562068790198666e-01
3.696623513221744539e-01
3.694249149650336572e-01
3.691160789966579925e-01
3.689228766411541405e-01
3.686679828286166249e-01
3.686065978556872791e-01
3.686155403137210129e-01
3.682964378595348642e-01
3.682213651806119925e-01
3.681582114577290343e-01
3.680002172291277907e-01
3.678436153352256932e-01
3.675870825737712067e-01
3.673899841904637031e-01
3.673729934692387400e-01
3.673785010993476652e-01
3.671519806265835517e-01
3.668045077085492767e-01
3.664561639606956356e-01
3.658607531607155350e-01
3.652544946670531756e-01
3.649305009216072815e-01
3.648513616383080582e-01
3.647555856704715604e-01
3.647047045707699220e-01
3.644817626953125167e-01
3.640375591486694207e-01
3.638351798057553599e-01
3.635211710125210161e-01
3.633498766869308616e-01
3.633281137377020187e-01
3.630819221735004931e-01
3.625729434013365560e-01
3.624080291032794610e-01
3.622711172014477787e-01
3.622502916038033427e-01
3.624090819001195007e-01
3.625532374620438758e-01
3.624705619812008117e-01
3.622176979064937186e-01
3.619528175830845629e-01
3.617691548585889039e-01
3.615537753403181842e-01
3.612428007245068184e-01
3.609855015277859125e-01
3.607158765435222736e-01
3.605794318497178019e-01
3.605768609493970600e-01
3.605356348782774445e-01
3.605556383728982239e-01
3.603935915231701315e-01
3.602544116556642417e-01
3.600123712658881980e-01
3.595048192352056637e-01
3.591103372842074926e-01
3.589443326532836820e-01
3.587205263972278457e-01
3.586224738985301363e-01
3.584893256276845408e-01
3.580002430558203441e-01
3.575739014148716644e-01
3.573897965610026151e-01
3.574017060339453877e-01
3.572449856847522143e-01
3.571851210713384850e-01
3.570715019702913606e-01
3.567540175199513386e-01
3.564363266468051905e-01
3.565216091930871189e-01
3.563876593470574616e-01
3.560717464447024638e-01
3.559995671868324552e-01
3.557554460227486115e-01
3.553402949064967675e-01
3.549870283603672183e-01
3.548195859283211351e-01
3.545936785459518625e-01
3.544555362552407884e-01
3.543725214958193814e-01
3.545684829711913122e-01
3.543482615947719516e-01
3.538947535455224114e-01
3.536028129458428371e-01
3.531635217666624360e-01
3.528394783020020742e-01
3.529248773783446591e-01
3.529920040607451570e-01
3.528718108534808495e-01
3.526546154022220381e-01
3.523086920738216499e-01
3.517342709183693961e-01
3.514370540380473695e-01
3.514522504687310200e-01
3.513227723121641333e-01
3.512934554636475970e-01
3.511442546397451347e-01
3.508806783854963585e-01
3.506713813126091650e-01
3.505647746771574091e-01
3.503937237977978736e-01
3.501131118178369417e-01
3.499696707457299882e-01
3.498625403285022806e-01
3.495458851039414117e-01
3.492374649047851332e-01
3.494882545471194590e-01
3.496464091390371620e-01
3.494720784246921896e-01
3.494807767271994603e-01
3.497145926028491503e-01
3.496723470479245477e-01
3.496309585690497990e-01
3.497873058289284742e-01
3.497341507613663247e-01
3.496751688569783023e-01
3.495653333663938933e-01
3.495945849716660669e-01
3.495833637535570304e-01
3.496125833153725382e-01
3.498039660513398430e-01
3.498621066361669585e-01
3.498955132395033529e-01
3.498699730038645206e-01
3.497134056568144689e-01
3.498591605186459619e-01
3.501620031863454385e-01
3.501451824009417790e-01
3.501496400624514727e-01
3.503659310847525021e-01
3.504638809233903696e-01
3.503524160087109762e-01
3.504842949897047921e-01
3.507748430430885356e-01
3.509832831859590607e-01
3.515242095887659013e-01
3.517057950854298176e-01
3.515755464613433690e-01
3.515929634571073326e-01
3.512887808740139950e-01
3.513686936259265425e-01
3.518309397041801123e-01
3.521026761114595116e-01
3.523776552796361039e-01
3.527988780677320246e-01
3.531375699877734586e-01
3.533887120485306732e-01
3.538696079850196519e-01
3.541352192908525653e-01
3.541260407507420549e-01
3.542066756129265692e-01
3.545942210197445266e-01
3.549896514236929868e-01
3.552607829332353750e-01
3.557130897045133744e-01
3.559845639616252555e-01
3.558071810007097380e-01
3.560013963878159715e-01
3.563639303058383501e-01
3.567446643948559148e-01
3.573218877911572000e-01
3.576287464886907519e-01
3.576618420839309809e-01
3.579302571445703296e-01
3.580915721952919184e-01
3.583422927379610323e-01
3.587970090240235610e-01
3.594494384050365698e-01
3.599174486994746180e-01
3.599924791246652545e-01
3.599955987185239903e-01
3.599876485347743849e-01
3.598140498757366190e-01
3.599211275279517452e-01
3.602705190390346202e-01
3.603614148795607486e-01
3.604685963690277828e-01
3.604427741408349206e-01
3.602800655543801911e-01
3.603092064559458851e-01
3.605273586332802260e-01
3.607662423282863573e-01
3.609181167483327957e-01
3.610832675814626969e-01
3.611355416655538941e-01
3.609732316970826749e-01
3.610003216773269297e-01
3.612262367844578659e-01
3.613513335317378172e-01
3.615667253196236941e-01
3.617021971195938379e-01
3.618438251495365576e-01
3.615137750387192872e-01
3.614005701363082745e-01
3.614135566025974411e-01
3.613045559108255533e-01
3.616783378064628574e-01
3.621341199606661898e-01
3.621036659836770477e-01
3.618311499834059863e-01
3.614798103809356289e-01
3.611148383021354769e-01
3.611333568155761231e-01
3.612555692821739495e-01
3.612119418382647718e-01
3.611598532378669790e-01
3.610161421924824587e-01
3.608068713426593188e-01
3.609269956499341903e-01
3.606434530466794963e-01
3.603649740278723757e-01
3.602407554388049604e-01
3.600266395658254792e-01
3.598391512989997376e-01
3.599278981208799411e-01
3.599508519917723470e-01
3.598779164403674291e-01
3.598220296859743206e-01
3.599359920322897088e-01
3.597784324228766040e-01
3.593101566195484597e-01
3.591497556030746052e-01
3.588062269181009900e-01
3.582266475170847730e-01
3.580192588090899686e-01
3.579849549055104108e-01
3.583747203201054776e-01
3.588808799207212630e-01
3.590052832365032698e-01
3.588381487369537992e-01
3.586038030683992295e-01
3.581223617196084286e-01
3.576844473302360217e-01
3.576681299209599763e-01
3.577185465902091299e-01
3.578890392273659793e-01
3.578642089962955630e-01
3.575899450153115500e-01
3.573334965825078480e-01
3.570726930320261561e-01
3.565726675540205060e-01
3.563043140709399870e-01
3.560768474638465464e-01
3.555668429374698181e-01
3.552500142753122203e-01
3.550886686027046046e-01
3.548332327246663254e-01
3.543854754209520563e-01
3.541464838594201026e-01
3.540643184483052153e-01
3.537526553571227472e-01
3.532578478574752157e-01
3.530540769696238201e-01
3.528422706902027417e-01
3.529807547539468571e-01
3.535323237419130682e-01
3.539122239500280265e-01
3.540217155754569744e-01
3.537539492547511766e-01
3.533665608555079385e-01
3.532867640852923596e-01
3.534845105499030415e-01
3.537196574598552301e-01
3.537001266539093747e-01
3.533859033882617573e-01
3.527939677685499875e-01
3.525765214025972094e-01
3.523589635580776092e-01
3.519468870162960061e-01
3.515381533205507170e-01
3.510335511237382966e-01
3.508712719380856493e-01
3.509079690456393674e-01
3.509464316189289113e-01
3.510752311348912524e-01
3.507940301418309148e-01
3.506952243924136847e-01
3.506118785738946420e-01
3.502903771817688638e-01
3.505643062055113779e-01
3.508297605514524853e-01
3.508765375316142410e-01
3.507546329587693523e-01
3.507012950897220871e-01
3.505564206540586758e-01
3.502657437801363627e-01
3.500337282836439856e-01
3.495171037316321949e-01
3.490664875030515812e-01
3.491389834642411039e-01
3.488929080069068100e-01
3.485996623039250286e-01
3.482845391571517402e-01
3.477372857928271443e-01
3.477352838248015665e-01
3.476499971091751018e-01
3.472660577327008058e-01
3.471093654483555224e-01
3.469012679636481189e-01
3.466722402781243773e-01
3.467549632370467982e-01
3.467037972211836627e-01
3.465158957988028199e-01
3.464563845098020400e-01
3.465280301511290961e-01
3.464379208326343051e-01
3.462634334564206329e-01
3.464327388882637582e-01
3.463148539990183461e-01
3.461178472876549339e-01
3.465122272074218635e-01
3.462866281092165099e-01
3.458587414085868006e-01
3.459067045450210376e-01
3.454405213356014359e-01
3.452218179106713580e-01
3.456858543276783990e-01
3.457574934959412594e-01
3.455142062723634000e-01
3.452992507964374180e-01
3.449216803550723132e-01
3.446932484507561067e-01
3.441637358069417618e-01
3.433184937685725968e-01
3.430759866952898807e-01
3.428630881965161747e-01
3.426694194853306397e-01
3.430587345510723862e-01
3.430592907428742233e-01
3.423462896347045370e-01
3.423722673773762493e-01
3.426152286052707718e-01
3.419448521822695541e-01
3.419504084289077261e-01
3.423440765053030743e-01
3.420798636853695784e-01
3.422552165448666250e-01
3.423407220840453680e-01
3.417040172696111933e-01
3.412429185658694131e-01
3.416412318170073403e-01
3.420438838720317731e-01
3.417110672146078110e-01
3.416609637022022805e-01
3.420158336430788593e-01
3.412445274502037273e-01
3.407636472880836709e-01
3.414651118159290899e-01
3.406808400571344486e-01
3.403813741356138123e-01
3.415118283748628247e-01
3.408284259796140470e-01
3.401733738064762202e-01
3.403941933304075462e-01
3.397651654928927067e-01
3.395703209936618561e-01
3.399848615109916650e-01
3.399670047640798720e-01
3.402404096782209453e-01
3.404882570564744526e-01
3.406538872718815059e-01
3.407356846332552647e-01
3.405992187023159090e-01
3.413213231384754631e-01
3.410427645027639398e-01
3.403595152616495922e-01
3.406201883107420336e-01
3.392841620326038088e-01
3.386180407404896231e-01
3.394466194987300067e-01
3.392293117463590635e-01
3.398714200377461747e-01
3.418791043609384350e-01
3.416465227574109753e-01
3.407299538373946279e-01
3.413889451503753225e-01
3.399507593750951129e-01
3.386686098217960295e-01
3.395193160265684851e-01
3.393485097318891808e-01
3.396838349729777162e-01
3.402466188311574768e-01
3.394780735731124932e-01
3.394836461812255068e-01
3.406088106930260095e-01
3.422641463577743570e-01
3.438900635182860488e-01
3.432227783203122273e-01
3.418785640716556773e-01
3.409070974171163337e-01
3.399447883307933349e-01
3.403620000183581462e-01
3.404342242240909200e-01
3.404312510222195498e-01
3.411279806494716405e-01
3.406303280353545904e-01
3.406093824625018862e-01
3.414979111611842200e-01
3.422966649144891238e-01
3.431650927543641871e-01
3.436160140991215695e-01
3.433210310459140491e-01
3.414642141401763031e-01
3.403761929690839461e-01
3.406985340178011468e-01
3.398632799684998540e-01
3.389886494994159283e-01
3.400283357799057105e-01
3.406347987771031205e-01
3.403921750009062386e-01
3.416590265750885091e-01
3.416510587871073867e-01
3.397453811794523548e-01
3.388758370578293100e-01
3.381987045288085136e-01
3.379309109151362733e-01
3.397129721939567415e-01
3.407697926729914562e-01
3.402183288216586998e-01
3.400064476370814881e-01
3.383611754447226061e-01
3.373105540335181174e-01
3.388965106368064806e-01
3.394083781600001903e-01
3.388125047922133648e-01
3.397028398811816619e-01
3.385409336984153694e-01
3.355706679522994507e-01
3.367152690023187955e-01
3.380166949421163358e-01
3.374261049866679185e-01
3.396324751228094185e-01
3.416606383770703914e-01
3.406689365386960100e-01
3.413116847872737503e-01
3.423758922666311766e-01
3.424138159811495608e-01
3.431246426582333364e-01
3.425947594463827350e-01
3.403180085510011943e-01
3.387910410165781983e-01
3.355592142343519768e-01
3.351670615673064679e-01
3.369816990494728937e-01
3.384969648122786445e-01
3.435061700940133522e-01
3.436033232420678263e-01
3.403967632859944970e-01
3.390636590301990827e-01
3.345749994903803315e-01
3.328575937986377742e-01
3.340554031938313129e-01
3.360470417976382795e-01
3.374754210144281230e-01
3.389374721467490748e-01
3.389865994840859376e-01
3.373094000458713992e-01
3.370954890489577527e-01
3.387660402059551878e-01
3.415264416575428119e-01
3.426924362897873499e-01
3.412245064973828401e-01
3.404448181629183834e-01
3.388435112804175642e-01
3.354562346935270334e-01
3.357148695230482982e-01
3.369974962145086961e-01
3.374566282689569485e-01
3.410691672563553878e-01
3.419412110388282966e-01
3.392091848552231670e-01
3.343745716869827578e-01
3.322838564962146135e-01
3.345972794294353458e-01
3.367156311035154337e-01
