8.374356489479545251e-02
8.617595901042224282e-02
9.074078687131405252e-02
9.229157843887803025e-02
8.945036876052618602e-02
9.181914591193199304e-02
9.429194267615673142e-02
9.509933100789785820e-02
9.432931176424023956e-02
9.405988586619495884e-02
9.544170789420600154e-02
9.839970792532014288e-02
1.016926028206941307e-01
1.007144696876408480e-01
9.917020371183762895e-02
1.000167512863876923e-01
1.027377080284054972e-01
1.044880364775657572e-01
1.046198723673819886e-01
1.038758554011580681e-01
1.051221778944133878e-01
1.054019400402900625e-01
1.046955816507336295e-01
1.049004655428231875e-01
1.061014775410299288e-01
1.070378217339511551e-01
1.068454338535663045e-01
1.055199078023437848e-01
1.062130266278984853e-01
1.083587655365469554e-01
1.099914216235280545e-01
1.078323466010395193e-01
1.083128191828731240e-01
1.107067541465165256e-01
1.109577642813322496e-01
1.104576864279803866e-01
1.106281813591717261e-01
1.115245366804296923e-01
1.116350677907468614e-01
1.113180335037410595e-01
1.106453832171853668e-01
1.101637916445732807e-01
1.120065279103812650e-01
1.133194736503059935e-01
1.132942365020510600e-01
1.125358144171533376e-01
1.136710205465550627e-01
1.147384928941731080e-01
1.148348978161807810e-01
1.145099933207036069e-01
1.148814515523612911e-01
1.156519422829148380e-01
1.163186195231975806e-01
1.165464476235208158e-01
1.177958055675026317e-01
1.193683200776578801e-01
1.199911285042764841e-01
1.201619033351545296e-01
1.207189672440295014e-01
1.215371221065521673e-01
1.216291827768085920e-01
1.220361003130672334e-01
1.228568697713312841e-01
1.237090426862237497e-01
1.236418127641081277e-01
1.233462930679322112e-01
1.231636254318053819e-01
1.232861753821369727e-01
1.240921396940946331e-01
1.243703272372488344e-01
1.241133486330512209e-01
1.244900801777838323e-01
1.243413948297499710e-01
1.242671536862845760e-01
1.246764561265709115e-01
1.246710329279301088e-01
1.248926859498026565e-01
1.251393856644627822e-01
1.250598884671929867e-01
1.251898687511678598e-01
1.253248577922579932e-01
1.254423633053898535e-01
1.256875689387321748e-01
1.256348937302830537e-01
1.255274494439365396e-01
1.256732833966611729e-01
1.261613700270657057e-01
1.266315129041667153e-01
1.269870344877239154e-01
1.273446274682882851e-01
1.276638024955986106e-01
1.277437232345345064e-01
1.276035338968040944e-01
1.276949463412168084e-01
1.276132511079308418e-01
1.272797924995423269e-01
1.268784456416963691e-01
1.270361624106761400e-01
1.271204131573443474e-01
1.269075858294967107e-01
1.266163298606871046e-01
1.267852369755503028e-01
1.270724556192760479e-01
1.272823897629976331e-01
1.277807202190159586e-01
1.282696430087085504e-01
1.287529923915866903e-01
1.293540616631509432e-01
1.300401366144418314e-01
1.305699297308921258e-01
1.309659715086219922e-01
1.314619145229463104e-01
1.321295684158806383e-01
1.326395065069193580e-01
1.328519193559887512e-01
1.331594577327371576e-01
1.334334649011496565e-01
1.336573419824237663e-01
1.338546224310991350e-01
1.342255467861893370e-01
1.346267642050982538e-01
1.350165241599080024e-01
1.355238335728645716e-01
1.362673045873644961e-01
1.371319593489170874e-01
1.380063347935676088e-01
1.388833907902245479e-01
1.394640385285019490e-01
1.398082591742276781e-01
1.402635130360719573e-01
1.406531147092577594e-01
1.407451116025448812e-01
1.405434248179198431e-01
1.402924077451228047e-01
1.402549422904847687e-01
1.403870022296906384e-01
1.404793141990904604e-01
1.402443377971644978e-01
1.401901240795852821e-01
1.404044216081501706e-01
1.405683037996288409e-01
1.406813318729402684e-01
1.408639040291314037e-01
1.411789632081987267e-01
1.415963139653203529e-01
1.421644509360190933e-01
1.429658076047899407e-01
1.440857994586225432e-01
1.452635196268561579e-01
1.464403137087818552e-01
1.475803627058863698e-01
1.487277870044111938e-01
1.496524733304974986e-01
1.504407101869583985e-01
1.512786134287710527e-01
1.519661477923393844e-01
1.524913921192287136e-01
1.528608873397111212e-01
1.530649950504307244e-01
1.535002713799475949e-01
1.540209219396115603e-01
1.544205754771830197e-01
1.547428157866002074e-01
1.549622511386871959e-01
1.551825454473490795e-01
1.555880835533139939e-01
1.560278899908064953e-01
1.563717244386669536e-01
1.565879307508466489e-01
1.567714399024847383e-01
1.570014682710172693e-01
1.573394926339384825e-01
1.577299135774374306e-01
1.578672182947397640e-01
1.581358258545394468e-01
1.585958699941636407e-01
1.590008995503188749e-01
1.594048810690640583e-01
1.598989704102280751e-01
1.604693522289391550e-01
1.610135895177724208e-01
1.615643666297197079e-01
1.621149961158629693e-01
1.626642822071909800e-01
1.633013466015454940e-01
1.639525374233724020e-01
1.645257081687446221e-01
1.650282033085823108e-01
1.656052714526650149e-01
1.661605894222858426e-01
1.666411493584516734e-01
1.671495423763989796e-01
1.676443818390373208e-01
1.681475118339066099e-01
1.686349180936812797e-01
1.690699282288554706e-01
1.695238775759930761e-01
1.699791112676261318e-01
1.703087006375193502e-01
1.706901509523393312e-01
1.710786134928467539e-01
1.713542013436550882e-01
1.715829770520334030e-01
1.717624673008917857e-01
1.719101667702200575e-01
1.719563246995211570e-01
1.720017002910377568e-01
1.720470168381930398e-01
1.720563901305198762e-01
1.719736982673405468e-01
1.718348119109865124e-01
1.717658558979631156e-01
1.718838089153172932e-01
1.719934931457041682e-01
1.720712850332255517e-01
1.721681816279891086e-01
1.722710871994496962e-01
1.724279792860147209e-01
1.725601901158690388e-01
1.726229246854782962e-01
1.725590571910147475e-01
1.722602311521770069e-01
1.717313105225560799e-01
1.710848914891486272e-01
1.703932068943977418e-01
1.696863132119174056e-01
1.690660605311393450e-01
1.686866348385811232e-01
1.684753577724095452e-01
1.683409150302407897e-01
1.680740405827756967e-01
1.678781061351295734e-01
1.677228122413161882e-01
1.676089609041811201e-01
1.676173823699351473e-01
1.676839858219025259e-01
1.677355045080183016e-01
1.677408522546287306e-01
1.677445758044717183e-01
1.677690005183223032e-01
1.678451476842168499e-01
1.679800217583776734e-01
1.681269985899330466e-01
1.681914579644794849e-01
1.681180286586282380e-01
1.680171723470089695e-01
1.678031648591161717e-01
1.674237677976488647e-01
1.668926312506198995e-01
1.664352072983978081e-01
1.660830244034530445e-01
1.658269934982065374e-01
1.656903766840699399e-01
1.657107716649768858e-01
1.659004015564919665e-01
1.662699420377607706e-01
1.665511279568076541e-01
1.666259463459249246e-01
1.664954168513415600e-01
1.663036642506720564e-01
1.660675348728892220e-01
1.657069347679614724e-01
1.651579217731950489e-01
1.645162391915919731e-01
1.639052198842172181e-01
1.633010129958394341e-01
1.625792660191655303e-01
1.617673616275195070e-01
1.609668654516340502e-01
1.602421334236860118e-01
1.595402952134614138e-01
1.589513795197008139e-01
1.584366650596258363e-01
1.580049704909320674e-01
1.575964026808739649e-01
1.572373837664719498e-01
1.569331745311619564e-01
1.566490035608409381e-01
1.564217258945109768e-01
1.562637250617144868e-01
1.561508546575908207e-01
1.559649243846540079e-01
1.558178588882084825e-01
1.557042643874881060e-01
1.555548640489573531e-01
1.555444459244610944e-01
1.555409584388136313e-01
1.554958871200682324e-01
1.556028613090514323e-01
1.557201354026789830e-01
1.558824069276451008e-01
1.561271959096191542e-01
1.561590266048910880e-01
1.562860736399892814e-01
1.565391191929582093e-01
1.567250682145360507e-01
1.568968146443363576e-01
1.571216471403833748e-01
1.574363205865029758e-01
1.576889038980004709e-01
1.579542427480218891e-01
1.582610407933593977e-01
1.586257319450377068e-01
1.589567441940307746e-01
1.592893528938295888e-01
1.596613512217998354e-01
1.600688272342085661e-01
1.604201803445814700e-01
1.607130107104773331e-01
1.610300735801462602e-01
1.614040902376173980e-01
1.617103170424702974e-01
1.619948219239706610e-01
1.623182927191260116e-01
1.626598934948448316e-01
1.630335072800519480e-01
1.633949602767821030e-01
1.637226638570430937e-01
1.641560968756677619e-01
1.645868678018450881e-01
1.648893588155507517e-01
1.652798827528951520e-01
1.657041151344774699e-01
1.661423692822457665e-01
1.666691043600438404e-01
1.671652852535243927e-01
1.677082840383051499e-01
1.683218720734120100e-01
1.688276828080411962e-01
1.692614250540729615e-01
1.696528167083855565e-01
1.700373890742659100e-01
1.705143250778316799e-01
1.709738060697909290e-01
1.713814101755620489e-01
1.718563375949862526e-01
1.724164632081983672e-01
1.730121532917026361e-01
1.735548221349712539e-01
1.740379752278325420e-01
1.745846384167668297e-01
1.752083628892897593e-01
1.758398541450503505e-01
1.764589333415035044e-01
1.771022153139117095e-01
1.777877929687499969e-01
1.785020707368847048e-01
1.792479482173922056e-01
1.799683062672617351e-01
1.806238079786300910e-01
1.813599167481064200e-01
1.821487167283894204e-01
1.829271007731555210e-01
1.835631090402602139e-01
1.842734640061854112e-01
1.850425861537455807e-01
1.858260450080037873e-01
1.866041331455108032e-01
1.873282182082531278e-01
1.880621717780823765e-01
1.888646426737304873e-01
1.896297511160378035e-01
1.903353094607593554e-01
1.910322412401437575e-01
1.917526260316367026e-01
1.924794918447734204e-01
1.932229449301962609e-01
1.939655397981405183e-01
1.946317533105614006e-01
1.953066525757309047e-01
1.960150210127235837e-01
1.966757905930281713e-01
1.973453629910948970e-01
1.980356361866000281e-01
1.987289871275425002e-01
1.993666723072528291e-01
1.999767613559965129e-01
2.006266539394859494e-01
2.013250062167640242e-01
2.019448315948252914e-01
2.024719990789893009e-01
2.029843253195280917e-01
2.035706654191018206e-01
2.041413727566601111e-01
2.047240141496066423e-01
2.052839594557882008e-01
2.058094759523866335e-01
2.062968056172130860e-01
2.067862658143043153e-01
2.072630904078484604e-01
2.076947608232496412e-01
2.081466550514104452e-01
2.085941851899025257e-01
2.090623992457988356e-01
2.095778178423641225e-01
2.100096048116685266e-01
2.103894400298595979e-01
2.108033671975139411e-01
2.112160810232158181e-01
2.116128298863769464e-01
2.119559886664151571e-01
2.123097016364340617e-01
2.127003681510681865e-01
2.130775843262670000e-01
2.134099426716566938e-01
2.138177768513556953e-01
2.141577594965698716e-01
2.144489618301391176e-01
2.147855267465117457e-01
2.150517101213333671e-01
2.153064714759587439e-01
2.155988574385644119e-01
2.159364580303429482e-01
2.162448648333547274e-01
2.165372509360309339e-01
2.168060112237929771e-01
2.171653543949131071e-01
2.174908787727355686e-01
2.177453528344632239e-01
2.180035834595562272e-01
2.182494920298453100e-01
2.184993797510861591e-01
2.187539566576479078e-01
2.189915371164683766e-01
2.192242656737562190e-01
2.194330601558093785e-01
2.196337484121317907e-01
2.199125848263507044e-01
2.201946311876181728e-01
2.204361907973884094e-01
2.206289947137239082e-01
2.208513981878754973e-01
2.210442612737420764e-01
2.212103353545070428e-01
2.213885096043349821e-01
2.215862813830374867e-01
2.217796668887137834e-01
2.220024922013285051e-01
2.222448454260822215e-01
2.224604217410086349e-01
2.226180652499201162e-01
2.227310460567472339e-01
2.229041787505151861e-01
2.230736277699469083e-01
2.232409020900726626e-01
2.234199819207186577e-01
2.235916648149489649e-01
2.237396627187725473e-01
2.238864031434057988e-01
2.240673322081566943e-01
2.242636616945262451e-01
2.243885071873661929e-01
2.244608196377755882e-01
2.246214219212529506e-01
2.247303787946701714e-01
2.248234914302826015e-01
2.249677990958094398e-01
2.250924796193842226e-01
2.252801144123078025e-01
2.254520001858477396e-01
2.254760450720791620e-01
2.255436814874414442e-01
2.257158724665637717e-01
2.259047099053856922e-01
2.259463348105552605e-01
2.260757942363620931e-01
2.262126661390064519e-01
2.263237053379416608e-01
2.264444251209498660e-01
2.265251715481284289e-01
2.266052225232120243e-01
2.266899493038650459e-01
2.267802988886832849e-01
2.269050659537319714e-01
2.270299657881256483e-01
2.270564104273918027e-01
2.270259406387809820e-01
2.270635120034215082e-01
2.271550341725349087e-01
2.272902010500426617e-01
2.273046160876748267e-01
2.273784631311896731e-01
2.274816875606779643e-01
2.275411444768307145e-01
2.275361564308405748e-01
2.276061666905881409e-01
2.277711582362647869e-01
2.278318201661112263e-01
2.279170216172932972e-01
2.279230469688773575e-01
2.278896780684590007e-01
2.280032868146894820e-01
2.280896342039111513e-01
2.280952359482651126e-01
2.279748083084822408e-01
2.279914813101289461e-01
2.280800426810978554e-01
2.281275788456197384e-01
2.281255056172606654e-01
2.282118555784229674e-01
2.282465377271179485e-01
2.282583847463134363e-01
2.283481407254938367e-01
2.284653373628858231e-01
2.285187170907850562e-01
2.284714723482727250e-01
2.284565880328414123e-01
2.284520560920239030e-01
2.283947255596522896e-01
2.283270130321380376e-01
2.283951994881036063e-01
2.285257963970302453e-01
2.285832454115151735e-01
2.285568090900778615e-01
2.286560230493549506e-01
2.286814522728319587e-01
2.286514466777446741e-01
2.286320312917237141e-01
2.285405390858648855e-01
2.285625641643997119e-01
2.286078523188828093e-01
2.285284088894729559e-01
2.284819249287245446e-01
2.284524613857272513e-01
2.284224941924219154e-01
2.283846463531253312e-01
2.283214436173441608e-01
2.282955230474477126e-01
2.283096090257169253e-01
2.283360324829813437e-01
2.282676090627910881e-01
2.281699057504535388e-01
2.281214613765479293e-01
2.281619822591540725e-01
2.280538903862239786e-01
2.278815458744766209e-01
2.277394704967736772e-01
2.277390114247798691e-01
2.277625573754308297e-01
2.276516544669871245e-01
2.274760224074120485e-01
2.274578564137217096e-01
2.273530504584309608e-01
2.272587576746941951e-01
2.271465495586393601e-01
2.269043859958652654e-01
2.267939791917800152e-01
2.266948671340940635e-01
2.266005193069579315e-01
2.265723615214227660e-01
2.264192110002043457e-01
2.262330616861578936e-01
2.260930277779701625e-01
2.259632532522078407e-01
2.257267712652678560e-01
2.254543402850628930e-01
2.252027960747481905e-01
2.251188197135923774e-01
2.250021143317224026e-01
2.247695078596471663e-01
2.245156355604526754e-01
2.243907419934873249e-01
2.242401034057136533e-01
2.240324617445471900e-01
2.237525228977202407e-01
2.235290329515937924e-01
2.233680269777779115e-01
2.231064218670132382e-01
2.227502997383477568e-01
2.226401852667328207e-01
2.224630638971922814e-01
2.222362496912478613e-01
2.220362944781781867e-01
2.218427221924068327e-01
2.214428372383116794e-01
2.211071410328147302e-01
2.210332307517528516e-01
2.209006953388455430e-01
2.206560441702608011e-01
2.202050386041405627e-01
2.196914915561673232e-01
2.194887359023096340e-01
2.192402773723001186e-01
2.189702915892003388e-01
2.187303551882510133e-01
2.184571736067530134e-01
2.180616047829393445e-01
2.176403068229557924e-01
2.172864126563073539e-01
2.170688243746760060e-01
2.166655434012408343e-01
2.162828111171717915e-01
2.160633292198186062e-01
2.158562889695171405e-01
2.155420966982844744e-01
2.152034501552578805e-01
2.148601725474001412e-01
2.144759256139393000e-01
2.142578563079240161e-01
2.139523048505190261e-01
2.135225121706720020e-01
2.133036588683719925e-01
2.129876701831820152e-01
2.127004162579774760e-01
2.124776062518359265e-01
2.122560830533508081e-01
2.119587565302849808e-01
2.116457516610625311e-01
2.113175344094632147e-01
2.109884406253698663e-01
2.107514256611465742e-01
2.105223526060585326e-01
2.101995886862277618e-01
2.097430546209214652e-01
2.093775936961174144e-01
2.090707579627630597e-01
2.089160756021740395e-01
2.088796936720610509e-01
2.080070745572444590e-01
2.074615970253947950e-01
2.074444265291099099e-01
2.075030990839007439e-01
2.069661351978779873e-01
2.065331381380560438e-01
2.061955197587612698e-01
2.057842945694927650e-01
2.055883402258155135e-01
2.054878913968798959e-01
2.051343540996313219e-01
2.045226718872784344e-01
2.042394901245830618e-01
2.040828004226092618e-01
2.039132934764028293e-01
2.036367100596425672e-01
2.032023782730105754e-01
2.030262365341188591e-01
2.029185500144962684e-01
2.026098585128779384e-01
2.019804134368896054e-01
2.017847890853885218e-01
2.013301387876275661e-01
2.007432362109419499e-01
2.005132226645949534e-01
2.005552861869339676e-01
2.001084735363722056e-01
1.997249887794256273e-01
1.999307397350667259e-01
1.996223780274389847e-01
1.990458493620153591e-01
1.985654482141141208e-01
1.983353552103046258e-01
1.996807092308993392e-01
1.994205187976360316e-01
1.992340901136396003e-01
1.987942395731808476e-01
1.982497991994027764e-01
1.977935921475292291e-01
1.971746587380764359e-01
1.967507156074043695e-01
1.965325625509025675e-01
1.962020607441663234e-01
1.958916650056838071e-01
1.955520925700661439e-01
1.950426157325505228e-01
1.948508097440002640e-01
1.946488830506798717e-01
1.944432634770870971e-01
1.943311919465658955e-01
1.942023547396059258e-01
1.940545213565226246e-01
1.939136984109877115e-01
1.936278244614599020e-01
1.932327113628391491e-01
1.929579592466357796e-01
1.926129904031751994e-01
1.924341696381566547e-01
1.924135506749156954e-01
1.922484808087347175e-01
1.920774733901025599e-01
1.919059637904168836e-01
1.916642670035365037e-01
1.914763327524068304e-01
1.912353987768289354e-01
1.908836564391847013e-01
1.905869828462602444e-01
1.901793236434455026e-01
1.900060913711781874e-01
1.900649380683899770e-01
1.899599000364541046e-01
1.898222969681022387e-01
1.897855159565802752e-01
1.897290819838638454e-01
1.896520943507554735e-01
1.897093108981848519e-01
1.896271553188559056e-01
1.895219359338283782e-01
1.893261298343535681e-01
1.891692869067195248e-01
1.889884200692172611e-01
1.888594594150785899e-01
1.887290958911177763e-01
1.885530283451080091e-01
1.884464102387423956e-01
1.881858298838137711e-01
1.876866062790154277e-01
1.875095376759762789e-01
1.874365662753577078e-01
1.873683346197011768e-01
1.875320699214932385e-01
1.876293159037828728e-01
1.874172529220581584e-01
1.871237421333794282e-01
1.870892680287361831e-01
1.870907149076462550e-01
1.870668118774889976e-01
1.872147183358668643e-01
1.872609446406364453e-01
1.871061138331888973e-01
1.871519415080549198e-01
1.874279558062555417e-01
1.875275689899924547e-01
1.875624121963976321e-01
1.876456963181498960e-01
1.876388310253624958e-01
1.877099495530125672e-01
1.878927139818669101e-01
1.881003263413908166e-01
1.881660559833051583e-01
1.881201249599459280e-01
1.882297334194184546e-01
1.882636612534519527e-01
1.884659437835214113e-01
1.889686113148930369e-01
1.892144283682108685e-01
1.893542286962268395e-01
1.895640473127366832e-01
1.896680116251113768e-01
1.899001673161983816e-01
1.902012822479012266e-01
1.905627212777734336e-01
1.909490367695693136e-01
1.913600747987630191e-01
1.917228196993469580e-01
1.921779270544651530e-01
1.924074801921845101e-01
1.923815440177921998e-01
1.926513924837111036e-01
1.928672121763232994e-01
1.932576284050945281e-01
1.940995497107502743e-01
1.944719612717628332e-01
1.945875072240824677e-01
1.948549924850463411e-01
1.948317296862605019e-01
1.951451027587054188e-01
1.959228824302553518e-01
1.963667814105745368e-01
1.967370000436904076e-01
1.971161997616290573e-01
1.973834608927365897e-01
1.973556165754795921e-01
1.976145170256490835e-01
1.980428172796963870e-01
1.982952182605859093e-01
1.984532883077862464e-01
1.987922718912361886e-01
1.992107617527242303e-01
1.994497004359963577e-01
1.997221738547086400e-01
1.999584090769292166e-01
1.999561931252481772e-01
2.000683941453694770e-01
2.002420804381369324e-01
2.004984955936673086e-01
2.007090405493970053e-01
2.008651231855149710e-01
2.011473410189154321e-01
2.015666138499972171e-01
2.017165599137545895e-01
2.017403296887876896e-01
2.018569921582941129e-01
2.018598876684908339e-01
2.019140307545661539e-01
2.020918682634834651e-01
2.022114114701746013e-01
2.022172699123616912e-01
2.023175296783448762e-01
2.025989987030626938e-01
2.027220112010838238e-01
2.027066752687100293e-01
2.028241325542333717e-01
2.029655984044076988e-01
2.030571559891103939e-01
2.031754390895367801e-01
2.034999430537224319e-01
2.035724785387518498e-01
2.034801176726819816e-01
2.034962645739319953e-01
2.034040218919512533e-01
2.034507932454347190e-01
2.036304478347297497e-01
2.037427965849641642e-01
2.039324968218805267e-01
2.040274872839448195e-01
2.040486865550275308e-01
2.040626765966415401e-01
2.039706998288630113e-01
2.039530756264926470e-01
2.040307225733998253e-01
2.041348732367162244e-01
2.042530454054471423e-01
2.044659621104593650e-01
2.045715784862632836e-01
2.046495868891475833e-01
2.046752597928046258e-01
2.045764087736607895e-01
2.046437373667951143e-01
2.047745391860604780e-01
2.048212171927089320e-01
2.049452831983570034e-01
2.050064372956751368e-01
2.049070101872082772e-01
2.049190194338560700e-01
2.050072645008563788e-01
2.050975184947247953e-01
2.051088039368395843e-01
2.051978023514147154e-01
2.053226807907221341e-01
2.055180489286779766e-01
2.055725262984633706e-01
2.055783462777730497e-01
2.056384443998333922e-01
2.056669653296474831e-01
2.057252478718762378e-01
2.059013657212257764e-01
2.059662946254016413e-01
2.059615096181630634e-01
2.059567984536287977e-01
2.059374812021854684e-01
2.059596008062364869e-01
2.060028977990149002e-01
2.060599281489851331e-01
2.061931860148906170e-01
2.062862627357245626e-01
2.062978991717103749e-01
2.062500539273027789e-01
2.062969688475127794e-01
2.063785272687672923e-01
2.064005006402725995e-01
2.064647816121575052e-01
2.065278812199834724e-01
2.064937693327666968e-01
2.065254298895592977e-01
2.066105179175733442e-01
2.066838879883285962e-01
2.067934927448627502e-01
2.068580625414848662e-01
2.068505187213420804e-01
2.069089253842832099e-01
2.069488621950147378e-01
2.069947636902333410e-01
2.070670928716663861e-01
2.071547323942181940e-01
2.072580812081696033e-01
2.073057791054247201e-01
2.073231546625491639e-01
2.074577303454275545e-01
2.075829465523365558e-01
2.077143039926891421e-01
2.078240785405039981e-01
2.079561593472954439e-01
2.080833094522357707e-01
2.081627697676417532e-01
2.082674849420781960e-01
2.084141216129063445e-01
2.085343949764971172e-01
2.086005138531323022e-01
2.086926137581467111e-01
2.088033107593656457e-01
2.088328004404900462e-01
2.088969604223968046e-01
2.089621240571144234e-01
2.090440095186229530e-01
2.092364847898487701e-01
2.093611170291904688e-01
2.094200018882751146e-01
2.095390998363490798e-01
2.096983103275302796e-01
2.098608213514090715e-01
2.100910858735441089e-01
2.102275531366463446e-01
2.102666070386763897e-01
2.103766841366886686e-01
2.104708356261257296e-01
2.105969906806947900e-01
2.108377840042118256e-01
2.110109556674955311e-01
2.111719518899918546e-01
2.113199622184035453e-01
2.114300318464634731e-01
2.114992403939363053e-01
2.116442473948002001e-01
2.118580344706777197e-01
2.120456754565241131e-01
2.121490030512215852e-01
2.122949608087544571e-01
2.124907268539074356e-01
2.125899378955360963e-01
2.127400410175326051e-01
2.129134377837178793e-01
2.130288290977482846e-01
2.131917518377300369e-01
2.134128656655548406e-01
2.136541569530962803e-01
2.139418095633384143e-01
2.141287299200894667e-01
2.142628576666112394e-01
2.144147809922698766e-01
2.145442197024823860e-01
2.146699858695270968e-01
2.148864004313944809e-01
2.151849826157089529e-01
2.153573856562373545e-01
2.155400393694640593e-01
2.157428256988524751e-01
2.158437837630510781e-01
2.160230156689886549e-01
2.162969372421505720e-01
2.164407563924790057e-01
2.165267735481257727e-01
2.168044266611341142e-01
2.170570799320933886e-01
2.172036280319097068e-01
2.174022497758274219e-01
2.175914477527138013e-01
2.175798560768365808e-01
2.177555746749046672e-01
2.181552588343624588e-01
2.183921894907956129e-01
2.186092382669446998e-01
2.188356085181232813e-01
2.189603274941449018e-01
2.190630006819964670e-01
2.193430296152833470e-01
2.195511783599857492e-01
2.197801370978355040e-01
2.201819660961629177e-01
2.204857977837328953e-01
2.208208355605598694e-01
2.212048356324436693e-01
2.215583522513504267e-01
2.218949532821775927e-01
2.222220178008081637e-01
2.226271627336744718e-01
2.230640921264885612e-01
2.234222757041457175e-01
2.238079504042859158e-01
2.242213228851558104e-01
2.245344498842956060e-01
2.249736655205489544e-01
2.255748286470769526e-01
2.261028036475177250e-01
2.266510820388794312e-01
2.270919057726864809e-01
2.274203774735331918e-01
2.278263533771037741e-01
2.283201557427643191e-01
2.287194443106652930e-01
2.292234057694676197e-01
2.297058247387413488e-01
2.301680291801692646e-01
2.306758859932423744e-01
2.311162823528054855e-01
2.315690435111524004e-01
2.320475228607654650e-01
2.324096875220537650e-01
2.327840251654387793e-01
2.332413374945517814e-01
2.334878708139066228e-01
2.336705946415659207e-01
2.339933449029927282e-01
2.344201098382469595e-01
2.346838918909430194e-01
2.350455043077466777e-01
2.354162326321004028e-01
2.356159449756149993e-01
2.359358839571480959e-01
2.364257038712499759e-01
2.367545513510701805e-01
2.369454203516247193e-01
2.372671229928731973e-01
2.375578587412839060e-01
2.377888958841559153e-01
2.381391385182738130e-01
2.384127817064525257e-01
2.385611342430117576e-01
2.388564561724663970e-01
2.392306849598881124e-01
2.394926805019374216e-01
2.397997993826868901e-01
2.401919742822646031e-01
2.404050333350894186e-01
2.406115918233991957e-01
2.409259563356638267e-01
2.412137762591244072e-01
2.414826950609683387e-01
2.418294441998003474e-01
2.420917023479937924e-01
2.422680544435975303e-01
2.424778353810305709e-01
2.426990196302537817e-01
2.429804263651374197e-01
2.433470460772512722e-01
2.436270390599965252e-01
2.438396680802107641e-01
2.440577845245604227e-01
2.442295003160829814e-01
2.444941989898683499e-01
2.447842237055300185e-01
2.451491251528259419e-01
2.455502999782565310e-01
2.457980072423811280e-01
2.460708914771679579e-01
2.464343688607213145e-01
2.467570218980313645e-01
2.470696099847554394e-01
2.474332740187645263e-01
2.477489580810067760e-01
2.481183361202475013e-01
2.485489777207376128e-01
2.489577058166266565e-01
2.493436662524936287e-01
2.497787846088409258e-01
2.502092341303821521e-01
2.506437719464303382e-01
2.510851945281027953e-01
2.515835284233089442e-01
2.519760877847670999e-01
2.524408779352901866e-01
2.529307722717523688e-01
2.534385480880738672e-01
2.539434325218197785e-01
2.543960397720337885e-01
2.547888258934016825e-01
2.552430833816530797e-01
2.556878814697268743e-01
2.561800060272215185e-01
2.566620840430259287e-01
2.571683022975925215e-01
2.576715445309876173e-01
2.581591405540707984e-01
2.586322984546420289e-01
2.591184506654740649e-01
2.595672994822267876e-01
2.599215343981986504e-01
2.603276581585406424e-01
2.607941894531254912e-01
2.611599234580991857e-01
2.616062244415284788e-01
2.621153069376948030e-01
2.625188604146238003e-01
2.629474646806719829e-01
2.633411157280204917e-01
2.636881133645774256e-01
2.641647652983666883e-01
2.646482354700563921e-01
2.651196210980419354e-01
2.656010280549527813e-01
2.660184753537180868e-01
2.664383985102174446e-01
2.669563833177093781e-01
2.674948395788674382e-01
2.679732295542951448e-01
2.684661723732950644e-01
2.688742113828660463e-01
2.693831222444768581e-01
2.698736676782370614e-01
2.704166641473769728e-01
2.711070888519291344e-01
2.716895340621474086e-01
2.722819519788025056e-01
2.728112571835518696e-01
2.733904237508774093e-01
2.738955102205279935e-01
2.744207694768910910e-01
2.750730051755903571e-01
2.756990576267238646e-01
2.763310203075409754e-01
2.769648115158075963e-01
2.775364908725020396e-01
2.781355090141300890e-01
2.787532529234886258e-01
2.793534506410363383e-01
2.799407478332520682e-01
2.805607882261272890e-01
2.811196737885477970e-01
2.817711761891843469e-01
2.825449882507323207e-01
2.832255642592911848e-01
2.838460469484331283e-01
2.844785306096078714e-01
2.851202435195442919e-01
2.858430735647676246e-01
2.865242990851398219e-01
2.871247327178713671e-01
2.878508501648908147e-01
2.885220583528281812e-01
2.892038827240469567e-01
2.899973539561028213e-01
2.906730150431391380e-01
2.913035868406291251e-01
2.920005097836257946e-01
2.927094054222110220e-01
2.934392385333779441e-01
2.941850572586058310e-01
2.948994806289676474e-01
2.956377633333208133e-01
2.963598547220228641e-01
2.970947752952574072e-01
2.978595813363793532e-01
2.985909773856398330e-01
2.992553145438429651e-01
2.999957048594950049e-01
3.007566492855546225e-01
3.014555775076150357e-01
3.022225377708671612e-01
3.029819782376294013e-01
3.037075943648813725e-01
3.044425161659720658e-01
3.052035016357895203e-01
3.059154217064382064e-01
3.066569756269454938e-01
3.074073219686743741e-01
3.081599456787109115e-01
3.089400479525327148e-01
3.097576506137848518e-01
3.105186296582226890e-01
3.112570561528210655e-01
3.121361204087733654e-01
3.129911146312950865e-01
3.137707644224164150e-01
3.145623526871206277e-01
3.153724002838136364e-01
3.161859848201271084e-01
3.169845668375496639e-01
3.178411546647550989e-01
3.187523292601108782e-01
3.196818664669993093e-01
3.205996728241441995e-01
3.213549414992331599e-01
3.221424498945477111e-01
3.229041707128285088e-01
3.236649189710620322e-01
3.246497981131080124e-01
3.255934760749343293e-01
3.263546369343999221e-01
3.272146747320885951e-01
3.280957589149480214e-01
3.289494624137878076e-01
3.298193736076357463e-01
3.307022804260258408e-01
3.315895780563353767e-01
3.324559235572815963e-01
3.333287766247988726e-01
3.342162818759680243e-01
3.350231530576941452e-01
3.357487417966124044e-01
3.365678141862152306e-01
3.374814901441340886e-01
3.383080188274379396e-01
3.391570932209492240e-01
3.400127102911467136e-01
3.408415966957802912e-01
3.416753233671192547e-01
3.424016633927826625e-01
3.432024854719636364e-01
3.440478140413757990e-01
3.448886330127715061e-01
3.458568112850188281e-01
3.466525250971320138e-01
3.473157521069045739e-01
3.480454079151154012e-01
3.487387548148633276e-01
3.495055152624849670e-01
3.503906333208081647e-01
3.512252077281475815e-01
3.520920239746572200e-01
3.528404236674309025e-01
3.535702563047410374e-01
3.544095756262540253e-01
3.552712638288731406e-01
3.560868880510330570e-01
3.570297702819104080e-01
3.578795225203038610e-01
3.585832433938977437e-01
3.595306642383341300e-01
3.605023401409389039e-01
3.613041422218079557e-01
3.621960092574358359e-01
3.630600551813836785e-01
3.636847039759163458e-01
3.643890437513588876e-01
3.653305523991588477e-01
3.661517413556573675e-01
3.670819902867076823e-01
3.681046818763019091e-01
3.688405576139685560e-01
3.694527458578348855e-01
3.703031103253366374e-01
3.710451923966408549e-01
3.717849455118175661e-01
3.727164984822272098e-01
3.734949004769327341e-01
3.741819130539897342e-01
3.750313303589823399e-01
3.758176536381249155e-01
3.766192493379113548e-01
3.773856712967153526e-01
3.781264131814243146e-01
3.789808137178422576e-01
3.797257127672433730e-01
3.804315636396404798e-01
3.812770336747168809e-01
3.819647243022920025e-01
3.827281502246860923e-01
3.835626535296439710e-01
3.842261112213132823e-01
3.849035721302028756e-01
3.856389621376986598e-01
3.864420982360835533e-01
3.872564074277874413e-01
3.879141164302827294e-01
3.885816719055177337e-01
3.893456579566002551e-01
3.901021559715274756e-01
3.909299792170528587e-01
3.915819275259971866e-01
3.921381353139881121e-01
3.928611435294152576e-01
3.937446138739583157e-01
3.946014633655551274e-01
3.953961385726925126e-01
3.960974491715428814e-01
3.967876896202562897e-01
3.975438218593597695e-01
3.983855150341988893e-01
3.991769389480354646e-01
3.999418867349629481e-01
4.006854000627990686e-01
4.013776711761946059e-01
4.021519946962598957e-01
4.030342275977139010e-01
4.038106149584057558e-01
4.045138249278064646e-01
4.051682615995408354e-01
4.056738514423372521e-01
4.063685289382930055e-01
4.071953968048099837e-01
4.079459387719628349e-01
4.087187203109263756e-01
4.093727960497143825e-01
4.099340472131963731e-01
4.105035199522971134e-01
4.112229629456993218e-01
4.120870372951029870e-01
4.128249018490318112e-01
4.133909595608707965e-01
4.141080445945267141e-01
4.148781247735024436e-01
4.155292458832259284e-01
4.161471492350100609e-01
4.167049938589334479e-01
4.171968734711412052e-01
4.176997355461116168e-01
4.184646503448487542e-01
4.191786140441894903e-01
4.196810395181174713e-01
4.202547338962556722e-01
4.207939241081473658e-01
4.212138673007485012e-01
4.217717411756512491e-01
4.223712751328949633e-01
4.230992208242412844e-01
4.237984090059995212e-01
4.243493265092375122e-01
4.249551383435728469e-01
4.256626939773558438e-01
4.262343246459964763e-01
4.267737312078472289e-01
4.273048963516952181e-01
4.279274277091026368e-01
4.285399064898486876e-01
4.292040616869928216e-01
4.298551927924151861e-01
4.303724604785439389e-01
4.308250652253630131e-01
4.313770477771762257e-01
4.321002162843941563e-01
4.329236927986143679e-01
4.336314803838725029e-01
4.342661797642706212e-01
4.347875987112523877e-01
4.352246543228629472e-01
4.356947423428301214e-01
4.362949714064593976e-01
4.368396916151042753e-01
4.373725930809972962e-01
4.379896503388886475e-01
4.385188443392513680e-01
4.390779726684093109e-01
4.396809050083159143e-01
4.401686900615690012e-01
4.406733674407008472e-01
4.411720352917909427e-01
4.417140834152703532e-01
4.420267823517322614e-01
4.423922964692115212e-01
4.428909556210045007e-01
4.433817901641133874e-01
4.438596548914913731e-01
4.443552347153425508e-01
4.447633130311965388e-01
4.452652555078264185e-01
4.458307469487186592e-01
4.462480758726596330e-01
4.467563064664603067e-01
4.470895733594891786e-01
4.475004783868788416e-01
4.480086560726169731e-01
4.484936028689141541e-01
4.487616764336820330e-01
4.492441980361939202e-01
4.498013178348538310e-01
4.503743151426315428e-01
4.510624227672813125e-01
4.515864214062693116e-01
4.517844230979679576e-01
4.521748540699484509e-01
4.526465447992091273e-01
4.529308916211129965e-01
4.532629889130587730e-01
4.535950862050054377e-01
4.536887763798236328e-01
4.539496118992566998e-01
4.543348236262796380e-01
4.546714170455929960e-01
4.550291471958157752e-01
4.554163129925731246e-01
4.559829291999341616e-01
4.563828367263078056e-01
4.567368558079006879e-01
4.570645594120030242e-01
4.573329406857487567e-01
4.576345596075058197e-01
4.580446640908716893e-01
4.584930627077817844e-01
4.589725139915942220e-01
4.593830789566042405e-01
4.597186831831936438e-01
4.601043515354397151e-01
4.603486640930175566e-01
4.607068139076229696e-01
4.612265059947963097e-01
4.614484772443770422e-01
4.615569679141042214e-01
4.617522557198999733e-01
4.619016661643981503e-01
4.621625958800315015e-01
4.625387025177478684e-01
4.628507419973613146e-01
4.631001670300959883e-01
4.633916312456135000e-01
4.638051339983939036e-01
4.641127163171769876e-01
4.643578993022441370e-01
4.646407579481598993e-01
4.648089216828342751e-01
4.650335845559839254e-01
4.652904572010039819e-01
4.655446733683344385e-01
4.658163730680939252e-01
4.659534259378906307e-01
4.662033180594448156e-01
4.664935825020070093e-01
4.665448048830029837e-01
4.666510229706763435e-01
4.668217164158826038e-01
4.670750753313305248e-01
4.672317281961436697e-01
4.675133864879605361e-01
4.677696967124942429e-01
4.678478302478792927e-01
4.680577263891698148e-01
4.684162473887203415e-01
4.686236060142512927e-01
4.688058983802798063e-01
4.690299476623531749e-01
4.691654439926147280e-01
4.693637977004050388e-01
4.698094642370939100e-01
4.700432439595461087e-01
4.701929584503174997e-01
4.703945912510157923e-01
4.704313053339720385e-01
4.705698101699356539e-01
4.709368844032288393e-01
4.711888188898562535e-01
4.714581952214243477e-01
4.715789557099345775e-01
4.716267686337233811e-01
4.717512059658771073e-01
4.718028191775086588e-01
4.719758967995644205e-01
4.723742975234980213e-01
4.726105984926227688e-01
4.728370020389552897e-01
4.729974300652744490e-01
4.731140370070937573e-01
4.732870771139855992e-01
4.735249741256238321e-01
4.736656630396846590e-01
4.737519829094410384e-01
4.740183640837672407e-01
4.744159773766994936e-01
4.746529933273787583e-01
4.749036813825369685e-01
4.751017169952391206e-01
4.753030801951883544e-01
4.754235483407976970e-01
4.755784568786617372e-01
4.758604781627657210e-01
4.760565798282625494e-01
4.762571490079159919e-01
4.765177670627829265e-01
4.766396557599302253e-01
4.768243272602559757e-01
4.772276379168031712e-01
4.775019186019893724e-01
4.776660753697155593e-01
4.779099211543800241e-01
4.781544733971359040e-01
4.782999361753468293e-01
4.784487441182138090e-01
4.786108728498223441e-01
4.785503703594206626e-01
4.787033990621565316e-01
4.790477756023410194e-01
4.792467133998875028e-01
4.795255588412282721e-01
4.797738456845279664e-01
4.798360177874560484e-01
4.800046679764982671e-01
4.802423263072971849e-01
4.804412483215332874e-01
4.806109007209544148e-01
4.806658666789535572e-01
4.807233400195837780e-01
4.807812621831898947e-01
4.807669121950863267e-01
4.809770734667774827e-01
4.812590948402879487e-01
4.815456919670101366e-01
4.818370157480239557e-01
4.819639998227354671e-01
4.820413562536237095e-01
4.820912126362322248e-01
4.821356958627704414e-01
4.821782802581783822e-01
4.822941247075793192e-01
4.825334541976452618e-01
4.828281354784964008e-01
4.831819099187855682e-01
4.834887643218037101e-01
4.838177942633624107e-01
4.841005730986597810e-01
4.841792437434198626e-01
4.843991904437540130e-01
4.846919503569602772e-01
4.849595933914188639e-01
4.853148296147583585e-01
4.856858848243949534e-01
4.848077582001688590e-01
4.848737094998361585e-01
4.848258259892462840e-01
4.848075017213823723e-01
4.848996152848004670e-01
4.849032234191896773e-01
4.846653584599495690e-01
4.847216376781465774e-01
4.849460004389289369e-01
4.848702707290649672e-01
4.850076037168500331e-01
4.851871775269512299e-01
4.852676889419553774e-01
4.850377145469186857e-01
4.851599500417708710e-01
4.855520132035013869e-01
4.856831196248533877e-01
4.856173240542408509e-01
4.855051134765146492e-01
4.852584211349482701e-01
4.849822651773688098e-01
4.850997428596021122e-01
4.855687374472613671e-01
4.855990755677225823e-01
4.853768907666209387e-01
4.852826656162737007e-01
4.851191899180409273e-01
4.848140137672424244e-01
4.843291715651752982e-01
4.843045421004299467e-01
4.842501758337023343e-01
4.840824069678780206e-01
4.842538432240485191e-01
4.850479977369304696e-01
4.851999145030970739e-01
4.851038881987334572e-01
4.851726126641031089e-01
4.852058380842204643e-01
4.848685466051100290e-01
4.847396066308025109e-01
4.844694414675236316e-01
4.840486020565029635e-01
4.840292921304702456e-01
4.839929807394738881e-01
4.840612554162738168e-01
4.840925633907313674e-01
4.842783987373110444e-01
4.840677041888236665e-01
4.837861806273461296e-01
4.835825949907302523e-01
4.831756061464543839e-01
4.826253626286987064e-01
4.820838598251339091e-01
4.817957935750483700e-01
4.816308133006098613e-01
4.816413935869930940e-01
4.816045887470247200e-01
4.815712231427427548e-01
4.813640627324585197e-01
4.808909675598141420e-01
4.805191224932667260e-01
4.802721166610720571e-01
4.799703577697280732e-01
4.796778914898630064e-01
4.793145611286164787e-01
4.788918419092889067e-01
4.783214557170863968e-01
4.780607937008142794e-01
4.777486411929134369e-01
4.772995817184445544e-01
4.769683256000284977e-01
4.765095293521883768e-01
4.761128090500828525e-01
4.758334639549252065e-01
4.755133278131484786e-01
4.752528616547581630e-01
4.749565923124548505e-01
4.746927664786578793e-01
4.743111168146133538e-01
4.737450115054847033e-01
4.732574660539630163e-01
4.729651051998137734e-01
4.727280841827388169e-01
4.726074136108162072e-01
4.724248486846683859e-01
4.720431693255898731e-01
4.717351225554943794e-01
4.715510628640650070e-01
4.714697471559046726e-01
4.714722208231686973e-01
4.712060251235963837e-01
4.709907423496242362e-01
4.708398640990255068e-01
4.706200212478635625e-01
4.707262051522728141e-01
4.707671432346107743e-01
4.704327647030349113e-01
4.702229748845102586e-01
4.700425337284804272e-01
4.698779422432181052e-01
4.697718334198001111e-01
4.697774775356058918e-01
4.698661371886728166e-01
4.698492152065042449e-01
4.695252242088322481e-01
4.692966173887255787e-01
4.691562725484375584e-01
4.690839906066655574e-01
4.692235845327379917e-01
4.693075767785308550e-01
4.694547124207024691e-01
4.695652867734437241e-01
4.696502343654633260e-01
4.694532697141168831e-01
4.691560710668563616e-01
4.690695387423043372e-01
4.689900418281557348e-01
4.689066024005409394e-01
4.691446282744402563e-01
4.690524031519890391e-01
4.686734869986772245e-01
4.685952102899549887e-01
4.686554161578412314e-01
4.686730629920956570e-01
4.689125553667545798e-01
4.690751038759946034e-01
4.690408893227577258e-01
4.691452369540927148e-01
4.689990882575508224e-01
4.687997482299801622e-01
4.688452779948714122e-01
4.689500353395942844e-01
4.688928635418416757e-01
4.688135240554805461e-01
4.688268008172511436e-01
4.688971723258495428e-01
4.687812159061431339e-01
4.688171593189242592e-01
4.689114146709441044e-01
4.688369839668277139e-01
4.687489783167835822e-01
4.684540071666237759e-01
4.684104430079463199e-01
4.686088788032534702e-01
4.685116832852359581e-01
4.684895901620389491e-01
4.684980965971944911e-01
4.686567412912842623e-01
4.683955860614776867e-01
4.680990636557344486e-01
4.680075509577986126e-01
4.678487047553062106e-01
4.676901011764998950e-01
4.677733387291431177e-01
4.677653322219847420e-01
4.677438943862916032e-01
4.676425111889834785e-01
4.676143946349625713e-01
4.676213299274448176e-01
4.677457592368127748e-01
4.677315350919963310e-01
4.676332724958653930e-01
4.676720846772194906e-01
4.676164569139478755e-01
4.674626387476917277e-01
4.675632823258636384e-01
4.677844547629360639e-01
4.679969645112750931e-01
4.679888185411694712e-01
4.677801026940350271e-01
4.675672132372858392e-01
4.673822799682620932e-01
4.671312365233897812e-01
4.669796744108198894e-01
4.669801928400993396e-01
4.666923222303392405e-01
4.663402245461943374e-01
4.661428077518937063e-01
4.660237560212617258e-01
4.659463532835249056e-01
4.656137336492536805e-01
4.650865632802248517e-01
4.649193867266182556e-01
4.646481197297573362e-01
4.644102735877038146e-01
4.644245577335358033e-01
4.643135348886248126e-01
4.640408159106974573e-01
4.636381059646605407e-01
4.632852787971494246e-01
4.629861193299291133e-01
4.626854745209216802e-01
4.624647540867329876e-01
4.624084343791011742e-01
4.620293850600719066e-01
4.616111354798079769e-01
4.613626044750212540e-01
4.609659168660641959e-01
4.603594126880172221e-01
4.600183234363798834e-01
4.596957093298438823e-01
4.593042910337452045e-01
4.591285680770879063e-01
4.588995060920719737e-01
4.585887089133260930e-01
4.581217772990461290e-01
4.576675687730312192e-01
4.573366966813807721e-01
4.570164461195469485e-01
4.567923145294191523e-01
4.565558129221199413e-01
4.562389026045803320e-01
4.559033827185634546e-01
4.554809226036072856e-01
4.550787333905695342e-01
4.545687656223779127e-01
4.541586422920226296e-01
4.537643718570470996e-01
4.536824648797513349e-01
4.535000934123992744e-01
4.531082185178997856e-01
4.525624416232108538e-01
4.519518936306235468e-01
4.516760364174846609e-01
4.513260804593566267e-01
4.510609110295773494e-01
4.509507366716861143e-01
4.506700949072841578e-01
4.502830779075618350e-01
4.499887415885928665e-01
4.497499169915917805e-01
4.493626742988827139e-01
4.488295609205957826e-01
4.483914924502367949e-01
4.481018661797045999e-01
4.477708824157719536e-01
4.475769128650426421e-01
4.474828290849922063e-01
4.470655954331159698e-01
4.465859584629536805e-01
4.462349783182139595e-01
4.456525501608847306e-01
4.453301291882990620e-01
4.453293032199148738e-01
4.450581542909141097e-01
4.445444807410244281e-01
4.442863532066346766e-01
4.444271986722947987e-01
4.439764852643012238e-01
4.436354993909594757e-01
4.433778279066082351e-01
4.428040788292882390e-01
4.424889982938768340e-01
4.423722048938277251e-01
4.422911446958777137e-01
4.421394938588140699e-01
4.417439896583556513e-01
4.413854908525948750e-01
4.408655443251132122e-01
4.405053823292255366e-01
4.401827509403231087e-01
4.399308781027795323e-01
4.396413372248407780e-01
4.395648339033131347e-01
4.394875448942187623e-01
4.390627508819105462e-01
4.388469557285306077e-01
4.385728892117737865e-01
4.380583233386279307e-01
4.377878227561716185e-01
4.376112295985224443e-01
4.373329377442601862e-01
4.371324822306628111e-01
4.369015125006435185e-01
4.366535985231401185e-01
4.362813496708874417e-01
4.360702972412105471e-01
4.359923111498353876e-01
4.357598518788816655e-01
4.354054217040536634e-01
4.353296955108647559e-01
4.351367844343181912e-01
4.348299182355401249e-01
4.347545422464612064e-01
4.346193023204802941e-01
4.342846159935001560e-01
4.340210266828534724e-01
4.338898274898531082e-01
4.336885051488876819e-01
4.335375377655026896e-01
4.335470689237114206e-01
4.333005454838273485e-01
4.329756624579425561e-01
4.327428955614568973e-01
4.326669008433816077e-01
4.324152680635447998e-01
4.321627663612361836e-01
4.318895934462544384e-01
4.313719618082045848e-01
4.308609085708861031e-01
4.306267518997193844e-01
4.306436500549318813e-01
4.305627328276634413e-01
4.303377634406087560e-01
4.302547477513556373e-01
4.303781114071603686e-01
4.305795242786409349e-01
4.308331911414862714e-01
4.308067876696590193e-01
4.308565162479879307e-01
4.310129883348938207e-01
4.312320709228512072e-01
4.312710393011570109e-01
4.313020097821951837e-01
4.313105377912518357e-01
4.311057966798542140e-01
4.311651681780810930e-01
4.314771350920204029e-01
4.316813808560368004e-01
4.318343105793003289e-01
4.319824847012759816e-01
4.319883954226970135e-01
4.318317793607708843e-01
4.318103582561019227e-01
4.320460289359094874e-01
4.322539480835200232e-01
4.323915441274643889e-01
4.323501398473981183e-01
4.323227675825357386e-01
4.326452983617780634e-01
4.329629940927025578e-01
4.332831366419794827e-01
4.338058881461618888e-01
4.340975925922394008e-01
4.341013931751253052e-01
4.343190429210664338e-01
4.345224170148375142e-01
4.346615914523603297e-01
4.347605054259304214e-01
4.350873458772895330e-01
4.354221869319676030e-01
4.356720080614092661e-01
4.361490064561365232e-01
4.365220586210493137e-01
4.368015654146673032e-01
4.370672392308712073e-01
4.374876269102097037e-01
4.377250296413895958e-01
4.377864158749583678e-01
4.380464713275434296e-01
4.380985502302642276e-01
4.381069936752322036e-01
4.386458416402337912e-01
4.391729481071235397e-01
4.395098601311440700e-01
4.396517389893535022e-01
4.400218311429028306e-01
4.403115603446960957e-01
4.406475696951155374e-01
4.413432727098465236e-01
4.417150776982310956e-01
4.418906675666572914e-01
4.419875570654872021e-01
4.421335813045497165e-01
4.423157783031465562e-01
4.424684216827158290e-01
4.423724102497100796e-01
4.426580627918244581e-01
4.430558284670114699e-01
4.433557199776172464e-01
4.437561813056472571e-01
4.439859866350887030e-01
4.439640196919444337e-01
4.439327003896235135e-01
4.440238506436352539e-01
4.440823870718483835e-01
4.438345750540492185e-01
4.440783129215238878e-01
4.447503164291378153e-01
4.450081314742568295e-01
4.453815576553345479e-01
4.454750185817483721e-01
4.451080946475268196e-01
4.451974261343480399e-01
4.456122608482841474e-01
4.456455357372757775e-01
4.457676773786541369e-01
4.453895966291426256e-01
4.450983739078049339e-01
4.449332031816244371e-01
4.448085901886222326e-01
4.448278558254241677e-01
4.445639023303989967e-01
4.444527610123158445e-01
4.447546178638933645e-01
4.448399355649945708e-01
4.446685819447041554e-01
4.443442026257513611e-01
4.440356882303950203e-01
4.441177601814267351e-01
4.440024065673353060e-01
4.441389737367634205e-01
4.440760457038882003e-01
4.437453418970110919e-01
4.433568284600976073e-01
4.429622333049769711e-01
4.428608099967239475e-01
4.428883982777594430e-01
4.427236622214317241e-01
4.429415212631227505e-01
4.427994636237621018e-01
4.421907327562566992e-01
4.416830374717714003e-01
4.412402746707200785e-01
4.407059956789021737e-01
4.398537961721418199e-01
4.392154424250126477e-01
4.395407003402705404e-01
4.393987308382991119e-01
4.390816145360468270e-01
4.392775470137594285e-01
4.390392790138720747e-01
4.385591150045397013e-01
4.387295850157735821e-01
4.389594491958616063e-01
4.385646554827686283e-01
4.381223545312885603e-01
4.379858027458188308e-01
4.376862894058232145e-01
4.373498681634659935e-01
4.372512576788664673e-01
4.366242624521255444e-01
4.361646619766947341e-01
4.360596421182159066e-01
4.357322377264498670e-01
4.353126408755776944e-01
4.349699843376871877e-01
4.346132439970968320e-01
4.344049308300014789e-01
4.342245455026624845e-01
4.338376766592260125e-01
4.335175784379246000e-01
4.329641293108466571e-01
4.326558729559187300e-01
4.326791434884073584e-01
4.324240163952115523e-01
4.318541795492171764e-01
4.315643033087254166e-01
4.314135587483640122e-01
4.312180167853829071e-01
4.310456314086911211e-01
4.312221969991923420e-01
4.311635384023185802e-01
4.310929176807406504e-01
4.309976928532127105e-01
4.307620824873443222e-01
4.304706603437657431e-01
4.301987818062309454e-01
4.306446070432659590e-01
4.311385813504458042e-01
4.307169853657484282e-01
4.301516902506354323e-01
4.294147876352068516e-01
4.287160056233403349e-01
4.287240192949771656e-01
4.292507792085406004e-01
4.293327428787946931e-01
4.290554174423217848e-01
4.290524936556815994e-01
4.288917432725433687e-01
4.283656335353847600e-01
4.281780582666397383e-01
4.277556546926494785e-01
4.269562555283303307e-01
4.268337708175183320e-01
4.266697340011593731e-01
4.263559748917818415e-01
4.261947901725766097e-01
4.259131827354434852e-01
4.254058150351046064e-01
4.251807878494259230e-01
4.252762582361694910e-01
4.251305371940133360e-01
4.247651957988742288e-01
4.247480015695096478e-01
4.244300473332401347e-01
4.235657046318058727e-01
4.230856747478242696e-01
4.229815981388093671e-01
4.225632010281089590e-01
4.224004186481233880e-01
4.218544006258247991e-01
4.212882549315692393e-01
4.201717871189121212e-01
4.197724287450310121e-01
4.199393516778949786e-01
4.199234837979082258e-01
4.200077243149284434e-01
4.202498391509052467e-01
4.206709814667697334e-01
4.206806141495704754e-01
4.203633348941804293e-01
4.192474074125285277e-01
4.180253279387954879e-01
4.173738688617941173e-01
4.172829388976093123e-01
4.172426275372509985e-01
4.172378433853385915e-01
4.170047881007193924e-01
4.164314030170437331e-01
4.169181122124195338e-01
4.175045104175809096e-01
4.174878774881365939e-01
4.178989496111865654e-01
4.182576866894956447e-01
4.178229283332827726e-01
4.169193451702596920e-01
4.163515253454447840e-01
4.157815586328503787e-01
4.160107505619523582e-01
4.173418673574929016e-01
4.172574469983578171e-01
4.165613320738075220e-01
4.156417924404142705e-01
4.140027053654190548e-01
4.135140107095242601e-01
4.135824149250988402e-01
4.136210288017984626e-01
4.138623719811436730e-01
4.135839258939030261e-01
4.132656545460222097e-01
4.133194651305672207e-01
4.132064685821535410e-01
4.125798557996752103e-01
4.119128312051294483e-01
4.118614288151263847e-01
4.118614564508195630e-01
4.121545329809189195e-01
4.129789333552119635e-01
4.133520704895258246e-01
4.126286229610446332e-01
4.123420222699639703e-01
4.132168871402741583e-01
4.137126814544196951e-01
4.138486697226765321e-01
4.139277723312380086e-01
4.133527623653409089e-01
4.127748248994346780e-01
4.126398596972227772e-01
4.125013057291506691e-01
4.122122117877005665e-01
4.120113178014750965e-01
4.126957479178900989e-01
4.138116683185102951e-01
4.134377444565293658e-01
4.126928565502168134e-01
4.119363689422603780e-01
4.105205182373525830e-01
4.104780017852779905e-01
4.103181119978431268e-01
4.092456511497493121e-01
4.099738999307153131e-01
4.104177243173122158e-01
4.104323677182196151e-01
4.111285674631595111e-01
4.104478058516978778e-01
4.102080284446475433e-01
4.108343666225672264e-01
4.105569835603234408e-01
4.101812854200599934e-01
4.105793599605561117e-01
4.113411773800853544e-01
4.120427475571631359e-01
4.126246307581665773e-01
4.113963366061448856e-01
4.097538495987652629e-01
4.095283833503727267e-01
4.099412906527516443e-01
4.108707040518522757e-01
4.112467054635283170e-01
4.112583503127095752e-01
4.110361837595702950e-01
4.110090785980227701e-01
4.115979784965518862e-01
4.115442397952082665e-01
4.112223356187346135e-01
4.111214604675768602e-01
4.111545696020127427e-01
4.097354492694141870e-01
4.080367588460443451e-01
4.072020723849533730e-01
4.068015650510788395e-01
4.075147246778015320e-01
4.075032420367002417e-01
4.066835155487058540e-01
4.067500486671925541e-01
4.070497441738843425e-01
4.072890872061251111e-01
4.074524774193765686e-01
4.063690885484221305e-01
4.048851568937300027e-01
4.049096259355540739e-01
4.068543912112714267e-01
4.068567609608171876e-01
4.063951833486558196e-01
4.077529671728615246e-01
4.074804513990875621e-01
4.075490713357927675e-01
4.076914921522137303e-01
4.063509346961975965e-01
4.055962298244239483e-01
4.062857605516906889e-01
4.077501514941452299e-01
4.089828493952751276e-01
4.087940914005043225e-01
4.075372835725544207e-01
4.077787949591878958e-01
4.080344790577885017e-01
4.076990899980071914e-01
4.083202809512614939e-01
4.080610377013685897e-01
4.063426410615442186e-01
4.050936677575114331e-01
4.052932517617940378e-01
4.051938123852014129e-01
4.053547036468980735e-01
4.071469881087541598e-01
4.064548441618679453e-01
4.032243081331251533e-01
4.022800278246402850e-01
4.020654758721591282e-01
4.019363278985024768e-01
4.033339495003227526e-01
4.028317619472744915e-01
4.001540430694821016e-01
3.991347494006159957e-01
3.972945308685305044e-01
3.979168421030041536e-01
4.026456623673438928e-01
4.032451509237290344e-01
4.025825481414791462e-01
4.039538010478023189e-01
4.031331447064877005e-01
4.025280714243645863e-01
4.046544252902267158e-01
4.045487451553346214e-01
4.021949126601223057e-01
4.007372499167920488e-01
4.004928249299522514e-01
4.020665453821416491e-01
4.040723592579363310e-01
4.077750780344008286e-01
4.096035944938657414e-01
4.069068036228418728e-01
4.050152296334502133e-01
4.062065958023070023e-01
4.042102299630643825e-01
3.994176388800146915e-01
3.965630194693799959e-01
3.930266546130180561e-01
3.930614508748053737e-01
3.995205149084325447e-01
4.021320547223091180e-01
4.047814157009127500e-01
4.055655269324776047e-01
4.010866182088849152e-01
4.001471141278747368e-01
3.956090068817139649e-01
3.900993491411208214e-01
3.910311859130854995e-01
