6.249595721662042080e-02
5.891344891525802929e-02
6.315633172765369729e-02
6.402587674260143413e-02
5.655497418940070437e-02
6.176660140156745721e-02
6.188983510807152116e-02
5.806799871549010034e-02
5.761852479577068975e-02
5.981161538325251853e-02
6.166877027302983955e-02
6.220751653313633112e-02
6.209785095155242324e-02
5.960060824826361736e-02
5.954520204328002386e-02
6.230534351766107981e-02
5.858783356100322887e-02
5.945120890922847567e-02
6.253113348633053403e-02
6.288632365688680281e-02
6.130048502907153862e-02
6.132356226444245911e-02
6.231874571442606869e-02
6.136074049472813041e-02
6.147609778493638710e-02
6.258268546462060489e-02
6.356494068056346702e-02
6.249129700809717691e-02
6.350846141949295642e-02
6.553260682225224565e-02
6.641146887242792285e-02
6.483825457021592797e-02
6.441821259260177568e-02
6.549715671390297922e-02
6.645030205547805546e-02
6.545008700340990138e-02
6.486724449843173090e-02
6.562666179910305042e-02
6.651958841979509207e-02
6.620259919837112594e-02
6.577495672255753711e-02
6.637143809199330668e-02
6.811577699705953504e-02
6.828415692225101030e-02
6.713936262726781512e-02
6.650373109281065842e-02
6.854986984729767585e-02
6.989075511917468286e-02
6.962752890586855481e-02
6.968919045180077543e-02
6.885374986678358122e-02
6.834316721260545735e-02
6.876308310776946264e-02
6.807516840845344308e-02
6.985142208784819728e-02
7.171514980047939691e-02
7.021020132899283284e-02
6.936300979703668990e-02
6.990449480712411512e-02
7.089157802835106825e-02
7.019175556004046690e-02
7.016487533748153038e-02
7.071690187156197405e-02
7.128243780136112040e-02
7.133724402263756648e-02
7.159611530303951199e-02
7.197976877465846191e-02
7.216714454218745023e-02
7.241349454969168986e-02
7.285283067449929706e-02
7.337733896076674422e-02
7.366371870040891445e-02
7.399456864222882235e-02
7.422884639799595674e-02
7.432828093692660232e-02
7.463182574212547105e-02
7.512695671319966073e-02
7.552034751176835148e-02
7.561407949402931816e-02
7.635120269209147437e-02
7.675770612061025289e-02
7.674526955187326027e-02
7.725550647675988314e-02
7.751815282106398752e-02
7.776442994177343304e-02
7.825665201619266820e-02
7.877670116499069231e-02
7.913812919855112149e-02
7.952201248407363143e-02
8.025262885764238019e-02
8.082698943167920813e-02
8.118141934126620052e-02
8.148776717931036084e-02
8.224682547152038781e-02
8.290519178509712928e-02
8.312651888430122593e-02
8.301375626772640459e-02
8.389693926647302791e-02
8.444288168698550756e-02
8.447987881600854676e-02
8.471525010913608100e-02
8.499315045028926763e-02
8.512856025472283206e-02
8.512459298372272720e-02
8.536084065958855771e-02
8.580552041530609131e-02
8.621604570746417562e-02
8.638774508237838379e-02
8.656363378316167534e-02
8.691306725367899111e-02
8.745398422926661808e-02
8.802064583450551483e-02
8.825644175112243306e-02
8.842490686029200186e-02
8.879780369102958926e-02
8.928968185335395269e-02
8.956943984404210080e-02
8.968125320672984402e-02
8.986337239667777088e-02
9.042053945064544573e-02
9.101950121298434115e-02
9.146256488412621288e-02
9.180599427074193075e-02
9.216917533278468078e-02
9.252867123186588050e-02
9.289978776574135677e-02
9.346740201711656315e-02
9.392281781136989360e-02
9.423779980838295489e-02
9.463075399026273093e-02
9.520013083070515136e-02
9.576837553232908640e-02
9.621869073137641337e-02
9.647817915156481350e-02
9.689989755749700562e-02
9.742360746860499743e-02
9.787064065709709382e-02
9.836373596936459629e-02
9.882148878276347803e-02
9.920638276711085668e-02
9.957672288119831516e-02
1.001648358941074762e-01
1.008099907562139408e-01
1.013427243411538364e-01
1.019252506390214141e-01
1.024998025037346938e-01
1.030276713848117809e-01
1.035189968727525112e-01
1.041008444353939549e-01
1.047602083176378263e-01
1.054492710031564723e-01
1.061580106891687608e-01
1.066904962062835555e-01
1.072188591957093651e-01
1.079533922947942398e-01
1.084919296510518522e-01
1.090394593507047621e-01
1.096890374556182546e-01
1.103779692217706915e-01
1.109761643171306017e-01
1.115911978974933466e-01
1.122831210494043136e-01
1.130316432170568458e-01
1.134823396205905943e-01
1.139444972157482722e-01
1.149163925528522423e-01
1.155620303511621094e-01
1.160731037020685391e-01
1.166191537737844980e-01
1.172133204117421501e-01
1.178651855327184500e-01
1.184174159727988118e-01
1.187712109684940370e-01
1.193335987776514007e-01
1.198616620212792500e-01
1.203524387508629473e-01
1.209434875667095288e-01
1.214563468873500474e-01
1.219377625793223452e-01
1.223731775067742195e-01
1.226113865040238810e-01
1.230662954188885272e-01
1.235788153037426784e-01
1.238479814320806310e-01
1.243628854736687495e-01
1.249346719682212503e-01
1.254075208544733477e-01
1.258194974780083852e-01
1.263855799376965294e-01
1.269471585050230000e-01
1.273885601744051965e-01
1.279384591832760376e-01
1.285767614662648162e-01
1.292194562196728735e-01
1.296958189547064155e-01
1.303263183996083707e-01
1.310297553554181094e-01
1.316742748528720863e-01
1.322620912790294367e-01
1.328785471111534888e-01
1.335654499769212133e-01
1.343129532352086708e-01
1.349334540143607708e-01
1.355240497112275289e-01
1.361611088454723617e-01
1.367689114987852006e-01
1.374024574935438503e-01
1.380699687570335621e-01
1.387536138921979800e-01
1.394009946689004908e-01
1.399863900318738807e-01
1.405907405480741890e-01
1.413164099499585324e-01
1.420222085475917329e-01
1.427145105779169254e-01
1.434217243194583491e-01
1.440202892661098244e-01
1.447228706181054037e-01
1.454388969495894468e-01
1.460516547262670495e-01
1.466603082567456973e-01
1.472260192036631277e-01
1.477410121485586980e-01
1.482194390296935060e-01
1.487477265000340665e-01
1.493097409486766891e-01
1.498962736487386149e-01
1.504158733442430285e-01
1.509475742459296388e-01
1.515209110707040063e-01
1.520145216941828636e-01
1.525251803725955480e-01
1.530239615499972283e-01
1.535043206959962048e-01
1.539753908962014084e-01
1.544559020027515828e-01
1.550065919905905809e-01
1.556962914884093829e-01
1.563061262071131219e-01
1.568342053651809176e-01
1.572925924375657147e-01
1.576458924666045980e-01
1.579359448745847327e-01
1.582144412919876675e-01
1.585226700022812074e-01
1.588175398692493467e-01
1.591155868947503882e-01
1.594067328363652780e-01
1.596778771966695654e-01
1.599617812424899421e-01
1.602821006745097088e-01
1.606455599248413080e-01
1.610760861486200679e-01
1.614698718488219997e-01
1.617892470777037850e-01
1.620737727075814705e-01
1.622354531332851069e-01
1.623876464158293120e-01
1.625552673891184907e-01
1.626352726742628652e-01
1.628607770428063817e-01
1.631777540221812095e-01
1.634655159205202213e-01
1.636786367595192970e-01
1.639582562655207687e-01
1.642928627803926234e-01
1.645645911112427473e-01
1.648012968108057141e-01
1.650362883225086896e-01
1.652856731012463387e-01
1.655028510391713670e-01
1.657742018640037118e-01
1.660481024846430786e-01
1.663444205448026958e-01
1.667578353688125570e-01
1.670983972087503322e-01
1.673369944259526232e-01
1.676527892068025438e-01
1.679345218926668049e-01
1.681954774394629759e-01
1.684465172961351620e-01
1.686000701069836627e-01
1.687148172512653033e-01
1.687282795369621502e-01
1.685253847151996498e-01
1.683652707025403705e-01
1.681265109330410679e-01
1.677263071775439152e-01
1.672555409476157995e-01
1.667006169602275600e-01
1.660632346257568670e-01
1.653518614411351451e-01
1.645713887527583130e-01
1.638406849265095500e-01
1.631557387053964303e-01
1.624759799033401175e-01
1.617060989320276976e-01
1.610151376694439473e-01
1.605116764903065929e-01
1.598784371659157100e-01
1.592839817732573660e-01
1.587611672788857287e-01
1.582828350067133905e-01
1.577506699562075121e-01
1.572111582756045567e-01
1.566901011273269251e-01
1.561371412619949606e-01
1.554280480086798755e-01
1.546798565179111073e-01
1.540661635547880548e-01
1.533979523360730346e-01
1.527283196315168123e-01
1.521236981749537753e-01
1.515516425728799244e-01
1.511655006051062233e-01
1.508673011139036457e-01
1.505657747760417997e-01
1.504225098341704370e-01
1.504259853437538430e-01
1.505879145115614770e-01
1.509162546664473969e-01
1.512461359441283903e-01
1.517174033641815190e-01
1.523750804036851370e-01
1.531780223429198284e-01
1.540341906622050283e-01
1.551015942066907571e-01
1.564629963576797678e-01
1.578999579995866986e-01
1.594509837046267087e-01
1.611904051959512363e-01
1.631865484893323948e-01
1.653060602545737834e-01
1.675842794939874369e-01
1.700403475508095730e-01
1.726681513667105428e-01
1.753723233819012572e-01
1.781789133787155810e-01
1.810613071799281881e-01
1.838279537200931124e-01
1.866187882423404609e-01
1.894820091843603949e-01
1.923831764101984199e-01
1.952263220667836974e-01
1.980388296127317815e-01
2.008407743334773010e-01
2.036183091640468013e-01
2.066127813458445428e-01
2.096772877216342146e-01
2.126355445027347246e-01
2.157800266578797921e-01
2.190767442256213449e-01
2.224415944397450662e-01
2.257120354428887865e-01
2.291889013499026073e-01
2.327832128480077367e-01
2.363569587916136971e-01
2.397787415623666707e-01
2.433397634938359033e-01
2.469870423912998159e-01
2.505527544528245443e-01
2.540266026556492474e-01
2.574534354507927447e-01
2.608739943802357852e-01
2.642211609184744181e-01
2.674828608334064439e-01
2.707270412743094101e-01
2.739576677978040053e-01
2.770299383997912868e-01
2.801500028371809448e-01
2.833096335321669823e-01
2.863234274983408323e-01
2.893283724188801531e-01
2.923503929078583030e-01
2.953817946016790708e-01
2.983612297475336517e-01
3.013240332305434643e-01
3.042740226387974367e-01
3.072056935429573477e-01
3.101033612787721938e-01
3.129536198973653094e-01
3.157776880860326263e-01
3.185973764061929558e-01
3.213138562440868706e-01
3.240351377606388583e-01
3.267315630674365590e-01
3.293669427067039135e-01
3.318622398495670311e-01
3.343599634319540104e-01
3.368651240348812803e-01
3.392088877201078212e-01
3.415497700572017736e-01
3.438809866249560865e-01
3.462342778742316662e-01
3.484705359041689321e-01
3.505743524730201011e-01
3.526444914042954348e-01
3.547358194291589939e-01
3.567552347481253716e-01
3.587892932504417876e-01
3.607858265191317138e-01
3.626695961058136186e-01
3.645326086878777350e-01
3.663850267231466562e-01
3.682297450214629397e-01
3.701139936745169168e-01
3.719284673959017962e-01
3.737302466958764557e-01
3.756425473570819129e-01
3.775478054255247407e-01
3.793562722295518719e-01
3.810859093397856445e-01
3.828789889663460899e-01
3.846185620307921993e-01
3.863454508066178628e-01
3.880290231227873088e-01
3.897608234643932801e-01
3.914749303340914754e-01
3.931444037407635372e-01
3.948557344973083749e-01
3.963933730959888213e-01
3.979792052775620315e-01
3.996555668413638851e-01
4.012600374251604762e-01
4.027878538817163956e-01
4.043005229383705434e-01
4.058349959671499474e-01
4.073493809401987908e-01
4.088566359847783938e-01
4.103861091881989553e-01
4.119385993391277978e-01
4.133901462703946650e-01
4.147884702086447883e-01
4.162021486401560888e-01
4.176814756661657024e-01
4.190941145181650840e-01
4.203752639055255425e-01
4.216820658683776979e-01
4.231854192256929159e-01
4.246096253633503403e-01
4.259244456052780903e-01
4.271741136312487974e-01
4.284555884838103235e-01
4.297118545770642339e-01
4.309753104925159728e-01
4.322741829395293500e-01
4.335134952545165454e-01
4.346431553840634510e-01
4.357775495529179755e-01
4.370867777109149754e-01
4.383766554832456142e-01
4.395775037288663367e-01
4.406965122699738613e-01
4.418041295289991122e-01
4.428394639253611653e-01
4.439401576519011461e-01
4.452200201123953649e-01
4.464238892048598140e-01
4.475212316840884719e-01
4.486418870687484683e-01
4.497913066148757633e-01
4.508900025486949348e-01
4.519864493608476974e-01
4.530695494115352107e-01
4.540493896782402117e-01
4.550826386451719552e-01
4.560921558499338446e-01
4.570808115929364535e-01
4.581356367766858950e-01
4.591820110380649966e-01
4.601886409521099286e-01
4.611288034021853166e-01
4.621314677596096154e-01
4.630285417735578446e-01
4.639643442809578411e-01
4.649227441787722737e-01
4.657412997335193539e-01
4.666980320096014156e-01
4.676956295728686430e-01
4.686707905888554682e-01
4.695046131968501624e-01
4.704659260332589299e-01
4.714326596707100747e-01
4.722623330533499697e-01
4.731110113352534063e-01
4.740010445147755380e-01
4.749305975496772581e-01
4.757277290582653806e-01
4.765669967532161766e-01
4.773792200684549014e-01
4.782304379194977639e-01
4.791718962192538234e-01
4.799582319259644292e-01
4.807665059387684070e-01
4.815682019025084859e-01
4.822809357047081469e-01
4.831409015238288251e-01
4.840070074796676836e-01
4.847866301953789314e-01
4.854034452497954510e-01
4.860569564461708625e-01
4.868086498141291907e-01
4.876137140035629591e-01
4.883818747282025474e-01
4.891592679083345829e-01
4.898687684208158366e-01
4.905940862953661608e-01
4.912380069583652253e-01
4.918470346391204950e-01
4.924903036504981735e-01
4.932179319262505190e-01
4.939080013722180751e-01
4.945973303049807646e-01
4.952868962019681409e-01
4.959247446566822926e-01
4.965569355905053439e-01
4.971935992240901214e-01
4.979084937572480496e-01
4.986461191177363750e-01
4.992734857797621606e-01
4.998329938411716911e-01
5.003271636724468951e-01
5.009365805447099085e-01
5.015355688929561406e-01
5.020638091862199559e-01
5.025570309698585980e-01
5.031685031652453066e-01
5.038330177068714999e-01
5.043836594820021446e-01
5.047440495908258606e-01
5.052385346889491924e-01
5.058067156612870985e-01
5.063513779342173615e-01
5.068117401838304614e-01
5.072864001989368932e-01
5.078683850169184444e-01
5.084269719719890501e-01
5.088360495448116527e-01
5.092784764766694616e-01
5.097477961421009729e-01
5.102581064939495370e-01
5.107895770430562754e-01
5.113011390864846684e-01
5.117676869869232092e-01
5.121539042472840197e-01
5.125852858543397117e-01
5.130524974822999740e-01
5.134276402294635222e-01
5.138372457027440277e-01
5.143933545649049810e-01
5.148064538538452695e-01
5.151833122074604976e-01
5.156374490261074195e-01
5.161548890471461259e-01
5.166051657199862701e-01
5.170447500705717125e-01
5.174565643429756001e-01
5.180692824006083441e-01
5.184756492376324521e-01
5.187910036683084369e-01
5.192665997922424337e-01
5.197048373758792472e-01
5.201248678207399667e-01
5.204380322933199743e-01
5.206075791835781397e-01
5.211357305884356528e-01
5.216035358130928223e-01
5.218749374270434949e-01
5.221058507740495847e-01
5.226636891186241529e-01
5.231406693160537413e-01
5.235177311003209599e-01
5.238698724746707613e-01
5.241558510661122883e-01
5.244208922982211973e-01
5.247800415158275777e-01
5.252898818850519902e-01
5.256553049683571066e-01
5.260168216824530063e-01
5.263801907062530816e-01
5.267938098728656149e-01
5.269396329700950510e-01
5.272580291807648090e-01
5.277368663072585786e-01
5.281941613852972894e-01
5.284456233739851516e-01
5.287819515645507673e-01
5.291716614246372297e-01
5.295196940422055576e-01
5.299733925342557939e-01
5.302282021999359385e-01
5.305696447849274078e-01
5.310240533828732845e-01
5.310803292751316018e-01
5.311659562110904176e-01
5.315073396205903800e-01
5.319455022275444422e-01
5.321137803733353433e-01
5.323561387717727911e-01
5.326105085849761611e-01
5.328133417367935110e-01
5.330629779875274421e-01
5.334592186450956008e-01
5.337585271477700566e-01
5.338963782668117997e-01
5.342062770485876966e-01
5.343691543579104364e-01
5.346613632321353116e-01
5.349522098898892297e-01
5.349721460044385424e-01
5.351702056825162757e-01
5.355074632167812210e-01
5.357909464836120295e-01
5.358402247726917755e-01
5.359228087961669384e-01
5.361451230943199420e-01
5.363887932896611588e-01
5.364748676121231519e-01
5.365214838087554172e-01
5.367633792757988687e-01
5.372107291221615011e-01
5.376033153533933406e-01
5.375218043804170787e-01
5.377643153309821233e-01
5.381064731419088476e-01
5.380366220831870328e-01
5.378226053714753041e-01
5.382442716360087420e-01
5.384031209468840284e-01
5.379786159753795483e-01
5.382524102032180124e-01
5.385943216502668829e-01
5.389719498932357133e-01
5.393207799911494682e-01
5.393045558929447925e-01
5.392194118499755717e-01
5.395555534362791450e-01
5.399470977783205061e-01
5.395353908538821353e-01
5.396778297424320581e-01
5.398086554825306527e-01
5.399375411093232380e-01
5.401243070244792222e-01
5.397687171936036421e-01
5.400641192793850243e-01
5.406387848138808350e-01
5.407512594878678414e-01
5.406085681259634734e-01
5.406982378840446968e-01
5.410609363913538861e-01
5.413319812059398384e-01
5.407888157606129953e-01
5.407901160478595370e-01
5.408252829074859935e-01
5.407773612141610897e-01
5.409421855509276567e-01
5.410810067653658573e-01
5.412672836780549890e-01
5.413519728779787599e-01
5.415302535772325010e-01
5.415597405076029158e-01
5.414501247644420978e-01
5.414998802661893373e-01
5.414922573924062510e-01
5.415925621569153137e-01
5.418541953384877763e-01
5.421325498819354882e-01
5.423209754049774789e-01
5.425221044361593359e-01
5.428099127531054169e-01
5.431290143966671646e-01
5.433343769073490925e-01
5.437019734382627645e-01
5.436692430496220529e-01
5.432240743160248186e-01
5.431199160575868046e-01
5.427571640968322786e-01
5.427122041225432847e-01
5.432131444931034281e-01
5.432953249454497424e-01
5.430852951049809363e-01
5.433387534022335874e-01
5.433626784384254504e-01
5.434198031544682506e-01
5.436322568058967741e-01
5.442780494689938298e-01
5.444903405904768512e-01
5.446581533551215770e-01
5.447699694633486578e-01
5.444908565104005227e-01
5.445169620215893902e-01
5.446938534379003327e-01
5.447446469664573021e-01
5.446982240438464906e-01
5.449524279356003920e-01
5.450731511592866729e-01
5.449881605923175831e-01
5.450889377593994833e-01
5.451675575375556360e-01
5.452999884486193771e-01
5.455639051795007077e-01
5.456103327870365227e-01
5.455241522789001651e-01
5.455241504430774491e-01
5.453892522811892851e-01
5.455584065437312224e-01
5.462359685897830719e-01
5.464507189035415768e-01
5.466514124035837252e-01
5.465264366984365907e-01
5.462334879755972317e-01
5.461747605562212726e-01
5.463216925859450956e-01
5.467590043544771072e-01
5.469659966230396853e-01
5.472474588632583181e-01
5.473998831272122167e-01
5.473757881641388989e-01
5.474632505178448350e-01
5.477083931446076193e-01
5.476769161462786695e-01
5.473835835933682503e-01
5.473696463108059795e-01
5.473943318367000543e-01
5.473313778400422658e-01
5.474232694149013811e-01
5.475110861063000600e-01
5.475140389204024016e-01
5.472631678342817496e-01
5.473134247303007571e-01
5.475541381359103621e-01
5.476527030706408450e-01
5.478761270642277248e-01
5.479409774065020500e-01
5.478327753782271659e-01
5.478760089397433086e-01
5.480632362484934017e-01
5.481139976382255474e-01
5.479490201473232736e-01
5.480259929001332075e-01
5.480036628663541576e-01
5.480031311988831089e-01
5.479677457749839720e-01
5.480717163026331828e-01
5.481480481624602108e-01
5.480196079730983438e-01
5.480291789531707147e-01
5.482138634204865024e-01
5.482549241065981516e-01
5.482312329769135628e-01
5.482387361526486202e-01
5.482390906333922675e-01
5.482541560649875079e-01
5.482565192699434542e-01
5.483672544181347197e-01
5.484665781259532302e-01
5.485621794104574844e-01
5.486885054588318544e-01
5.488967248201366278e-01
5.489210682868959079e-01
5.488218627512455594e-01
5.488589688122272880e-01
5.488087456405165154e-01
5.488574916601176579e-01
5.491099074125290747e-01
5.492141694426534437e-01
5.491212176561350855e-01
5.491232267856598348e-01
5.490763077020642813e-01
5.490803259611130027e-01
5.492055420041084268e-01
5.492303606629375112e-01
5.493024529576305826e-01
5.491648866772655957e-01
5.490297431707379383e-01
5.487237798511983566e-01
5.487206326842306581e-01
5.487122416138648928e-01
5.486662089109420881e-01
5.486770818471911060e-01
5.486951640129089647e-01
5.486729454040524256e-01
5.486670361995698020e-01
5.488125208139420508e-01
5.488277074694631885e-01
5.487094954848291684e-01
5.487000398039820759e-01
5.487820678353310111e-01
5.488006837069986377e-01
5.488375017642971310e-01
5.489873152077199281e-01
5.489319403767582983e-01
5.486798282861714560e-01
5.486304582238198391e-01
5.486952231049541107e-01
5.486579951167104285e-01
5.487428512930873081e-01
5.486963458538051119e-01
5.484018901944163193e-01
5.483303888201709331e-01
5.484565503358841410e-01
5.483815034389494247e-01
5.481700721025468681e-01
5.481337895870211918e-01
5.481190165758134114e-01
5.480588017821313995e-01
5.481152937769889766e-01
5.481622719526285659e-01
5.481197847723962013e-01
5.479954256892208830e-01
5.479192046403882355e-01
5.478486558556552311e-01
5.478383157908918166e-01
5.478159812510016158e-01
5.477788751900198871e-01
5.478368977248667671e-01
5.477338515937328900e-01
5.473763216972350465e-01
5.472812521874901304e-01
5.473494375288485703e-01
5.472739255130288916e-01
5.472608674883843172e-01
5.472211616396905898e-01
5.470718511044975196e-01
5.468721401393418224e-01
5.468020640432834645e-01
5.467888287603852593e-01
5.467168619096279825e-01
5.466179518043996488e-01
5.465463394701479682e-01
5.465061609327794834e-01
5.463219996929165045e-01
5.461051756381991584e-01
5.460064527511596655e-01
5.459212592124940144e-01
5.457436625957492460e-01
5.456810439825060532e-01
5.455917829215524151e-01
5.454292108237740466e-01
5.452985708117487063e-01
5.453435807824138504e-01
5.453278095722201568e-01
5.452088462114333955e-01
5.450397339463234347e-01
5.447670751214028773e-01
5.446572082638745371e-01
5.446407282352445645e-01
5.448303962349891894e-01
5.447987356781954782e-01
5.447196433544156946e-01
5.446849112510678825e-01
5.445852041244502173e-01
5.445374770164490563e-01
5.445840567290785028e-01
5.445673421144482385e-01
5.443926360011103194e-01
5.443043379485611455e-01
5.442091312646869516e-01
5.441529096841816182e-01
5.440719435214992350e-01
5.441130466938017829e-01
5.440366869211201717e-01
5.439566066026686464e-01
5.440426589727401785e-01
5.440743099451068598e-01
5.440294317007061675e-01
5.441639483332637584e-01
5.441984337210651335e-01
5.440545280873776424e-01
5.441186567366124160e-01
5.443341904103754514e-01
5.444780960440638307e-01
5.446424278736119451e-01
5.447946442365652064e-01
5.448721694827084461e-01
5.449600274920460841e-01
5.449698385298255010e-01
5.450854357182980392e-01
5.452599532306194874e-01
5.453402454555039691e-01
5.453442600667475215e-01
5.453294414281848468e-01
5.452454005241395008e-01
5.453053184509276674e-01
5.455196652412409586e-01
5.456571517944331928e-01
5.456163603782648863e-01
5.456847789764402989e-01
5.458463226258752909e-01
5.459991140067578241e-01
5.460088553428651403e-01
5.460161170661447239e-01
5.460527208745480365e-01
5.459472192525860468e-01
5.459051470756534075e-01
5.460992457389829413e-01
5.461984202384949638e-01
5.462594597816471387e-01
5.462091445147988500e-01
5.462769659399985267e-01
5.462627405583856399e-01
5.461613661527632280e-01
5.462236918210984227e-01
5.462567433118818983e-01
5.461945542752744132e-01
5.462333268404003794e-01
5.461851709604267358e-01
5.460925948619842485e-01
5.461734366416929332e-01
5.461570912599559291e-01
5.461162573099137552e-01
5.460699355602262051e-01
5.458675063967706187e-01
5.458460294365887755e-01
5.458857382118698087e-01
5.458774778425694585e-01
5.459829155564313030e-01
5.459677599430081685e-01
5.459238074183468958e-01
5.459102381825444716e-01
5.460091166138650864e-01
5.460547800421715614e-01
5.460262846469874365e-01
5.460602077364919982e-01
5.460767858028411359e-01
5.458979668736458901e-01
5.457501212000849256e-01
5.457983804821967544e-01
5.458716543555258705e-01
5.458808578372000841e-01
5.459721256971363790e-01
5.460002671122546891e-01
5.459432167232040056e-01
5.458589189887049775e-01
5.458612196266652283e-01
5.458431684672837569e-01
5.458596858680251351e-01
5.459714767336844021e-01
5.459658130526545694e-01
5.459373766541482098e-01
5.459031585812567089e-01
5.458615069270136289e-01
5.458254122614858428e-01
5.458379182934766094e-01
5.459507675349714040e-01
5.459951115608215888e-01
5.460193147480488784e-01
5.460728193283078680e-01
5.460634987950327979e-01
5.459570795416832656e-01
5.460111150383948342e-01
5.460567148625855571e-01
5.460448686003688268e-01
5.460561959624294914e-01
5.460863432645800541e-01
5.460361370921136270e-01
5.460216212868688190e-01
5.460079326748845663e-01
5.459272170662884394e-01
5.458601310670376794e-01
5.458775368452075671e-01
5.458228075504304444e-01
5.455931460857390558e-01
5.455142515897747346e-01
5.455112246990208025e-01
5.454168604195119840e-01
5.454515853881833909e-01
5.452965975046156766e-01
5.450287623882290600e-01
5.448864048957823281e-01
5.448008841633801280e-01
5.447035593271255527e-01
5.447386765360828775e-01
5.447226819753644422e-01
5.444215002655979907e-01
5.441333030700682416e-01
5.439623206257822030e-01
5.437207819998264302e-01
5.436508497476575386e-01
5.436487842380999247e-01
5.434730261564253428e-01
5.431960988044737260e-01
5.429528940916060753e-01
5.428341217815874087e-01
5.426939315140248965e-01
5.424595225214962069e-01
5.423369274258610373e-01
5.422531521439548641e-01
5.421317369818692278e-01
5.420240680456157589e-01
5.418737421154973255e-01
5.415750131249430499e-01
5.413636493861679888e-01
5.413177546083924874e-01
5.412277347743511546e-01
5.410167391300199080e-01
5.407878782749178104e-01
5.405382547855375197e-01
5.403022567749025118e-01
5.400873753070829508e-01
5.400301600933073987e-01
5.398789232969282148e-01
5.395809624195100351e-01
5.393143064618111104e-01
5.390816583037373322e-01
5.387212188959122905e-01
5.385086647987370467e-01
5.384067213773727767e-01
5.382312536954875215e-01
5.379866542518139116e-01
5.377850283086298422e-01
5.375933657526966725e-01
5.373143593668934237e-01
5.371238362193105909e-01
5.369502314329149817e-01
5.367666181802753789e-01
5.366606386065480017e-01
5.364530158996584364e-01
5.362597444713118611e-01
5.362400025486947497e-01
5.361483482003216450e-01
5.359659658670424820e-01
5.359342673420907088e-01
5.358573688268657431e-01
5.356712030172346983e-01
5.355141551315780735e-01
5.354767490148544251e-01
5.353108661413188418e-01
5.351684872686859329e-01
5.351402117788790491e-01
5.350263440251347147e-01
5.348396668851373992e-01
5.347683577537533095e-01
5.345560933828358285e-01
5.343237112462525529e-01
5.341151373088361964e-01
5.339689425349235519e-01
5.337511551737784687e-01
5.336160947740081761e-01
5.335166779875759602e-01
5.333615306854243565e-01
5.331281398773194402e-01
5.328383462905880164e-01
5.324711093902588788e-01
5.321172512054439530e-01
5.317133554458621791e-01
5.313351562500000513e-01
5.309961353838440479e-01
5.306282284498219370e-01
5.301637334227563558e-01
5.297213375627993770e-01
5.291079236149788256e-01
5.284740016400812923e-01
5.280205267310147388e-01
5.273939122140409719e-01
5.266110123872759230e-01
5.259709985733034276e-01
5.252245605468756073e-01
5.243969072341921889e-01
5.236800270020965931e-01
5.228594810366626877e-01
5.218818518877033075e-01
5.209399422168731197e-01
5.201115568280223478e-01
5.193075639605517768e-01
5.184423106312749940e-01
5.176947194933892993e-01
5.169083988666536289e-01
5.160535205602644337e-01
5.152108446955682153e-01
5.143682277798647950e-01
5.135682786583898318e-01
5.127310003995894094e-01
5.119671732425684629e-01
5.111703164815902811e-01
5.104922175586225075e-01
5.098553163409235145e-01
5.091199994087222125e-01
5.084227429389950315e-01
5.077537550926205512e-01
5.070968570709225576e-01
5.063845701515674591e-01
5.059414536952970831e-01
5.054588404178619321e-01
5.048308887004850920e-01
5.042676909863951229e-01
5.036775007724760833e-01
5.031358437538149264e-01
5.026278670310972974e-01
5.021514260470866242e-01
5.017626378238204676e-01
5.013348056375980244e-01
5.009091556668281431e-01
5.004470207691189554e-01
5.000051373124119181e-01
4.996049476504330067e-01
4.992959299921993499e-01
4.989829611539844945e-01
4.986649206519127575e-01
4.983343189358711012e-01
4.979987635016441261e-01
4.977785589337351824e-01
4.976000481605533654e-01
4.973642941117286664e-01
4.970489934682848499e-01
4.967902534902094991e-01
4.966088936924936692e-01
4.964416298270227790e-01
4.962135588228699379e-01
4.960175722837451562e-01
4.957928630709643736e-01
4.954493115842344975e-01
4.952193532586102176e-01
4.950589309334760824e-01
4.948807501316075386e-01
4.945688092470170716e-01
4.943970751285549636e-01
4.942750651597973000e-01
4.941224126100542957e-01
4.939832166731356056e-01
4.938206416219475536e-01
4.935418488532309911e-01
4.933715475797657568e-01
4.932294676601890471e-01
4.931100061088799502e-01
4.930018979758026276e-01
4.928453387618069725e-01
4.926083619594573970e-01
4.923642923891539125e-01
4.922397417604923997e-01
4.920603169083597739e-01
4.919321394503111677e-01
4.917990695238109167e-01
4.916695192992688312e-01
4.915626123547552906e-01
4.914552606582643368e-01
4.913733639478686244e-01
4.912406429290768206e-01
4.912341965138914968e-01
4.913467120438818614e-01
4.913270800441499886e-01
4.913531848192213558e-01
4.914373345077038269e-01
4.913639135360715615e-01
4.913814213871960934e-01
4.914794535636901607e-01
4.915228105485436316e-01
4.916001811027526647e-01
4.917712805569176004e-01
4.918547087758777803e-01
4.919009495854373415e-01
4.920021253019567498e-01
4.920996760219338850e-01
4.921588253557684367e-01
4.923011138379577711e-01
4.924777366369962328e-01
4.926066745221612808e-01
4.926955987930293213e-01
4.928719974517820068e-01
4.929675049781802043e-01
4.930810767173767761e-01
4.932435072898865847e-01
4.933422268867496130e-01
4.934982763141392281e-01
4.936133625864981278e-01
4.937112080216404797e-01
4.938085819125173082e-01
4.939266153365374223e-01
4.941032970786092826e-01
4.941899728089567123e-01
4.942102197408678732e-01
4.942985458761457451e-01
4.943866951823232547e-01
4.945010610818862951e-01
4.946019228100779763e-01
4.947047888040546071e-01
4.947840752005581155e-01
4.948174403309817393e-01
4.948689028024669256e-01
4.948423837721350194e-01
4.947785484671592959e-01
4.947820850491528311e-01
4.948481601893904291e-01
4.948354874372482559e-01
4.947224346995354738e-01
4.947642253100876242e-01
4.948583573341370778e-01
4.950020604491230380e-01
4.951006721436981839e-01
4.952041761100290929e-01
4.952150216281416273e-01
4.951626212716098152e-01
4.952885825335975323e-01
4.955566554486751651e-01
4.957120882272723628e-01
4.957908950626847000e-01
4.958451226532462619e-01
4.958320962429043077e-01
4.958289133191104425e-01
4.959046551167965999e-01
4.959550514101984109e-01
4.959104315340520097e-01
4.959792070984841428e-01
4.960062646865847080e-01
4.959699300706383318e-01
4.959168706119055914e-01
4.958868035852909140e-01
4.959071430444713102e-01
4.961261443138120231e-01
4.962348092794415799e-01
4.962273212432863345e-01
4.961634665727615023e-01
4.960151798725129235e-01
4.959623508930203761e-01
4.960619028568267752e-01
4.960742859005929928e-01
4.961110812306407380e-01
4.960901479899879618e-01
4.959199695885185832e-01
4.958373569965360272e-01
4.958708501815798919e-01
4.958743222475056056e-01
4.959128237247468207e-01
4.958120005607605796e-01
4.957433110952381705e-01
4.957564004182817841e-01
4.958222597599030723e-01
4.960026801586155387e-01
4.960254390716553607e-01
4.958864681959149756e-01
4.958346415519717665e-01
4.958388867378238918e-01
4.958802772998812114e-01
4.959512662410731632e-01
4.959431885957715780e-01
4.959697376310824857e-01
4.960047437906268120e-01
4.960993760585782342e-01
4.961943031311039642e-01
4.963778484582897499e-01
4.965518421173100161e-01
4.966999519348140879e-01
4.969128008365626403e-01
4.971514338076115647e-01
4.972376433789725270e-01
4.974405483961109598e-01
4.977144495308396532e-01
4.978702400147915763e-01
4.980917785644530804e-01
4.982936811447144509e-01
4.984853234887122730e-01
4.988564610004422861e-01
4.991565434277055457e-01
4.992655771732333325e-01
4.994055503845210020e-01
4.995373280286784512e-01
4.997313683986661648e-01
4.999704549074168169e-01
5.001426438152790643e-01
5.003680875599384459e-01
5.006359788715836201e-01
5.008741568863392946e-01
5.009678835868836000e-01
5.010813603997226195e-01
5.010835415124891279e-01
5.010847794413562095e-01
5.012774837017056617e-01
5.014388270974154960e-01
5.016469759941097895e-01
5.018546532988547026e-01
5.019623531103137859e-01
5.020924358010296906e-01
5.021970596849919533e-01
5.022281398773194017e-01
5.024374254226681158e-01
5.026010347366335340e-01
5.026485024392602918e-01
5.028471002876756524e-01
5.029568300187587937e-01
5.028537518143654239e-01
5.029417859911914368e-01
5.030703017473225902e-01
5.031810629010197156e-01
5.033638672113421864e-01
5.035021196007731792e-01
5.034958139717581327e-01
5.036175224304199061e-01
5.036999753952028369e-01
5.038146333456039461e-01
5.039328730702395953e-01
5.040650047659872568e-01
5.041057726979255582e-01
5.042254282712932412e-01
5.044008803963659915e-01
5.045109568119047205e-01
5.046346692740916184e-01
5.046171525716782735e-01
5.045252636075022723e-01
5.046449097633358694e-01
5.047053691387175522e-01
5.046766736269001630e-01
5.046624568641189246e-01
5.046987581491473307e-01
5.046739887356758159e-01
5.047293967008588123e-01
5.047812646865846853e-01
5.045967261612414045e-01
5.044011026501660222e-01
5.043721201121810216e-01
5.043639744579795359e-01
5.043861560821532031e-01
5.044207490921015502e-01
5.043304012119770308e-01
5.040441240072249807e-01
5.038185661554339667e-01
5.035561730146409509e-01
5.034614068150516930e-01
5.033974027276040264e-01
5.034006846427920845e-01
5.033559835493568446e-01
5.030918514609333814e-01
5.028886318445201509e-01
5.028062613666061109e-01
5.025498721718791861e-01
5.022569298744197219e-01
5.020506981670853630e-01
5.017611756920813404e-01
5.015072443485260045e-01
5.012955602645876585e-01
5.011032910704613652e-01
5.007197042107580653e-01
5.004851556062702711e-01
5.002988974809651213e-01
5.000808200240133283e-01
4.998883378207685801e-01
4.995687643766405506e-01
4.988765208721158695e-01
4.984715813398358231e-01
4.981069466471670926e-01
4.976771016359328725e-01
4.975099302411074564e-01
4.972133472681047328e-01
4.967141994655136505e-01
4.963560196220873633e-01
4.960634253323073506e-01
4.956411788463587764e-01
4.952062309741973589e-01
4.948084420263771932e-01
4.944585389792922059e-01
4.940445844084022653e-01
4.936836550444366756e-01
4.932605090141294890e-01
4.927588554263118703e-01
4.923831937432290862e-01
4.922334126025437739e-01
4.919764846533533631e-01
4.917195499420162763e-01
4.913929460585115261e-01
4.908834018111233322e-01
4.905032535493375478e-01
4.899990354061122821e-01
4.896940147876739924e-01
4.895920362472529486e-01
4.891948774874214090e-01
4.888164882391691224e-01
4.883875668346877585e-01
4.878581232666971412e-01
4.873949007213113638e-01
4.869457076847553689e-01
4.865566542059181487e-01
4.861017109721902374e-01
4.857207798957822176e-01
4.855874499678609069e-01
4.851874306797982483e-01
4.845933259785171199e-01
4.842420537739990372e-01
4.837467666327957549e-01
4.835141963571309986e-01
4.835315226316452275e-01
4.834527000933884766e-01
4.834386062979696419e-01
4.832786129951481269e-01
4.832775895059104876e-01
4.836169143885369892e-01
4.837147243857388146e-01
4.840482073187826195e-01
4.841779075294737056e-01
4.839478063434360378e-01
4.839076911211012133e-01
4.841034312546254603e-01
4.841691004335884063e-01
4.842026947319512109e-01
4.843017484992746535e-01
4.843599252730608762e-01
4.843138924598697215e-01
4.843802556037904994e-01
4.843402667999270883e-01
4.840271341323852394e-01
4.838928509175774995e-01
4.839214619725945576e-01
4.839119445979590539e-01
4.841286048322914204e-01
4.840874119848010970e-01
4.837749297618869071e-01
4.836088856160644656e-01
4.835011115133758253e-01
4.833429858684543112e-01
4.832573970854278644e-01
4.830987181663509156e-01
4.829267625063652924e-01
4.827072590589525647e-01
4.824537003189326434e-01
4.823022373676301711e-01
4.820808414459230029e-01
4.821507419943810713e-01
4.826108837842940646e-01
4.826725663363936603e-01
4.827542707204817152e-01
4.827804844558237218e-01
4.826283269762989270e-01
4.825187360823158800e-01
4.824565657496451276e-01
4.825338148176669395e-01
4.826637805581093232e-01
4.828383867919447403e-01
4.829619492352013044e-01
4.827121446102859981e-01
4.826408812373871315e-01
4.826283411979679916e-01
4.825841447114948002e-01
4.827534222602840042e-01
4.828155505657191204e-01
4.826545391052963763e-01
4.826356964081529588e-01
4.827373880892995017e-01
4.826650309741493672e-01
4.825926116883758610e-01
4.825118023633953035e-01
4.821504947215318748e-01
4.821105798393485187e-01
4.823682604283092701e-01
4.823238966822623319e-01
4.822764713317158614e-01
4.822734694927929278e-01
4.820641672611236106e-01
4.818751705527304363e-01
4.817819852739569364e-01
4.816259483337401170e-01
4.812991917878391424e-01
4.812255588531489936e-01
4.812906136214729069e-01
4.812925273656841196e-01
4.813723939180372668e-01
4.813697177052498888e-01
4.812515093743806038e-01
4.810441359043118870e-01
4.809348141551021971e-01
4.809254251241686373e-01
4.809439524412152944e-01
4.811546248018737648e-01
4.813018544822927902e-01
4.812638595700263755e-01
4.811506975889206505e-01
4.807622715383771950e-01
4.803685673832896463e-01
4.802589244723322048e-01
4.801953718334436294e-01
4.802703460693363291e-01
4.802573902308943099e-01
4.801430808961391072e-01
4.801269788503648717e-01
4.802052372336391151e-01
4.801599915504453642e-01
4.799958762466912110e-01
4.800291391640903460e-01
4.799456241726872130e-01
4.798787590026858396e-01
4.800106976240868795e-01
4.799617551803591620e-01
4.798190512001511143e-01
4.798189044684167959e-01
4.795502191722391117e-01
4.795850461721420377e-01
4.798741956800225417e-01
4.798713071107867378e-01
4.797798779278997228e-01
4.798435336321593137e-01
4.796918305337427579e-01
4.798549894332884147e-01
4.801886300563815713e-01
4.803082516193388218e-01
4.803082617759708017e-01
4.799865388631820440e-01
4.799680089235306424e-01
4.799127134978772302e-01
4.799403474688533899e-01
4.801989626139404610e-01
4.803697096645828668e-01
4.800921959638593250e-01
4.798139797449108013e-01
4.798801923990248519e-01
4.797870555281643079e-01
4.796203955113889084e-01
4.797027456760409869e-01
4.795839948296548583e-01
4.791206060528755417e-01
4.788698941081758198e-01
4.786869634687903052e-01
4.785694685935973913e-01
4.785543032199140456e-01
4.785308178126816414e-01
4.782460463047027988e-01
4.780261863738295425e-01
4.778874990642072995e-01
4.775919543772932374e-01
4.773610819816584971e-01
4.773709822744129361e-01
4.771564944773908912e-01
4.767507365226741345e-01
4.761247372627260277e-01
4.755495099037889140e-01
4.750369381338361841e-01
4.744940852820876964e-01
4.741240312099452292e-01
4.736618958324197992e-01
4.731278511106969398e-01
4.725191092491150546e-01
4.719341948449612967e-01
4.710994352817533537e-01
4.700798419654369509e-01
4.690165094733235174e-01
4.680005575418471064e-01
4.670616859227421647e-01
4.659564210891726788e-01
4.649049749195577896e-01
4.637781083881855060e-01
4.626361171066758482e-01
4.610691017270091008e-01
4.594798503786330368e-01
4.581367421865461531e-01
4.566214548110965610e-01
4.548638458102945425e-01
4.530790081977847383e-01
4.510764556169508666e-01
4.488345577597619984e-01
4.467941917777059624e-01
4.448091112345460840e-01
4.430243617534637690e-01
4.411417155951260494e-01
4.390301333963869124e-01
4.366841081619259879e-01
4.342851260304448346e-01
4.321140517294408401e-01
4.298853320896628416e-01
4.275297159790991119e-01
4.254102653712031334e-01
4.233866750597954920e-01
4.213365541398526037e-01
4.194181093543766781e-01
4.176880658268929403e-01
4.159372892111540265e-01
4.139687633514400056e-01
4.120679956912992048e-01
4.104409287929533523e-01
4.086922247022385934e-01
4.070690210819248311e-01
4.057123524248598678e-01
4.044736167311664410e-01
4.032388102054594858e-01
4.020439763367180119e-01
4.008938083648680428e-01
3.997313884645696813e-01
3.986474292397501062e-01
3.978010560870167689e-01
3.968917418241498241e-01
3.959976201623677805e-01
3.953250368565320305e-01
3.944562371134758272e-01
3.937795623958115221e-01
3.932398646503683093e-01
3.929183614522223089e-01
3.925265903472897611e-01
3.923297255694864760e-01
3.922337461709980433e-01
3.919984939813614955e-01
3.916682641983030289e-01
3.914613889306786110e-01
3.913957659482958373e-01
3.913691259741786110e-01
3.913686982631680578e-01
3.914664860367771948e-01
3.916549041867257164e-01
3.917125021189446499e-01
3.918747518420219733e-01
3.922123247623444109e-01
3.923786559581754485e-01
3.925599015802143654e-01
3.929049709796906820e-01
3.932481029540302875e-01
3.935014139056202120e-01
3.938129576951261979e-01
3.941517658948897607e-01
3.944950747489929799e-01
3.947967502593998090e-01
3.952295347452162710e-01
3.957126458287235637e-01
3.961471442997451797e-01
3.965952408671376550e-01
3.969526969850066256e-01
3.973531193554404317e-01
3.977237564086911203e-01
3.980293161571029636e-01
3.985248931467528788e-01
3.990017818659546411e-01
3.993155818104746624e-01
3.996722234129906903e-01
4.000066472113134597e-01
4.004741392135621747e-01
4.009141316741708927e-01
4.012964199006554544e-01
4.018713715106244644e-01
4.023375536084175530e-01
4.025608221173286316e-01
4.029087758004662456e-01
4.033048700332646508e-01
4.036961118578912266e-01
4.041390833258626802e-01
4.046557070374484644e-01
4.052742301225660260e-01
4.056096577167507267e-01
4.058136845856903374e-01
4.061069821864367047e-01
4.063851630687712602e-01
4.066347024500366336e-01
4.069981433510784230e-01
4.069838043302301811e-01
4.070533135414127202e-01
4.075599326252938304e-01
4.079363260567187566e-01
4.082130636692050119e-01
4.086296930998568611e-01
4.090202761888503402e-01
4.090339561551813441e-01
4.093102896541355729e-01
4.097933867096903437e-01
4.101503644704821983e-01
4.104288956522945120e-01
4.105594536900524782e-01
4.107581439167259929e-01
4.109654480606316218e-01
4.110107375144954611e-01
4.110845827281479625e-01
4.111805389404294964e-01
4.112745801240205168e-01
4.111931131303307452e-01
4.112896020412446507e-01
4.111015115261075215e-01
4.106360489070418618e-01
4.104454757273196530e-01
4.104693010568620237e-01
4.103448310643436070e-01
4.099192171096801007e-01
4.095217336475853731e-01
4.091525842726227991e-01
4.088114843487740679e-01
4.084322114944458626e-01
4.081319956541066274e-01
4.077343018054958024e-01
4.071667408466338456e-01
4.066592855334279499e-01
4.059428658187393402e-01
4.054378335714336479e-01
4.048008457899096579e-01
4.037577527940268696e-01
4.030194968819620360e-01
4.024036117792132994e-01
4.015624423593286418e-01
4.009584184169774357e-01
4.002738301426168044e-01
3.994770689189433566e-01
3.986598116159443816e-01
3.977712181150909188e-01
3.970348828464742019e-01
3.961095628380778000e-01
3.950770566463469025e-01
3.941901005446915018e-01
3.930469664365048299e-01
3.918850989639758309e-01
3.910308555304999878e-01
3.901563254445788442e-01
3.891467553377149780e-01
3.881387378275398814e-01
3.871542356371877602e-01
3.862495249986652168e-01
3.855117625236514911e-01
3.845297518253324998e-01
3.834271896541119884e-01
3.823378713130949902e-01
3.810665632307525530e-01
3.801372485816479352e-01
3.795055158853530286e-01
3.785890714466571549e-01
3.776388786673543496e-01
3.765969682663681817e-01
3.755804985761646009e-01
3.746911113768820467e-01
3.737643885612489947e-01
3.727908895283936208e-01
3.719213329851625005e-01
3.710506453037261676e-01
3.702462749540809672e-01
3.694990914344788435e-01
3.690627971559764520e-01
3.683954309195276444e-01
3.675623999595642455e-01
3.668337580025194944e-01
3.659329978942875705e-01
3.651075393766161081e-01
3.645490099191664446e-01
3.640781847685580219e-01
3.635661128282549059e-01
3.630811997652050871e-01
3.626460120558735456e-01
3.621959847658869913e-01
3.617745990902181408e-01
3.613407381623984227e-01
3.608022353053097486e-01
3.602906768321988418e-01
3.599731804311274153e-01
3.595739700019354723e-01
3.591854714065793597e-01
3.587489177495243875e-01
3.581746789097788319e-01
3.575777627974747741e-01
3.570744011700156539e-01
3.564458936512466258e-01
3.559425131559369460e-01
3.556170577526089893e-01
3.552221577703957300e-01
3.547974607527258351e-01
3.544640974998472527e-01
3.542062448740002645e-01
3.538303744494918357e-01
3.534059603452678888e-01
3.528799541831015851e-01
3.524931531608109236e-01
3.520745891273025507e-01
3.515831553936001885e-01
3.514078767865900788e-01
3.511796991258862022e-01
3.506614668548102554e-01
3.503060342073440192e-01
3.500639090865848013e-01
3.495920878708365098e-01
3.493487225919957306e-01
3.491333323955540524e-01
3.490021737575527139e-01
3.487279543876646293e-01
3.484866607040164044e-01
3.482202187925581560e-01
3.477381865561009477e-01
3.476952205657963257e-01
3.477253975182767465e-01
3.476693791925908328e-01
3.477168172448869554e-01
3.476028739690782410e-01
3.474009495735171371e-01
3.472336384534838172e-01
3.469703222513202401e-01
3.468088309288024917e-01
3.469506234169005277e-01
3.470031142830851678e-01
3.469227274954315154e-01
3.470403607845309324e-01
3.469449691236018984e-01
3.465817214995624007e-01
3.463892207741738338e-01
3.462091465890405062e-01
3.462045179963116337e-01
3.463025205135347173e-01
3.462532940089699807e-01
3.462098464965818190e-01
3.462779092788693114e-01
3.461387743860483979e-01
3.458669938862321547e-01
3.460796777844425409e-01
3.463523938536647306e-01
3.466338742166760190e-01
3.473183462083340722e-01
3.475200355559585619e-01
3.478928423583506624e-01
3.481980254977941058e-01
3.482927999496464033e-01
3.482782365024086335e-01
3.481653964281079539e-01
3.482199459075926984e-01
3.482550270974633100e-01
3.483882436305287267e-01
3.487938929378985309e-01
3.491120650112626844e-01
3.491236932277683169e-01
3.492838626235722499e-01
3.494850116819143704e-01
3.493316597700121262e-01
3.492669970929618839e-01
3.494683375269170278e-01
3.499257598787541279e-01
3.504985756635670135e-01
3.508236084043980796e-01
3.510085460722450201e-01
3.512620741367335486e-01
3.515671687602993090e-01
3.519717948317527267e-01
3.527095587015156575e-01
3.531007425785065434e-01
3.530649037599560280e-01
3.534197314023971304e-01
3.539356374621395740e-01
3.543054073631765055e-01
3.547949348330494135e-01
3.553850970536471809e-01
3.555116314709184655e-01
3.554317589759825591e-01
3.560919536054134582e-01
3.566599859595297461e-01
3.570813732653853600e-01
3.575690798521044544e-01
3.577763626813885156e-01
3.579985834479328388e-01
3.586581192612645075e-01
3.593730376660822512e-01
3.598751418292520099e-01
3.604019910693166406e-01
3.608327067852019621e-01
3.611675063699485988e-01
3.616657833874227790e-01
3.621422615706920700e-01
3.624961928278210843e-01
3.629514550566675379e-01
3.634686967581510775e-01
3.638451157212261311e-01
3.642301631867886913e-01
3.647646699547770210e-01
3.652383620381354223e-01
3.655881507933138042e-01
3.658416869461537102e-01
3.664189723134040344e-01
3.666719568014140673e-01
3.665746547102931574e-01
3.668570019453766262e-01
3.670753767460583905e-01
3.670027365505696970e-01
3.674459658265113449e-01
3.680065230250358366e-01
3.679621541261675621e-01
3.680815191566941258e-01
3.688027983516454222e-01
3.691134659439329058e-01
3.693975038677448919e-01
3.699793775439267352e-01
3.701958416461943457e-01
3.695576879501339951e-01
3.696372924298044205e-01
3.704773046851160823e-01
3.706827628970149058e-01
3.706413361132148143e-01
3.708318024128671175e-01
3.711183616876600477e-01
3.705183068990712258e-01
3.702607366055247762e-01
3.705520330339669433e-01
3.702571118116378956e-01
3.701476829946045433e-01
3.706980808317662524e-01
3.705452971965078612e-01
3.702168109536175256e-01
3.702716811895372384e-01
3.700635905861849873e-01
3.697542887270448553e-01
3.692442565083506878e-01
3.690216226577758274e-01
3.686835416972641388e-01
3.680885717332366136e-01
3.675669197559354728e-01
3.669596188515427682e-01
3.658917882889505258e-01
3.650686475604775771e-01
3.643362885385756922e-01
3.636004774153228647e-01
3.627949824452404992e-01
3.623214949011807073e-01
3.613809498906133677e-01
3.599501521348950073e-01
3.588956673622133997e-01
3.578491218656300044e-01
3.567065982759002885e-01
3.556263509988789595e-01
3.547430680036541273e-01
3.532699566096069721e-01
3.519905016154048494e-01
3.512078258693220323e-01
3.500001559257508998e-01
3.490300540477039859e-01
3.481589778244491007e-01
3.467161108165977002e-01
3.458603891372676320e-01
3.451834850013253964e-01
3.437875420570375429e-01
3.424990091979507878e-01
3.411345019578935212e-01
3.397855987221002905e-01
3.389720906585455551e-01
3.380270417332652544e-01
3.368467676103117370e-01
3.357001050055026803e-01
3.346521437525750708e-01
3.334946216344828462e-01
3.324801610916857109e-01
3.312969795465470768e-01
3.302438837528230420e-01
3.293022329628466638e-01
3.285121381342414049e-01
3.280273405313487989e-01
3.278365335971112349e-01
3.272900507688521476e-01
3.269842352718111966e-01
3.265670434892176122e-01
3.258612366437913521e-01
3.254113224148753591e-01
3.251660355269908043e-01
3.248287634968758941e-01
3.244170186996460092e-01
3.240468942493197058e-01
3.239490185022352309e-01
3.233128120154146745e-01
3.226585052371024331e-01
3.225157914161683737e-01
3.221947704613211116e-01
3.220192525506018200e-01
3.217483178794383059e-01
3.212826983481643639e-01
3.206847201257940205e-01
3.197678093165156055e-01
3.189784035146234764e-01
3.181017109751703154e-01
3.171343100845818719e-01
3.167031913816933386e-01
3.159899600565437283e-01
3.150598367214199058e-01
3.140913624286650330e-01
3.126761233806608642e-01
3.111990740060807115e-01
3.102301049649718867e-01
3.095890623033049627e-01
3.085684397667642354e-01
3.076997145056728500e-01
3.072659058570864632e-01
3.065583953946825480e-01
3.054898186445232366e-01
3.048448208928103975e-01
3.045664736330507272e-01
3.042188707351680121e-01
3.040342665016655399e-01
3.041769472599025192e-01
3.038766385078428556e-01
3.036212062716485693e-01
3.040784253180028318e-01
3.048288467168812077e-01
3.053403625100851171e-01
3.055574491620059452e-01
3.057457956701514767e-01
3.060487171292307629e-01
3.060574887603520478e-01
3.060116275101903982e-01
3.062826792508362983e-01
3.061754688799377955e-01
3.053634181976321860e-01
3.050994086384770099e-01
3.050184063613415875e-01
3.047888423621657461e-01
3.045538638204334791e-01
3.049582288503648320e-01
3.049052574634550372e-01
3.043828645825382151e-01
3.036143343836073538e-01
3.027514890342949960e-01
3.019233039468523505e-01
3.008792737901208603e-01
3.002051168471578380e-01
2.998669182896613328e-01
2.992559789657588398e-01
2.988964807391168432e-01
2.990990169048314273e-01
2.988202012777326777e-01
2.981137334346767309e-01
2.977666842341422093e-01
2.971550989151001687e-01
2.959968097209931814e-01
2.951647896230225609e-01
2.951481710970402239e-01
2.950353819012638823e-01
2.950108714640138907e-01
2.954381246447566056e-01
2.957479929238560623e-01
2.956199095726009252e-01
2.958049000918865357e-01
2.964657596826557051e-01
2.963668145298957723e-01
2.966670256108044912e-01
2.971698847115041842e-01
2.969960192561150736e-01
2.971784501194951189e-01
2.968647417873139793e-01
2.967078485488891526e-01
2.971876968741415936e-01
2.967734397321939999e-01
2.969924802392722718e-01
2.975936947524546738e-01
2.971900478124614442e-01
2.974410351812843967e-01
2.983648964166639717e-01
2.985326072245832463e-01
2.986723554432388350e-01
2.991050912261009609e-01
2.988767618894581646e-01
2.991361154466867234e-01
2.995870392322536047e-01
2.989594619750979287e-01
2.987932746976614262e-01
2.981596090704204394e-01
2.972163985848422785e-01
2.975458827078343305e-01
2.976256827235224667e-01
2.978584803968665762e-01
2.982545670032501484e-01
2.978482684224846300e-01
2.975824710726742706e-01
2.969695979952816089e-01
2.963017903625960181e-01
2.959207352578642203e-01
2.958043840527536106e-01
2.958459115982059462e-01
2.953420752882958689e-01
2.952134162902833037e-01
2.953299420833583877e-01
2.961432112812999451e-01
2.977984666526317103e-01
2.984615006715061747e-01
2.983738552331922644e-01
2.975960467696194267e-01
2.963163792580368883e-01
2.961574110746382771e-01
2.967648742318149124e-01
2.971875975608823661e-01
2.968734184801582465e-01
2.960638396620754453e-01
2.958256925582881669e-01
2.953180856466296467e-01
2.952086755514141680e-01
2.959400745749473094e-01
2.953843986362218454e-01
2.945363156497479151e-01
2.936645661234851268e-01
2.919136034011842185e-01
2.913992013931275271e-01
2.909956837207074987e-01
2.898987365484234080e-01
2.899830193668608280e-01
2.901024300336834116e-01
2.894256653040647165e-01
2.902470655679705303e-01
2.909068291336294187e-01
2.895271186947821485e-01
2.887408934533597926e-01
2.884823476374147599e-01
2.873930725097657568e-01
2.872032058775426111e-01
2.878044157326222208e-01
2.859841410100461556e-01
2.844502414584156313e-01
2.841548769772055949e-01
2.821382476687429586e-01
2.806954835236074031e-01
2.805675170481201075e-01
2.797178240597244514e-01
2.781697162806988644e-01
2.775863996744157847e-01
2.770578722476959022e-01
2.749744993180039954e-01
2.737991142094134966e-01
2.733367013931275458e-01
2.719289241582160122e-01
2.707260459661482987e-01
2.705768797755241373e-01
2.707369349956510463e-01
2.699924676239488508e-01
2.701334641665224523e-01
2.701375454276801480e-01
2.681085140883920359e-01
2.678748090565205575e-01
2.677794957935810127e-01
2.669130165994163528e-01
2.673152849018570754e-01
2.651513759791851443e-01
2.640787753582000685e-01
2.646256919294593946e-01
2.621269449412825248e-01
2.612923939079045410e-01
2.608022333085533995e-01
2.597913676023482776e-01
2.598974814295770264e-01
2.615049795866011828e-01
2.607945630311969132e-01
2.580844104409218964e-01
2.571028723210099787e-01
2.560358134895558968e-01
2.553300701051952615e-01
2.576253155469894196e-01
2.562027203440668255e-01
2.506027195453641720e-01
2.492419967055319319e-01
2.479771456718445899e-01
2.477325073420998391e-01
2.515435885816808548e-01
2.515897908657785398e-01
2.492315147817136534e-01
2.484474835485224187e-01
2.475138054907319862e-01
2.482030033618208842e-01
2.473295483529568406e-01
2.470241551190613671e-01
2.470402619540691680e-01
2.433909390449520704e-01
2.434086461067198059e-01
2.434788583070042201e-01
2.401810057997707804e-01
2.434309270262713654e-01
2.451316304504874699e-01
2.429525335997343161e-01
2.453529261350627932e-01
2.484513761043547486e-01
2.476917387843129981e-01
2.453837808340784410e-01
2.436045947611335527e-01
2.423700324296947373e-01
2.429642560958861774e-01
2.458976156651970224e-01
2.510227901428938035e-01
2.525727888196706572e-01
2.475282310247424455e-01
2.491687683105472395e-01
