4.039688753038642860e-02
3.900787845142182630e-02
4.239919059090313525e-02
4.268607600331304069e-02
3.663645000159738291e-02
3.932676688134666143e-02
3.898726298734545015e-02
3.489277300089600742e-02
3.142194480895991321e-02
3.570251880921420512e-02
3.878904147595167717e-02
3.841827860176563747e-02
3.825921950787303932e-02
3.622304196730258274e-02
3.528483511321243299e-02
3.606040712185205194e-02
3.359741506911815417e-02
3.493084151260552467e-02
3.745808544345200636e-02
3.720541418865327965e-02
3.616949359588329804e-02
3.535901960358019819e-02
3.472804288789627797e-02
3.375417203903196411e-02
3.422540870681401587e-02
3.533579083234068136e-02
3.563585252836346667e-02
3.329145464748142075e-02
3.305377128534015690e-02
3.458824001848694735e-02
3.592566802389917519e-02
3.438468338102105420e-02
3.414310543239115758e-02
3.485128812789912989e-02
3.409106364771726655e-02
3.277087158523502713e-02
3.260835479646925078e-02
3.358662170171733408e-02
3.369865310490130494e-02
3.341370627321298831e-02
3.337444411665202448e-02
3.375874564647671217e-02
3.340064806342121079e-02
3.350600214861337856e-02
3.341809354424477713e-02
3.226217564865949128e-02
3.270012094452981466e-02
3.352553055323661407e-02
3.376478084921834266e-02
3.305999674126509219e-02
3.289082172140474908e-02
3.292275623530144940e-02
3.275588243268427041e-02
3.275389828905466566e-02
3.253285852968688247e-02
3.235672079361976566e-02
3.255834582448002140e-02
3.230112816989417351e-02
3.239431204274299814e-02
3.266238302253188230e-02
3.199753575325012256e-02
3.190251908451316454e-02
3.257739791311325267e-02
3.342196098119021297e-02
3.256540091335776571e-02
3.215856046676637131e-02
3.225963486842809563e-02
3.217840247191484926e-02
3.205837380588056479e-02
3.197502939924593002e-02
3.191567871719602767e-02
3.178213082998992967e-02
3.167509747780855589e-02
3.158581232726577481e-02
3.157899909093980079e-02
3.201756904982033802e-02
3.198941559791564082e-02
3.160161023139950592e-02
3.141099452227359007e-02
3.169184924140577148e-02
3.172233644723893020e-02
3.131927546449005811e-02
3.093817044943573263e-02
3.100890893079340585e-02
3.107648430392142072e-02
3.080536270476881555e-02
3.074518476948138665e-02
3.053369825184341219e-02
3.033583198487759675e-02
3.050083344876763566e-02
3.052924951538439277e-02
3.031752965375784925e-02
3.005854794979100075e-02
3.031344129703943471e-02
3.031267003566030446e-02
3.009328733906147316e-02
2.999337554406378281e-02
3.064668002333494762e-02
3.083152840062980057e-02
3.051644746996462140e-02
3.051780526377262728e-02
3.066933072656397724e-02
3.070008995756507569e-02
3.059530505631115338e-02
3.088958787135779802e-02
3.102830380201336211e-02
3.094660949707033967e-02
3.082126159220933276e-02
3.106646496579050856e-02
3.110166229903698482e-02
3.093964855447412302e-02
3.115755398571487186e-02
3.137920903712505816e-02
3.144224816411732293e-02
3.135256355702879111e-02
3.140683462657031105e-02
3.138312076851721560e-02
3.121635060422120814e-02
3.099838634021582703e-02
3.144918159060176160e-02
3.165297865606843397e-02
3.130883133709432692e-02
3.108105164915319837e-02
3.114834201186891111e-02
3.133568240404130401e-02
3.139398809224364095e-02
3.116040449589490766e-02
3.112754275090988398e-02
3.127233666367832537e-02
3.124812455847861617e-02
3.113951575979594794e-02
3.118410368561741475e-02
3.138426844738427535e-02
3.121239585839208006e-02
3.109255207516254532e-02
3.111206295490269794e-02
3.121417475417253076e-02
3.127271623797715089e-02
3.118584139272572581e-02
3.100833457522094924e-02
3.095851899385452730e-02
3.117323990464213046e-02
3.136871541179715728e-02
3.135013997778298561e-02
3.145999531298871582e-02
3.150035008974370887e-02
3.146406906247140034e-02
3.144480256810788799e-02
3.140971783921123195e-02
3.148053119033577402e-02
3.171989186853173270e-02
3.212252955697473406e-02
3.206249155104157200e-02
3.201438847929240911e-02
3.249936547614633991e-02
3.266268457919360019e-02
3.274904869757594428e-02
3.286340714395048768e-02
3.296077255681158918e-02
3.319626811742783928e-02
3.348420201390978068e-02
3.378083958774809326e-02
3.433378120400008837e-02
3.453608791828152030e-02
3.459957361817362492e-02
3.504112889170647033e-02
3.555213952064517624e-02
3.586702593564987385e-02
3.605705873966219555e-02
3.663625369407240429e-02
3.705764765851198711e-02
3.749068694747983987e-02
3.810880424268548589e-02
3.836476740539077057e-02
3.881834618747232596e-02
3.951880420446398506e-02
4.010102957859634776e-02
4.059862224161623484e-02
4.113053454682227134e-02
4.171681935526429935e-02
4.214266074933108175e-02
4.266737452559177246e-02
4.319786047078671282e-02
4.356219726428385564e-02
4.409994270838793473e-02
4.466138711571690512e-02
4.512710864692930784e-02
4.549511048644780398e-02
4.596808059029285770e-02
4.643384543471040099e-02
4.678409191556270885e-02
4.718668600022793425e-02
4.756552407741542615e-02
4.789025242626664125e-02
4.815625299364330314e-02
4.855059866160153087e-02
4.899545056857166486e-02
4.936044798754155027e-02
4.951377952881157174e-02
4.975302190668880881e-02
5.006779702715574709e-02
5.031557217650120539e-02
5.043992477245626271e-02
5.055194792076943278e-02
5.066926168575881101e-02
5.063600125908853528e-02
5.059589168652892099e-02
5.053879578933120204e-02
5.043361933082338849e-02
5.033883800320331642e-02
5.014576928615568224e-02
4.989790556132791405e-02
4.972335281074050789e-02
4.942480776906017781e-02
4.908489826470612688e-02
4.875429750680926322e-02
4.824901933968064188e-02
4.777535198852418674e-02
4.734211936555800249e-02
4.690264140814540822e-02
4.646709832176568189e-02
4.597984471544625668e-02
4.546983773000540935e-02
4.507088036723437552e-02
4.471896430850032939e-02
4.438243284523483295e-02
4.406429007053379310e-02
4.381015645079319037e-02
4.349297865703705829e-02
4.314113342687486002e-02
4.286993048712615245e-02
4.262327659875156383e-02
4.238623994067310802e-02
4.216154380515213518e-02
4.195913683064279170e-02
4.173968746885656222e-02
4.156053555943070577e-02
4.149683525562288672e-02
4.135239993929860913e-02
4.122016220390798541e-02
4.112043713741000972e-02
4.092851459570225753e-02
4.078113877214491895e-02
4.066066165938978655e-02
4.052539228759709233e-02
4.040885337367655650e-02
4.031297707334161040e-02
4.027230944409963126e-02
4.033317705318333057e-02
4.025791513994334686e-02
4.017138426080341801e-02
4.015863370299334323e-02
4.006742897406219417e-02
4.002932139560582553e-02
4.000015256628389887e-02
3.988435252644126350e-02
3.967804041206832166e-02
3.949558654166757804e-02
3.936884008236231358e-02
3.921071364097295647e-02
3.902409621514379284e-02
3.885491621755059188e-02
3.873653750717637179e-02
3.861003857068718431e-02
3.845728374384345394e-02
3.830730338916180089e-02
3.821718661226327501e-02
3.810675449259576242e-02
3.799548005647962468e-02
3.789903851747512126e-02
3.778717484474183180e-02
3.768114824630318382e-02
3.760437553524972887e-02
3.758769914731380918e-02
3.752994874939326320e-02
3.749752695485952803e-02
3.750321259088814502e-02
3.747942084558307518e-02
3.746868131086233261e-02
3.750351922363045348e-02
3.756863619610671667e-02
3.749243241809310095e-02
3.746346116550262201e-02
3.747083512879910427e-02
3.738170105442405883e-02
3.734513787068425433e-02
3.723548156879846055e-02
3.703081344924870344e-02
3.698291963152586237e-02
3.690840048640962184e-02
3.676319325827062667e-02
3.656345712319021557e-02
3.635760311074559548e-02
3.622734595388173162e-02
3.616684084385634462e-02
3.609868761599067249e-02
3.592931321114304494e-02
3.580658124089244193e-02
3.584207665435970580e-02
3.587342970892783145e-02
3.593135433867571116e-02
3.604321287348868919e-02
3.621969199180600368e-02
3.628301048278810559e-02
3.634692394733431142e-02
3.647860886380076273e-02
3.662410010844473901e-02
3.664533400386576351e-02
3.668656917959452202e-02
3.689451555386189657e-02
3.699946924932297210e-02
3.708796968311069836e-02
3.720394012033936826e-02
3.733188883513212375e-02
3.760500309169295674e-02
3.790922801010312287e-02
3.815608532167971689e-02
3.843110165558757257e-02
3.877140580676494142e-02
3.916595748625697343e-02
3.958135303109880376e-02
3.996456656977530331e-02
4.039134298488494812e-02
4.089512818232181324e-02
4.146169155500824960e-02
4.197799748517572205e-02
4.255466373302046329e-02
4.326420625671748704e-02
4.395216669403014670e-02
4.463354821912941806e-02
4.535533513762054353e-02
4.617882708348330922e-02
4.712312472090127158e-02
4.804024135507638932e-02
4.894055754058064533e-02
5.007534743249415082e-02
5.131987088918690820e-02
5.270785422921177993e-02
5.426956941485409219e-02
5.592572128772734658e-02
5.772905370295051963e-02
5.977404403090476326e-02
6.215618302226062764e-02
6.473053880333896892e-02
6.756292931437489491e-02
7.066712765097619975e-02
7.392910264134404386e-02
7.757738263607023843e-02
8.149514042139051340e-02
8.552002803683281251e-02
8.979348680526014204e-02
9.430346852093937637e-02
9.896429635956888182e-02
1.036324183121327402e-01
1.084873095288872574e-01
1.134948962889616580e-01
1.186160152666270728e-01
1.238570358656342490e-01
1.292217530965804884e-01
1.346932410642504296e-01
1.402453933507205319e-01
1.458615327626470448e-01
1.515466612726447670e-01
1.573189728409052079e-01
1.631539194881913291e-01
1.690974010527129534e-01
1.751099691241982670e-01
1.811261328309773933e-01
1.870892350226637801e-01
1.930543939769263639e-01
1.990653590977191079e-01
2.050508686155076421e-01
2.109367608278988060e-01
2.167443185001614869e-01
2.224967430979014615e-01
2.281824486851691813e-01
2.336941580772402549e-01
2.390433536320920593e-01
2.442562109827995653e-01
2.493516848981383316e-01
2.542595051228999092e-01
2.589869221150873924e-01
2.635803092122075419e-01
2.680756425619130190e-01
2.724124593496320967e-01
2.765163083523507481e-01
2.804155078947539459e-01
2.841843011081219839e-01
2.878734064966437800e-01
2.914465438127519237e-01
2.948570344924923980e-01
2.981030388027429145e-01
3.012070171773432725e-01
3.042896902292966388e-01
3.073479504883293023e-01
3.100682335495949515e-01
3.125727193057534770e-01
3.151864354312414740e-01
3.176850912272926042e-01
3.200933424383405335e-01
3.223635266691441958e-01
3.244906078577044495e-01
3.265827053189273022e-01
3.286364197432991574e-01
3.306231873840089208e-01
3.325310494363306613e-01
3.344020710349082659e-01
3.362542729318137580e-01
3.380757596552367850e-01
3.398514991164207633e-01
3.415710753798487098e-01
3.432288957983251620e-01
3.448214390754701930e-01
3.464182082414630215e-01
3.479942291021350664e-01
3.494726104021069757e-01
3.510817991256715564e-01
3.526441800355910039e-01
3.540728690832854464e-01
3.554451584279535448e-01
3.567450834363697920e-01
3.581051542729137283e-01
3.595403999984259635e-01
3.609352329343555876e-01
3.622502165883775271e-01
3.635083974927660333e-01
3.647532356679435983e-01
3.660328063577417690e-01
3.673129983276129384e-01
3.685634280234572624e-01
3.697735632687811358e-01
3.710012422800066378e-01
3.721659649103880585e-01
3.732961325347420867e-01
3.744764463365080065e-01
3.757007563114166948e-01
3.767843187332152177e-01
3.778075813293455543e-01
3.789737527370455328e-01
3.800896249771115176e-01
3.811506711244578849e-01
3.821928994655608425e-01
3.832651297807696533e-01
3.843279216051104230e-01
3.853609481573107565e-01
3.863534394979481479e-01
3.873079401731495119e-01
3.882806373119352950e-01
3.893005860805514029e-01
3.903537322998043013e-01
3.913672605276108940e-01
3.923378273487086454e-01
3.932772974491123841e-01
3.941971212863920049e-01
3.951543144464497170e-01
3.960588414192202089e-01
3.969194629073143910e-01
3.978135762810712239e-01
3.986933381527661968e-01
3.995674728155138578e-01
4.003559971153737851e-01
4.011402895152573200e-01
4.019192550480360504e-01
4.027103835940363807e-01
4.034866806596517086e-01
4.043178841501470222e-01
4.050567941665653704e-01
4.057501936465497394e-01
4.066260156333447728e-01
4.074294847548010079e-01
4.081542346179480862e-01
4.088087586164473319e-01
4.094914262294764851e-01
4.102049304842951272e-01
4.109433013021948078e-01
4.115867924571036673e-01
4.122246602416042016e-01
4.128254844188694594e-01
4.133915188431735444e-01
4.140652664542196493e-01
4.146633277177814714e-01
4.153783901542427714e-01
4.160823706984514980e-01
4.166588230401276904e-01
4.173322240501638469e-01
4.179863537371155680e-01
4.186135007143021447e-01
4.192101725220684916e-01
4.198192288428545527e-01
4.203434788435692626e-01
4.208872705250980006e-01
4.216496995925898550e-01
4.222601424694062966e-01
4.227957230240107500e-01
4.232366839379075318e-01
4.236720476984975892e-01
4.242422312736512935e-01
4.248567065417762634e-01
4.254568469166753464e-01
4.258290210247039909e-01
4.262479020059106727e-01
4.267744427740577384e-01
4.273329704940321272e-01
4.278942230284217829e-01
4.284183463990686724e-01
4.288412979215382448e-01
4.293091837853192372e-01
4.297274256438012863e-01
4.301591744631524383e-01
4.306227357298136882e-01
4.310610306859020135e-01
4.315139285624022825e-01
4.319252984583379917e-01
4.322824035465718806e-01
4.326974463880060018e-01
4.331001967102292016e-01
4.335261102855201831e-01
4.340307596325873596e-01
4.344137027263643147e-01
4.347993711829183372e-01
4.351753450185061878e-01
4.354462792575356511e-01
4.358032191932198485e-01
4.361509452909235196e-01
4.365323567062617816e-01
4.369882194876668069e-01
4.372338014841083420e-01
4.375694062113763549e-01
4.379170084595679913e-01
4.381215278953318193e-01
4.384541368067264577e-01
4.387414263099429501e-01
4.389719332605597213e-01
4.392495960921053433e-01
4.394992964744571240e-01
4.398668206274514159e-01
4.402636957705023946e-01
4.405523187756540948e-01
4.408361733555789530e-01
4.410716328620913895e-01
4.412681156754497680e-01
4.414515384405849896e-01
4.417432715475556049e-01
4.420311251461508939e-01
4.422069816112522700e-01
4.423711482524872451e-01
4.426182273387910260e-01
4.428178922086958291e-01
4.430394534170630783e-01
4.433507287055258872e-01
4.436030236482619293e-01
4.438497521728279605e-01
4.441032018512482971e-01
4.442547090947625565e-01
4.443784193813801742e-01
4.445801817297934666e-01
4.448002699613569089e-01
4.450849576711652378e-01
4.452762692332272731e-01
4.453630887418988937e-01
4.455311429679397750e-01
4.458449310243128294e-01
4.460924313068391767e-01
4.462706508994101484e-01
4.463525235772128341e-01
4.465026544868948011e-01
4.468947513878345768e-01
4.471356092214584521e-01
4.470850876778361682e-01
4.472419501155615040e-01
4.474596337437634630e-01
4.476862259745600925e-01
4.478817712813613627e-01
4.479382079243656167e-01
4.478415548801420454e-01
4.478958001434804603e-01
4.482579679191108224e-01
4.484402059614659986e-01
4.484492024481299133e-01
4.484497294813390988e-01
4.485946648567912809e-01
4.484591097414491467e-01
4.485575876772399107e-01
4.486361806452272560e-01
4.484886412858962168e-01
4.484399941325190042e-01
4.484573934793474881e-01
4.484217366546396910e-01
4.482673358678816444e-01
4.482412986516952635e-01
4.480757552146913403e-01
4.479663101434709915e-01
4.479300651550294776e-01
4.476083575963969441e-01
4.474184042692180285e-01
4.473045210361479285e-01
4.470851823359724975e-01
4.467604599505663465e-01
4.463718048870565780e-01
4.460045100241903926e-01
4.456642556369307950e-01
4.452999192506073567e-01
4.448054778277873988e-01
4.444344334959983156e-01
4.441907979130744755e-01
4.438989144384864471e-01
4.433480424344539705e-01
4.430009297668935919e-01
4.427893270552155647e-01
4.423649895191189008e-01
4.424131142348049495e-01
4.424002474546437913e-01
4.421496558189392800e-01
4.418597539514301786e-01
4.415853513777261430e-01
4.417171841114754804e-01
4.418927638977767636e-01
4.415797609835860893e-01
4.415763298422095695e-01
4.414969994872804393e-01
4.415636996924879876e-01
4.418982534170146081e-01
4.415375762343401456e-01
4.415258510500191802e-01
4.417266802370549139e-01
4.416360986143346712e-01
4.413903989493851987e-01
4.415653046965601902e-01
4.416425411820407709e-01
4.414192887067792115e-01
4.416052736252542577e-01
4.417039678841824246e-01
4.418497326225043764e-01
4.422132278949020834e-01
4.426344928741454687e-01
4.421973018646241926e-01
4.421585435867314007e-01
4.427748918533322975e-01
4.431412477493290591e-01
4.432015285491942569e-01
4.432554366558789649e-01
4.434889383912082317e-01
4.437569672852758051e-01
4.439302190423012329e-01
4.443419020771983141e-01
4.448181987762450662e-01
4.450905034989114384e-01
4.452472925782202107e-01
4.452425342291596588e-01
4.454101404249665164e-01
4.457772108197209926e-01
4.447975330352786361e-01
4.450152129411692470e-01
4.454069540262224902e-01
4.455724544674162790e-01
4.457060159593821402e-01
4.461104531586166932e-01
4.467516074180607477e-01
4.470652675211433946e-01
4.475272786736488873e-01
4.479150111258032863e-01
4.480864666938776941e-01
4.483639333903786661e-01
4.486578867673868820e-01
4.490508141875269033e-01
4.493616365343334751e-01
4.495065156131982653e-01
4.499377849429849752e-01
4.499652895152573828e-01
4.502580019772055020e-01
4.506458746433262830e-01
4.510295705080029638e-01
4.515189016342158745e-01
4.518775179862975500e-01
4.521664197921755335e-01
4.524016473054886522e-01
4.524494135856629851e-01
4.526521470308307316e-01
4.529425849199290588e-01
4.531347725629808476e-01
4.534320342063902221e-01
4.538675656497475619e-01
4.541074362903835815e-01
4.542809371083973979e-01
4.544063102602963755e-01
4.544771921038627815e-01
4.546052224338058001e-01
4.546276683509347105e-01
4.548959561288355435e-01
4.552989855140448516e-01
4.556266628354790349e-01
4.561705374956132042e-01
4.564868158042429958e-01
4.566070369988675659e-01
4.567102187365292831e-01
4.568161173373457284e-01
4.568967668294905415e-01
4.571425266265869425e-01
4.574740173816676525e-01
4.576646600067615367e-01
4.578982747495177752e-01
4.580479240417479336e-01
4.580156432688232138e-01
4.580495141476395027e-01
4.581300455152987894e-01
4.583007649272676787e-01
4.585394059181210902e-01
4.588195086032156866e-01
4.593104634940624043e-01
4.594919617652895028e-01
4.599308532893660595e-01
4.601016468286518446e-01
4.601408011436465828e-01
4.599294682383537891e-01
4.600596578121182723e-01
4.601060760498049684e-01
4.602714631676671497e-01
4.608571538448332228e-01
4.609969105362891062e-01
4.608363365054132244e-01
4.608092887282374539e-01
4.605411732077594467e-01
4.606073457717893005e-01
4.610547856926918153e-01
4.612424370288850661e-01
4.615571184277529326e-01
4.616884595990181639e-01
4.617372400879855565e-01
4.615139778137206661e-01
4.614603842377658638e-01
4.614019775748257057e-01
4.614206098318098248e-01
4.614543343037371681e-01
4.615907976150512293e-01
4.619943108558658973e-01
4.621029263198370707e-01
4.621659457325937304e-01
4.622320497333999856e-01
4.619226209521289372e-01
4.619038080841306182e-01
4.619395774900911245e-01
4.620494258970022083e-01
4.620612407296894597e-01
4.621414043694731522e-01
4.621702208518986832e-01
4.620238793849946179e-01
4.620155490875248461e-01
4.620451482295989676e-01
4.620924123287197260e-01
4.622159488677981543e-01
4.623002266645433456e-01
4.625755695819849800e-01
4.625252037763590840e-01
4.621335320949554459e-01
4.620678035467866707e-01
4.618804415732623569e-01
4.617603195637459690e-01
4.617537019222978656e-01
4.620595019519332380e-01
4.620353062003849653e-01
4.618909293532366678e-01
4.617274381577968767e-01
4.614097913682456142e-01
4.612465660601849926e-01
4.610792933553453654e-01
4.609977830290789558e-01
4.611016668438915334e-01
4.609062789976599572e-01
4.605477675616736488e-01
4.602078405737876632e-01
4.596327567934990754e-01
4.592171328961846544e-01
4.590125857830045786e-01
4.586061211526397119e-01
4.581267664849761334e-01
4.575743363738064562e-01
4.571302086949347032e-01
4.565764275968078878e-01
4.559431676983832782e-01
4.553416697740550467e-01
4.546332743406295562e-01
4.537617553174494445e-01
4.529260460734365612e-01
4.521764339387417397e-01
4.512742461442950659e-01
4.502772466689344832e-01
4.492528122961517711e-01
4.482047387212512723e-01
4.470950850248335828e-01
4.458714312762019349e-01
4.447515240758661559e-01
4.436807864159345027e-01
4.426291965097191583e-01
4.414679803967471727e-01
4.404349628150459051e-01
4.392879862248896816e-01
4.378976390480991965e-01
4.368009497880937508e-01
4.358695114314558583e-01
4.348428757905955511e-01
4.338679456889632524e-01
4.329299481153492946e-01
4.318161221623418866e-01
4.309839288949963154e-01
4.304411093711856817e-01
4.297765011429788840e-01
4.290870447099209284e-01
4.285855600714687519e-01
4.281056735754016906e-01
4.275416773527860870e-01
4.271095512747763445e-01
4.268407686769963294e-01
4.264776551455262132e-01
4.260724427789449043e-01
4.256953553885225450e-01
4.253124775618314368e-01
4.249504866659645219e-01
4.245679928988217444e-01
4.242366085946556731e-01
4.239217979371547318e-01
4.236540788888933928e-01
4.234647375315427342e-01
4.232252616316076743e-01
4.229098601132628144e-01
4.228248943239447666e-01
4.226478724151847555e-01
4.222565748214719972e-01
4.220112493991853841e-01
4.218285552263256744e-01
4.215424013197421327e-01
4.212669124513866437e-01
4.208974961757658284e-01
4.204023751974105827e-01
4.200853217124940198e-01
4.198167434692383071e-01
4.195155556291346177e-01
4.194020446240905309e-01
4.191659251928325780e-01
4.188389496982101168e-01
4.185857571363451601e-01
4.183938150107859855e-01
4.182015775442127770e-01
4.181261179149151075e-01
4.180087198615075050e-01
4.178517756462100108e-01
4.176851737797263042e-01
4.175165931284430254e-01
4.173130736351011727e-01
4.172181805670256427e-01
4.171454085409638801e-01
4.171366369128226559e-01
4.172556888759137994e-01
4.173089388608933747e-01
4.172978957176211035e-01
4.173551565617318326e-01
4.174461714774366783e-01
4.175264961272479036e-01
4.175043210625649093e-01
4.176651608467104593e-01
4.179514066457747923e-01
4.181148744344708179e-01
4.183060396194455133e-01
4.186495109558105998e-01
4.188785934984685655e-01
4.190729576319455751e-01
4.193634556889537790e-01
4.197720543891192424e-01
4.201130109459161877e-01
4.204453756809232168e-01
4.207851217061286397e-01
4.211230666965245506e-01
4.214515341103075574e-01
4.217300765633585358e-01
4.220986314654353033e-01
4.224815636694435605e-01
4.228424428045752803e-01
4.231597144454715131e-01
4.235648654699322169e-01
4.239978235810998308e-01
4.243756693452594431e-01
4.247714923024179523e-01
4.251544744074347015e-01
4.253086014747619048e-01
4.255089280605312552e-01
4.257880629539491646e-01
4.260037674903868754e-01
4.263344672203066010e-01
4.267609470844272446e-01
4.271324084252116071e-01
4.274951403588053700e-01
4.277340097278360953e-01
4.278011659085755314e-01
4.280312975943088571e-01
4.283163349926475960e-01
4.284819493293762771e-01
4.287339293003084584e-01
4.289750473022462818e-01
4.291706512928007977e-01
4.292405310183761147e-01
4.294587519139053122e-01
4.296595304846760333e-01
4.297855325698854978e-01
4.300693327367303698e-01
4.303641992509364411e-01
4.305593327611685339e-01
4.306656474888326258e-01
4.306057477116587151e-01
4.306020283699031892e-01
4.308072307705880788e-01
4.309345713257788368e-01
4.311857414245610087e-01
4.312927535176279692e-01
4.311691220134500901e-01
4.312540268093344453e-01
4.314670853346583290e-01
4.315476534366607386e-01
4.316015228450298391e-01
4.316432315230367966e-01
4.316683641076092814e-01
4.316632903933526610e-01
4.318335253059861767e-01
4.320097188830376300e-01
4.320501316070556319e-01
4.321038480818271132e-01
4.320461198329922370e-01
4.318758259236811226e-01
4.318158558011054859e-01
4.318034075021739970e-01
4.318309884488583661e-01
4.319044393122193903e-01
4.319146162390709032e-01
4.318557080566885475e-01
4.317135334610934239e-01
4.315109298437830310e-01
4.314058673769231578e-01
4.313151101589198233e-01
4.311359258562324492e-01
4.310034715533258010e-01
4.308140332221984115e-01
4.305441234230998337e-01
4.302677829861643599e-01
4.299786402702335808e-01
4.296341696798804399e-01
4.293098977088924406e-01
4.289839739978309474e-01
4.288208900928494050e-01
4.287099621176723163e-01
4.283751897990700219e-01
4.280039907127616838e-01
4.274633407920601647e-01
4.268703956007958711e-01
4.264638905704024596e-01
4.261861568570136094e-01
4.258353921115398677e-01
4.253856014430518750e-01
4.248335695326327377e-01
4.241362435907125028e-01
4.235262743204831759e-01
4.229081921875472161e-01
4.222962168276309103e-01
4.217677892029288444e-01
4.211637210845944890e-01
4.204229861497881804e-01
4.196946430206297540e-01
4.189767518579962657e-01
4.181984973639246705e-01
4.174038834273814946e-01
4.165500925958154355e-01
4.157676575720311574e-01
4.149808550298212939e-01
4.141015968441965622e-01
4.132032750308514690e-01
4.122870109796520355e-01
4.113240616977210107e-01
4.102931207776066014e-01
4.093225283384322455e-01
4.083513161838058236e-01
4.071967377483840522e-01
4.061229973584417063e-01
4.051332346856592603e-01
4.040551516413693478e-01
4.029895448684691073e-01
4.018561395019289995e-01
4.008204071968793358e-01
3.997023367106916636e-01
3.984172762572765203e-01
3.972735371708870922e-01
3.961718922138214305e-01
3.950602473199370523e-01
3.939378650307652774e-01
3.928737504780288603e-01
3.917960490703585319e-01
3.906603302925829024e-01
3.896839454412462933e-01
3.887118964076043959e-01
3.875718471527094811e-01
3.865364287376401031e-01
3.854721372842793703e-01
3.843657012224200309e-01
3.834284334421160234e-01
3.825353452444080760e-01
3.815255743265148491e-01
3.805667855292556023e-01
3.796168408691884544e-01
3.785751511007551806e-01
3.774854636192317980e-01
3.765431208014490827e-01
3.754961223602297782e-01
3.743977689623829153e-01
3.733753432095051061e-01
3.725495611667632434e-01
3.714572732537984590e-01
3.702733370959758741e-01
3.691478534340860151e-01
3.678729045987132462e-01
3.666003505855802147e-01
3.654566789120438086e-01
3.641355431556703715e-01
3.626203712671992041e-01
3.611473881155248256e-01
3.596288046598433152e-01
3.579754487872119917e-01
3.563440352976326997e-01
3.545879261851311859e-01
3.525748905420301726e-01
3.504881564706561758e-01
3.483934139341112735e-01
3.460353853523732703e-01
3.435912932485346571e-01
3.410274132102724121e-01
3.382104969918731663e-01
3.353055144041780511e-01
3.323510977268215316e-01
3.292299336671830057e-01
3.261100057661537877e-01
3.228555747717614666e-01
3.194976237714294287e-01
3.160731001853945843e-01
3.126779331386090321e-01
3.092088648170229770e-01
3.057475281715396620e-01
3.021903222084043050e-01
2.986955895423892282e-01
2.951601313591000753e-01
2.917305536270142774e-01
2.883564062118532667e-01
2.850663325309755747e-01
2.818735505193473712e-01
2.787703560084101584e-01
2.757485453635458161e-01
2.729249200493101823e-01
2.701730728298427087e-01
2.674328645050522146e-01
2.648115202337504859e-01
2.623439861655234018e-01
2.599865943461661111e-01
2.577407186508176018e-01
2.555588092803959266e-01
2.535050880432126452e-01
2.515426066547634676e-01
2.495716989815238984e-01
2.477671285480264052e-01
2.461144395753744607e-01
2.444405753180383389e-01
2.428689107894897725e-01
2.414023924618959316e-01
2.400176511257889889e-01
2.387057265341280266e-01
2.374532962143418857e-01
2.362809923142192570e-01
2.350803781598808095e-01
2.339380628854034472e-01
2.329548858538268152e-01
2.319544638574123352e-01
2.309044731497768010e-01
2.299874709397549677e-01
2.290831696853038724e-01
2.282755741059782906e-01
2.276470724433664050e-01
2.269356388986115136e-01
2.262716495543723172e-01
2.255926119312641476e-01
2.249319542050363385e-01
2.244074617505072977e-01
2.240012042403225490e-01
2.235304561614986363e-01
2.230303446412086610e-01
2.225740238189693465e-01
2.221555564641948810e-01
2.218409412279722381e-01
2.215479198247194970e-01
2.212832524776454923e-01
2.210898462608459625e-01
2.207795383125538691e-01
2.205332972377540557e-01
2.203961264222857874e-01
2.201790326714516965e-01
2.199647253870962993e-01
2.197557404011485083e-01
2.195341499716045863e-01
2.194398671507834242e-01
2.193676549136642229e-01
2.193000130712983164e-01
2.192279299050567676e-01
2.190561541616918018e-01
2.189541355893019625e-01
2.189053158909084473e-01
2.188866048678757836e-01
2.189172443524006750e-01
2.189418532550333474e-01
2.189502577334646038e-01
2.189644421339033697e-01
2.190408491641286648e-01
2.191249086931350010e-01
2.192341004610061095e-01
2.193721985220904724e-01
2.195222115039821009e-01
2.196393699765209484e-01
2.198219720363616958e-01
2.200331379175184121e-01
2.202197173386810647e-01
2.203798742592337490e-01
2.206425363272429274e-01
2.209179083257911402e-01
2.212771481722592137e-01
2.216711412742734533e-01
2.219739089235659435e-01
2.222947388291355852e-01
2.226380524814131900e-01
2.230810121923686440e-01
2.235725507766010978e-01
2.239246333479881224e-01
2.242606522575019412e-01
2.247659246683118284e-01
2.252316008225085930e-01
2.257356056094167174e-01
2.263266150772575980e-01
2.268199852705003461e-01
2.273615051016215083e-01
2.279484606251116485e-01
2.285359172657134008e-01
2.291206643730399894e-01
2.297124680578712663e-01
2.304673688709733548e-01
2.312090798467393848e-01
2.318090627044436247e-01
2.324326988458629839e-01
2.329759580343959968e-01
2.335859916955229654e-01
2.343831845030188432e-01
2.351032620683316809e-01
2.356994119063021143e-01
2.363083818539979120e-01
2.368736455425622112e-01
2.374786810427904071e-01
2.382179150938992240e-01
2.390183909565212761e-01
2.397113965988158513e-01
2.403703720092776330e-01
2.410680101394652997e-01
2.416577786922453341e-01
2.422304407596585774e-01
2.430039309024806249e-01
2.437750200584532789e-01
2.444840163335208205e-01
2.452547259643671762e-01
2.458794779092075555e-01
2.465424102038149268e-01
2.471850513592357690e-01
2.478603469550610117e-01
2.485751785904164179e-01
2.492625427722933718e-01
2.499509384572501103e-01
2.506117432117462296e-01
2.511730555295941802e-01
2.518010686337948667e-01
2.524686659872530381e-01
2.530491072535514530e-01
2.536265715956690370e-01
2.541769181668759314e-01
2.546832977652547236e-01
2.552353876858949877e-01
2.557987651973961385e-01
2.563741965591908589e-01
2.569589114487173531e-01
2.575220531880856867e-01
2.580604977965354485e-01
2.587419087320566580e-01
2.594113247603177519e-01
2.600261890113358398e-01
2.606310624182228142e-01
2.612446888655425847e-01
2.618645338028671166e-01
2.624338350892067573e-01
2.630975336432458400e-01
2.638376223683360777e-01
2.644359236270187319e-01
2.650657004654408677e-01
2.657019315659994718e-01
2.662100499838593315e-01
2.667895778864618483e-01
2.673825742721556153e-01
2.678641683459279665e-01
2.684274259805679019e-01
2.690868296831848139e-01
2.695867676943540237e-01
2.702044682264325703e-01
2.708271799296138038e-01
2.713218558311465411e-01
2.718631759881978138e-01
2.724211231231689068e-01
2.729349085330965430e-01
2.734714823365209102e-01
2.740336746573452387e-01
2.745827623218302094e-01
2.750902902156110441e-01
2.756569029182194264e-01
2.761385148704050829e-01
2.766190949022774292e-01
2.772252448946235792e-01
2.778047418594357110e-01
2.782923330783845239e-01
2.787871035933499053e-01
2.792842620253566110e-01
2.797587205052373682e-01
2.802807014822962239e-01
2.808680406332017543e-01
2.813298225164416744e-01
2.817980311393737392e-01
2.823527354240417675e-01
2.828830004096027362e-01
2.835258217811583159e-01
2.840877487778664112e-01
2.844786006808280865e-01
2.849972503662112078e-01
2.855902857929467631e-01
2.861653545260425258e-01
2.868516595721245510e-01
2.874847523927691051e-01
2.880480060100555351e-01
2.885164799571038330e-01
2.890008143901821591e-01
2.895467629790305364e-01
2.900855370640756381e-01
2.906538303226235964e-01
2.912709186702965303e-01
2.918052175253630365e-01
2.923829160004849936e-01
2.930594429582352167e-01
2.936688950955871902e-01
2.942797624379394628e-01
2.949264816403386336e-01
2.954532327353955878e-01
2.959186690211300652e-01
2.964148840785024164e-01
2.969327377915377819e-01
2.975959596395488238e-01
2.982549952626224465e-01
2.987653136730196168e-01
2.992780154317618013e-01
2.998182786315683468e-01
3.003401773631574900e-01
3.008316878080364853e-01
3.014551323652269188e-01
3.019735887646671224e-01
3.022965703010561112e-01
3.027775646150116517e-01
3.032930735647674791e-01
3.037656971216201041e-01
3.044125444293018234e-01
3.050194537937636619e-01
3.054841466754673052e-01
3.059777061641217322e-01
3.063173612594609074e-01
3.065822244644163530e-01
3.070287022590635906e-01
3.075025733917954862e-01
3.079009771764281145e-01
3.083269607216123642e-01
3.085945556163785519e-01
3.088493185102943461e-01
3.092195747017862928e-01
3.096875622421504937e-01
3.101585396915677029e-01
3.105457760304214387e-01
3.108704569935800133e-01
3.111666152000432395e-01
3.113738968849186772e-01
3.116349700778725529e-01
3.118546507626775988e-01
3.121453849971294603e-01
3.124466361522674762e-01
3.127094993233675568e-01
3.130555820316079374e-01
3.134032616078853972e-01
3.136564030796293867e-01
3.138010485768316093e-01
3.139139929711818322e-01
3.141339083433151713e-01
3.143006877422329093e-01
3.145441068112845295e-01
3.147569158226254382e-01
3.149349423527722514e-01
3.151672808557752226e-01
3.153478798270221151e-01
3.155057882457975027e-01
3.155807662427427274e-01
3.156531574547289387e-01
3.157705055147410622e-01
3.159212001174683815e-01
3.161209604263302553e-01
3.161946329116821497e-01
3.162604469060897872e-01
3.162221309840681505e-01
3.160723769903183711e-01
3.159655066967006487e-01
3.159822457730767642e-01
3.160273851871490125e-01
3.161886670649052267e-01
3.162256916165350762e-01
3.160368191629647772e-01
3.158871805071825634e-01
3.159209230005742275e-01
3.158573720276359742e-01
3.157781996130945013e-01
3.158945402681830883e-01
3.158051905959845529e-01
3.157681377410884727e-01
3.158368479251859595e-01
3.158480318844320567e-01
3.157293574839826200e-01
3.156496712803841809e-01
3.154916296064853021e-01
3.154165737032892936e-01
3.154079453945164424e-01
3.152225199580196424e-01
3.148437367379666174e-01
3.145821394175294383e-01
3.142333134412766960e-01
3.138429320096966513e-01
3.136124434888363788e-01
3.132795780003069797e-01
3.127398084163662273e-01
3.123225129455325932e-01
3.120116610556842307e-01
3.115353422641758407e-01
3.109849813699718246e-01
3.104856507897376106e-01
3.099609562456611123e-01
3.094609016329046280e-01
3.089873405724760658e-01
3.086054228186604909e-01
3.083234881281857187e-01
3.079941063135862023e-01
3.078481929689645402e-01
3.075743471026419207e-01
3.071531653225424430e-01
3.068146935224534411e-01
3.064461098164322217e-01
3.061107421815393859e-01
3.057467469692229378e-01
3.054039751052858853e-01
3.050666342258455677e-01
3.046915008902554289e-01
3.043731415718789468e-01
3.039444012522701244e-01
3.034610231995580887e-01
3.031133628308775863e-01
3.027618893474340878e-01
3.024242965638634373e-01
3.021735732108353778e-01
3.018375661969185941e-01
3.014547774195672214e-01
3.011674645543102602e-01
3.009353725820777536e-01
3.006323645353314866e-01
3.002643860757350236e-01
2.999424885928634321e-01
2.995636412620545364e-01
2.993357911109921221e-01
2.992176703691482587e-01
2.989878532290455304e-01
2.989190108180041494e-01
2.987970673203468874e-01
2.984835867285732802e-01
2.980290275573733716e-01
2.976805425167087793e-01
2.973093326479193110e-01
2.969858259856696381e-01
2.969827311635019895e-01
2.967494405210017172e-01
2.963649815917011598e-01
2.959828539073462994e-01
2.954343005686995705e-01
2.949143637657166694e-01
2.944225044250489143e-01
2.939537778854368066e-01
2.934701992034911000e-01
2.930047831296921923e-01
2.926251194387670118e-01
2.922290728986259301e-01
2.919376290827992437e-01
2.914920804083343531e-01
2.908619594901805105e-01
2.903856230497364743e-01
2.898863797008990884e-01
2.895384266793724071e-01
2.894953818559647396e-01
2.891587465256451051e-01
2.887860531806942244e-01
2.883639266341923579e-01
2.877130757868292532e-01
2.873113730311395164e-01
2.870359242200846706e-01
2.868136445999145967e-01
2.868030107617378643e-01
2.865517661869527721e-01
2.862599690228701532e-01
2.859665224552151441e-01
2.855665126353502115e-01
2.852731804847718489e-01
2.850487370431420420e-01
2.849004824459556717e-01
2.848563064634799247e-01
2.847249144375326724e-01
2.845961103081703913e-01
2.842670914381740244e-01
2.839155450969935712e-01
2.837363786697386092e-01
2.835341525077814673e-01
2.836053203344349183e-01
2.835910396575932468e-01
2.834622048407793860e-01
2.834193082630633298e-01
2.833760289430616863e-01
2.833370701372624478e-01
2.833823174715044413e-01
2.834063100397589685e-01
2.833915424942969330e-01
2.834641310632227129e-01
2.836189631283279056e-01
2.836389004111286583e-01
2.836526181548830183e-01
2.836241595447059338e-01
2.833632899820805462e-01
2.833645160973069510e-01
2.835706888943912429e-01
2.835744182586665274e-01
2.836087650537494342e-01
2.836669241875409142e-01
2.835399998724460469e-01
2.835439196377989579e-01
2.836685858607296828e-01
2.837791046261792238e-01
2.838672945857044216e-01
2.838846584856513644e-01
2.839554916173218091e-01
2.838929891109471804e-01
2.838602695941929155e-01
2.840075122773642602e-01
2.841727047622207847e-01
2.844580429196352789e-01
2.845925972461703091e-01
2.844603382557626126e-01
2.843697598457337605e-01
2.841814102470870962e-01
2.840257952958344934e-01
2.840841602325441806e-01
2.840727826505898834e-01
2.840977581322189915e-01
2.841449514150619082e-01
2.841612412333489046e-01
2.842068098902705287e-01
2.843360271781683046e-01
2.842969513237476042e-01
2.840527705848214790e-01
2.840254003554586459e-01
2.840434813767667155e-01
2.839491044998171954e-01
2.839218266814944602e-01
2.839662277042867555e-01
2.841876007497313728e-01
2.839951355010271739e-01
2.839647388607260958e-01
2.837521551370619233e-01
2.835162878751756876e-01
2.833035546183583775e-01
2.829755329728126934e-01
2.826805373311038205e-01
2.823953766614199501e-01
2.822225167751312158e-01
2.817472245514393014e-01
2.808928336977959406e-01
2.803492790281768010e-01
2.798171242207290188e-01
2.792567549109461478e-01
2.788559433370831897e-01
2.783664933800696906e-01
2.774260709881785636e-01
2.764248293578627780e-01
2.754423921823503374e-01
2.744119235336782148e-01
2.733303620815277224e-01
2.723377071619030310e-01
2.711175550699234105e-01
2.696434694051739744e-01
2.680483138442040225e-01
2.663476241379975074e-01
2.646869307518002756e-01
2.625475460350517598e-01
2.605973362505438762e-01
2.588291453123094388e-01
2.568218359261753569e-01
2.546563997864720874e-01
2.523316565424205682e-01
2.500716525793073575e-01
2.478053468763827816e-01
2.450944615155460360e-01
2.425550498247146247e-01
2.402081213593479092e-01
2.374782436385751427e-01
2.344502918466928321e-01
2.315285325944423100e-01
2.284579870820048764e-01
2.254305422574284234e-01
2.223794288054111723e-01
2.194509339332581521e-01
2.166731078192586923e-01
2.135218318551776184e-01
2.103970342680810124e-01
2.073110271632673252e-01
2.041495146229860003e-01
2.012516288027167977e-01
1.984167680740354656e-01
1.955003420010208715e-01
1.927618567198519650e-01
1.901471264675257122e-01
1.873746763765814505e-01
1.847744834989305529e-01
1.824400405079129039e-01
1.799327739715579910e-01
1.777982399851080475e-01
1.757943488448861502e-01
1.737974081456663822e-01
1.719811950325965122e-01
1.700282000005243765e-01
1.682592934429646969e-01
1.665864286303524455e-01
1.651029772013425934e-01
1.635131352066991894e-01
1.618714056730267414e-01
1.603115629777314699e-01
1.589376504346725894e-01
1.577729009002445393e-01
1.567482228934764521e-01
1.557331849202510665e-01
1.546386713266374446e-01
1.535866168230775319e-01
1.524396878823640611e-01
1.515687495023014253e-01
1.508558708354827693e-01
1.500633856058123106e-01
1.493871974229808997e-01
1.488951066255571887e-01
1.482823213681578878e-01
1.476586548969147650e-01
1.471411126136783487e-01
1.463318786382673820e-01
1.458572642505169270e-01
1.454698384031656577e-01
1.455047898665067507e-01
1.452515445426110496e-01
1.452279255867003627e-01
1.450286702692505647e-01
1.445049030423164460e-01
1.446778016209601947e-01
1.448539633974429697e-01
1.446696740269658998e-01
1.448543129235508875e-01
1.448977126076818889e-01
1.447529168993233473e-01
1.444187693595886113e-01
1.445022183984521480e-01
1.444908138155937272e-01
1.442813428804282649e-01
1.442675730407236567e-01
1.444943751618267269e-01
1.447620862334967895e-01
1.449773039415483411e-01
1.453530197262766221e-01
1.456379874452944923e-01
1.459303759038449999e-01
1.459428359299899947e-01
1.460529317617418055e-01
1.462139962658281500e-01
1.462837496548893279e-01
1.465748610645530026e-01
1.470691272497178514e-01
1.475713900536302636e-01
1.480664189517496010e-01
1.484848333820700250e-01
1.486525695115329948e-01
1.488950168073182034e-01
1.490430719614030397e-01
1.492010313868522842e-01
1.495087905898686842e-01
1.499724488586187121e-01
1.499841150820255820e-01
1.501937631100419279e-01
1.506163707643745076e-01
1.507280181884763093e-01
1.511691832333806884e-01
1.516891970425845448e-01
1.520592743530869984e-01
1.527030443131928150e-01
1.530693706914783292e-01
1.534106430560349399e-01
1.534989091157915042e-01
1.536450596749778519e-01
1.535587866485117192e-01
1.537441772416237307e-01
1.543031448721889354e-01
1.545359125882385665e-01
1.548210382938384755e-01
1.552409377098084020e-01
1.555183310955766951e-01
1.558348800718788729e-01
1.562431813254955837e-01
1.565126875817779983e-01
1.566354200839994160e-01
1.569715190917256309e-01
1.571855887308714339e-01
1.574252092838285821e-01
1.577472515434022449e-01
1.579254057079556850e-01
1.580748618096111946e-01
1.584814831733707408e-01
1.588683613061902256e-01
1.589599429517985496e-01
1.591903788089755190e-01
1.593975558891896349e-01
1.597900805920362266e-01
1.601891534045340737e-01
1.606352057173845715e-01
1.612193750739101539e-01
1.615100246131418449e-01
1.614214935153720776e-01
1.616017386287450508e-01
1.618860718980429658e-01
1.619175874203447052e-01
1.621883075237277316e-01
1.625279352575539904e-01
1.628001871109013010e-01
1.629796857208014593e-01
1.632997349813583299e-01
1.634840961992739816e-01
1.634483866930007967e-01
1.633887446969751744e-01
1.632579722255466104e-01
1.635062048286203273e-01
1.638670157223938717e-01
1.637928078770640450e-01
1.638001376226547179e-01
1.636762192517519365e-01
1.631731703817848600e-01
1.630765621364116680e-01
1.634886139154438645e-01
1.634774346604938311e-01
1.632706773638724351e-01
1.633633347302675398e-01
1.631945815235378849e-01
1.627738989561800798e-01
1.627199547886848674e-01
1.625771256297827982e-01
1.624238370358943584e-01
1.622087860107426505e-01
1.618933995142574633e-01
1.617096948862079830e-01
1.615610802695154891e-01
1.615392938762901243e-01
1.613927740603685601e-01
1.612544555798169355e-01
1.609641139805319254e-01
1.605716181457046421e-01
1.602065736055373613e-01
1.598598296105865901e-01
1.596496028780938214e-01
1.595851224660868595e-01
1.592141915887592130e-01
1.587508548527952201e-01
1.583676189780234556e-01
1.580025273263450658e-01
1.577667451322075365e-01
1.574986846044657551e-01
1.573759343504904928e-01
1.571436326891185176e-01
1.568189214885233052e-01
1.564148716926574700e-01
1.560423012971877688e-01
1.559617533564565117e-01
1.558569779515269482e-01
1.554639279410242880e-01
1.549966151207684550e-01
1.544926355257634221e-01
1.540783956646918917e-01
1.536816233143214472e-01
1.535693899244067184e-01
1.536060450911523045e-01
1.533834946602586902e-01
1.528867146492009221e-01
1.527052049785849741e-01
1.526619840592147170e-01
1.523640292033549559e-01
1.521595655933017932e-01
1.521726769089702946e-01
1.519345306634907189e-01
1.514331676483151590e-01
1.511811054438349511e-01
1.510831532150506140e-01
1.508719600662588034e-01
1.507108226001261375e-01
1.506132628023628128e-01
1.503466085672379160e-01
1.501260397136206792e-01
1.499163599386807710e-01
1.498121333107348130e-01
1.496853096038102127e-01
1.495824346065522947e-01
1.497808224558829782e-01
1.498515491500499452e-01
1.497559977337713788e-01
1.497661593124272883e-01
1.496647475033996699e-01
1.493840676695112890e-01
1.492906244441870867e-01
1.492552896425130005e-01
1.492019953429703227e-01
1.492274024009703770e-01
1.492385362520816106e-01
1.493058526158332622e-01
1.493233474120498616e-01
1.493230311095713192e-01
1.492303892225025908e-01
1.490206163644789972e-01
1.489218462526796516e-01
1.489977435618643209e-01
1.492073919117450631e-01
1.492626602023841842e-01
1.492545808792112572e-01
1.490785461544993917e-01
1.488106072962287751e-01
1.489382058680056575e-01
1.492069436118004799e-01
1.494888745665548524e-01
1.498068447396155300e-01
1.499890767216682519e-01
1.502266652345654041e-01
1.502250337600712082e-01
1.497662436589602131e-01
1.497677108734846996e-01
1.498081068426372620e-01
1.501475475311279950e-01
1.506198484495283318e-01
1.509766569375996237e-01
1.511302130371328656e-01
1.513688676893708562e-01
1.516987265586849654e-01
1.522091586112980510e-01
1.524933771491049639e-01
1.523026727676391190e-01
1.522639483451847242e-01
1.523284323915836957e-01
1.526366541758175654e-01
1.532201033711431404e-01
1.535538806259632572e-01
1.537726647034284022e-01
1.539758647978305695e-01
1.540845705270770805e-01
1.543105107963083367e-01
1.545764853537086869e-01
1.547162251308557002e-01
1.549286203384395433e-01
1.552023787498473806e-01
1.554857232972979841e-01
1.556686591595412561e-01
1.558851714745161654e-01
1.562471616908904792e-01
1.567156505182386861e-01
1.573751014187930730e-01
1.578386689707640123e-01
1.580188491076227053e-01
1.583461952626705471e-01
1.584194722175598646e-01
1.586944165438415322e-01
1.592504374101756659e-01
1.597952026426791294e-01
1.602561042800546287e-01
1.607341869547963265e-01
1.614378795370457198e-01
1.618978915661569151e-01
1.620311639547348526e-01
1.624666585534812746e-01
1.629132728666068952e-01
1.631060735017065277e-01
1.634894478857514821e-01
1.640585784450174500e-01
1.645019373357291814e-01
1.649491994231939151e-01
1.653800852358342510e-01
1.655618832200769219e-01
1.659295154213904777e-01
1.663736326038842139e-01
1.667279612302776104e-01
1.671491780340670641e-01
1.675086200237277390e-01
1.675394742518665214e-01
1.679879485666750938e-01
1.686625149339436025e-01
1.691496425241236223e-01
1.697296036362647420e-01
1.704499204561112924e-01
1.709666564762590268e-01
1.715965478420261314e-01
1.722161230146881106e-01
1.724751836284999784e-01
1.728167180716993212e-01
1.733672862768169398e-01
1.740205348134039320e-01
1.748187818437814678e-01
1.752526331841942897e-01
1.751240953803061273e-01
1.749750982820985346e-01
1.753285408318041028e-01
1.760596910238266255e-01
1.765021784484382683e-01
1.768737235486510517e-01
1.770908557981249465e-01
1.773516314864161392e-01
1.775344087243083679e-01
1.779551265403632176e-01
1.784919960290193286e-01
1.788945030629634225e-01
1.793669064953918868e-01
1.795986992329355325e-01
1.798742597222330042e-01
1.805459869533778128e-01
1.808133779838682620e-01
1.808707530140879760e-01
1.813794747054574830e-01
1.817448651194576992e-01
1.821910049632191331e-01
1.828483608096840296e-01
1.829411643445490732e-01
1.827939699828622644e-01
1.827610303714868600e-01
1.828203581392760790e-01
1.833725552588696406e-01
1.839895503401756394e-01
1.843093956649302645e-01
1.846809021592143440e-01
1.849931506097319267e-01
1.849722460269931090e-01
1.850258568570020690e-01
1.854367501527071638e-01
1.855033877089620753e-01
1.849515827536585000e-01
1.849926878884436687e-01
1.853507198810575851e-01
1.854269039511679262e-01
1.857331115886564632e-01
1.858671290665865894e-01
1.855505018934607564e-01
1.854710418447855502e-01
1.850454567924144644e-01
1.850138611480597883e-01
1.852839653760189886e-01
1.847793890982870613e-01
1.844825816780326089e-01
1.843317987084388820e-01
1.836646688014269557e-01
1.834350237846372744e-01
1.835099650561808071e-01
1.831187361329792429e-01
1.824643581748006393e-01
1.818740043789144611e-01
1.813644893690946058e-01
1.811828261017798258e-01
1.808655608698728212e-01
1.810525164082643634e-01
1.805369808137417820e-01
1.793509227573874265e-01
1.785619289502497764e-01
1.776170355007052337e-01
1.767497289180753328e-01
1.762653717622157945e-01
1.755681932687760682e-01
1.746019628942017399e-01
1.739346413999800778e-01
1.734868899017574240e-01
1.722107144057749284e-01
1.710025788098573363e-01
1.702421602845188842e-01
1.690230657532809377e-01
1.678925605803728849e-01
1.670304487839338325e-01
1.660456494569774455e-01
1.654712153971193700e-01
1.651085010766978889e-01
1.643562541723247727e-01
1.632872501134874921e-01
1.622854468941685724e-01
1.615885909393431352e-01
1.611120324432846751e-01
1.602963622137905109e-01
1.592399395167832243e-01
1.581710144907232107e-01
1.569856129586693072e-01
1.563218993470077145e-01
1.556298207044602422e-01
1.549285130381587439e-01
1.546760432183742762e-01
1.543060187891129031e-01
1.540345257803798218e-01
1.542774601176379601e-01
1.540677208170292134e-01
1.532932431176302068e-01
1.529649669438602755e-01
1.526299301981929868e-01
1.524576160311703621e-01
1.529243117451672407e-01
1.529618469715116336e-01
1.527987244606016648e-01
1.527957402080300509e-01
1.527246508598329444e-01
1.521387064754964880e-01
1.521465865001079554e-01
1.520763950794936370e-01
1.515720128014685919e-01
1.513864844605328497e-01
1.513705837458376446e-01
1.510468640476469726e-01
1.504209917336702951e-01
1.499399471282960306e-01
1.494543285861610060e-01
1.490390996634956833e-01
1.487643967092034392e-01
1.485783975020046332e-01
1.484970304459331536e-01
1.481268232583999034e-01
1.472510185718533815e-01
1.460922069847580551e-01
1.451254963994021707e-01
1.447157608330252032e-01
1.447599460035559338e-01
1.448308021545412494e-01
1.445630125790838827e-01
1.441238522529605659e-01
1.437533399865034978e-01
1.432778251588348872e-01
1.428722181499004484e-01
1.425807567417617105e-01
1.420733560681341767e-01
1.416289841294290919e-01
1.413446723595262466e-01
1.407359692573544874e-01
1.400729876101017846e-01
1.392632758840921248e-01
1.387383182525636360e-01
1.388027923405172892e-01
1.383681965023277061e-01
1.380095161497591760e-01
1.380810838758944337e-01
1.372181430816646619e-01
1.364943292364481642e-01
1.357864470660689604e-01
1.354067947492005042e-01
1.352535716578360248e-01
1.350159183532000651e-01
1.349124312400818704e-01
1.344664214402433167e-01
1.337409288808703856e-01
1.330831947147842198e-01
1.326002361774442639e-01
1.325530914723876685e-01
1.327539850905537777e-01
1.321961365118625720e-01
1.316290805116293872e-01
1.319864998623733188e-01
1.322284608304499232e-01
1.320451960623259813e-01
1.314996577024462598e-01
1.309771114110947210e-01
1.302302611514929431e-01
1.294716292023662951e-01
1.295809867680070837e-01
1.295464156195521022e-01
1.291292796134944354e-01
1.290548630803821928e-01
1.287516477406022430e-01
1.281019584760069718e-01
1.281207313030956751e-01
1.279065346002579429e-01
1.271367332607512002e-01
1.268104836076497377e-01
1.262322728395458005e-01
1.264638302028182060e-01
1.277926558092237763e-01
1.281146182835103120e-01
1.275838153436781586e-01
1.269767093509437950e-01
1.265919732555746136e-01
1.269105243593449950e-01
1.273769781172277571e-01
1.275734248161319029e-01
1.274182244718072288e-01
1.269207225367426639e-01
1.267469216600062287e-01
1.265731484189629441e-01
1.255355248510834076e-01
1.247846492394809603e-01
1.252593890011315103e-01
1.257191537022591121e-01
1.267794036716222150e-01
1.269185215651991439e-01
1.251950300425286600e-01
1.243890586718920527e-01
1.236132692098615704e-01
1.236396770954131807e-01
1.247938944071529527e-01
1.244396003991369848e-01
1.238786624923350760e-01
1.240689018726352788e-01
1.234658196717500489e-01
1.227357743069526219e-01
1.229550695568325247e-01
1.221757993116971003e-01
1.214151985943313361e-01
1.223866664469241139e-01
1.225863096311690381e-01
1.225048650115724697e-01
1.226859860658641721e-01
1.215337924003597747e-01
1.206022074669594879e-01
1.207524169445035461e-01
1.213389251410962183e-01
1.220244097396734201e-01
1.223948833405968523e-01
1.216087624832989655e-01
1.209996556356545266e-01
1.210539136484261452e-01
1.197208703681826858e-01
1.189672379851336864e-01
1.189257542431352982e-01
1.185693166673179311e-01
1.192895553976295875e-01
1.204044153079389529e-01
1.205198763921853239e-01
1.189568842828274825e-01
1.172219980716702747e-01
1.167668276011945977e-01
1.167666070401671696e-01
1.171510621905326593e-01
1.180846888795496902e-01
1.169873475074764135e-01
1.150108175992968912e-01
1.142523530729111780e-01
1.137123217463497232e-01
1.148240791149437723e-01
1.150731704026459051e-01
1.139611706368627575e-01
1.142565894275903160e-01
1.135505243696270788e-01
1.118627028197051038e-01
1.116001309096817107e-01
1.119667442373932648e-01
1.116770645618436891e-01
1.123990636177362445e-01
1.139242174960672233e-01
1.125891394644972232e-01
1.099726089656355571e-01
1.090232969418171438e-01
1.073579416707153428e-01
1.066261437222359026e-01
1.077479996904735227e-01
1.065905217021707596e-01
1.052166938468816898e-01
1.049721687600014275e-01
1.044622309587899395e-01
1.056461246639486401e-01
1.069166200362150210e-01
1.051899602413177842e-01
1.025293950743972199e-01
1.008419444784517671e-01
9.999942676946561859e-02
1.002573258697983943e-01
1.004299924343819983e-01
1.003252584487199645e-01
9.882675309553755338e-02
9.691312474012356293e-02
9.904322172403313973e-02
1.015360937833785920e-01
1.017519068941470928e-01
1.018204753547909264e-01
1.004318968027833187e-01
9.708026976287333076e-02
9.566915303543227500e-02
9.718173108398898974e-02
9.580500039830838754e-02
9.300742898136353520e-02
9.183716326355939596e-02
9.034865620955827292e-02
8.919807756841187374e-02
8.969855702519421992e-02
9.157262674123051172e-02
9.095476200431584779e-02
8.989261489957565965e-02
8.890583382621411457e-02
8.552557830512523551e-02
8.528307010233400487e-02
8.808558872342112100e-02
8.809063206613063080e-02
8.701567564904688634e-02
8.724142154753213030e-02
8.728298014327881549e-02
8.770378938764331056e-02
9.081983537077903401e-02
9.045160399451852851e-02
8.659165017753836513e-02
8.642767208889123864e-02
8.406747780963781669e-02
8.449480063766244553e-02
8.702566347196699637e-02
8.648022668212648756e-02
8.709695867300035199e-02
8.323795673623676783e-02
7.652397073134775685e-02
7.787921145558360236e-02
7.635436374694111461e-02
7.297469448968769978e-02
7.720083223134281691e-02
8.097447287589307208e-02
8.000641806721688065e-02
8.038701279982923831e-02
8.503081885650759508e-02
8.410849276185038137e-02
8.338510543704028000e-02
8.967961218506102783e-02
8.888554153516892153e-02
8.543798441067335103e-02
8.550487111508843496e-02
8.130663528442380605e-02
