1.099481868982317007e-01
1.104125134930017821e-01
1.179833976015444014e-01
1.214922451555730393e-01
1.163938960477711865e-01
1.192978931128974851e-01
1.202868826232852684e-01
1.183619540154938754e-01
1.163484019279480558e-01
1.176798638731238605e-01
1.206018794462084820e-01
1.235687195062637328e-01
1.254118054211139088e-01
1.235660232961178079e-01
1.222742326550189801e-01
1.235996167272334217e-01
1.239063515961169731e-01
1.261979924723510282e-01
1.285870901629333207e-01
1.288744512498375128e-01
1.289569303363562458e-01
1.291134788095952557e-01
1.294917974799872640e-01
1.301428437367082303e-01
1.312416177839043629e-01
1.317842186689378303e-01
1.319604273676874551e-01
1.338797914981846859e-01
1.347635767236347037e-01
1.357802059650424498e-01
1.377932090923185693e-01
1.376985235914587047e-01
1.373219501972201551e-01
1.379853511333467841e-01
1.399786704003812277e-01
1.391559343412518968e-01
1.398915032714606599e-01
1.428849925681949240e-01
1.438957492947574301e-01
1.435895184367898814e-01
1.447281298398974403e-01
1.480527211308477753e-01
1.481351507112378951e-01
1.481520764976741455e-01
1.495410816729065839e-01
1.524591214075687318e-01
1.540318092256788285e-01
1.549676209151747974e-01
1.554878722429271498e-01
1.551354828476906866e-01
1.564977982655162969e-01
1.582713016688820917e-01
1.592242328226570469e-01
1.600127850472924107e-01
1.621425382465127851e-01
1.640804141461845445e-01
1.638922922015187689e-01
1.641404507160184878e-01
1.659665763378145864e-01
1.685276866182681132e-01
1.693644722521308321e-01
1.699362238347527643e-01
1.713471430599690648e-01
1.734328659057614852e-01
1.734054269716146512e-01
1.739283880233764568e-01
1.748755550906057610e-01
1.753485404685142246e-01
1.768578640401358704e-01
1.782382676973938151e-01
1.790762051343918193e-01
1.798426270484925760e-01
1.810453087493773816e-01
1.822657330483201388e-01
1.832337006434797966e-01
1.843813611730931168e-01
1.856674781441685906e-01
1.868567048192023294e-01
1.878581517189738259e-01
1.893615595132117357e-01
1.906848696380852304e-01
1.918099344044919552e-01
1.933869150817390525e-01
1.948034459233282389e-01
1.962459684759380596e-01
1.979826785877349948e-01
2.000304125607017813e-01
2.019536177635195551e-01
2.036836374521253656e-01
2.054934596300125593e-01
2.076536985933783164e-01
2.094175782233480831e-01
2.106702482312914071e-01
2.124683637171984607e-01
2.138582974433898831e-01
2.146822237908840303e-01
2.151913440555331680e-01
2.160234192267056208e-01
2.162626220405105826e-01
2.160109650224443512e-01
2.161817785397174840e-01
2.163229515597226982e-01
2.162100720271465104e-01
2.159141386359926251e-01
2.160510426074264689e-01
2.161594502925876515e-01
2.163862038850781766e-01
2.170163645148282250e-01
2.175855117022986451e-01
2.181518641069533360e-01
2.189265588104723770e-01
2.201269491001964507e-01
2.211112472712991606e-01
2.220582183569666246e-01
2.232371280759574972e-01
2.245498023033141721e-01
2.255146886661651418e-01
2.264727712392808068e-01
2.280115322306747738e-01
2.298746661067011809e-01
2.314836445644502527e-01
2.328248011171817344e-01
2.346308096677061639e-01
2.365874052524568893e-01
2.386218558549877966e-01
2.407668424069884239e-01
2.429543201267715946e-01
2.448294346556069423e-01
2.464428925216194943e-01
2.481836305707694756e-01
2.494589526116845202e-01
2.505085568785668237e-01
2.515714083045720306e-01
2.523250782996420694e-01
2.532165587007996765e-01
2.542298961639403720e-01
2.551770046114922308e-01
2.560539885312322905e-01
2.568533805608750331e-01
2.577459009736776663e-01
2.591351654291149109e-01
2.602668612241742507e-01
2.614692663908000925e-01
2.630236233115196276e-01
2.647374918580051029e-01
2.666055967360730361e-01
2.687149970293048473e-01
2.712069010645151157e-01
2.737577776461835311e-01
2.763491094470027498e-01
2.789270346432925485e-01
2.814932658731933990e-01
2.835680615901945978e-01
2.854144996404648915e-01
2.874818692922590513e-01
2.892735512971877365e-01
2.908028545737271209e-01
2.922110039830204120e-01
2.936223026394848556e-01
2.948569233715538362e-01
2.960342937022450438e-01
2.971928359329703562e-01
2.983299515515563383e-01
2.994228968143459735e-01
3.004433906078343153e-01
3.014947288513185053e-01
3.026974557876590533e-01
3.038109551906580941e-01
3.047573927879334565e-01
3.057244834452865212e-01
3.067186015546325972e-01
3.077765106558801311e-01
3.088349806219334859e-01
3.097548370063306633e-01
3.107417339801787359e-01
3.118122082471848078e-01
3.127550876498220722e-01
3.138703175425532343e-01
3.150882052719595205e-01
3.162510242044928033e-01
3.174603157401085229e-01
3.186465185999869942e-01
3.197948406785730002e-01
3.209481820344922687e-01
3.222839888840916545e-01
3.236330615162844593e-01
3.248546702384950691e-01
3.260919879317279446e-01
3.273697548061605955e-01
3.285412839174274291e-01
3.296085977017882973e-01
3.307950104981657313e-01
3.318953897118565588e-01
3.329545641303063297e-01
3.340202052116389431e-01
3.349936553239827308e-01
3.359646788120269068e-01
3.369226817041639510e-01
3.378459630072114805e-01
3.387104892402884038e-01
3.395551745653153652e-01
3.404218561351295969e-01
3.412005527257915283e-01
3.418492261111733543e-01
3.424564087986946004e-01
3.430331541180610677e-01
3.434839873373513597e-01
3.439081915497776976e-01
3.443817568480965208e-01
3.447098838120694619e-01
3.449905795156952837e-01
3.453116361141204127e-01
3.456378596156838290e-01
3.459523793578145878e-01
3.461435445427893387e-01
3.462548065781593243e-01
3.463795334458354969e-01
3.465290737777950159e-01
3.465931267797949245e-01
3.466001651287078933e-01
3.465644584000107664e-01
3.463751152753832274e-01
3.460722222149368865e-01
3.458285117536778475e-01
3.455245511054990670e-01
3.451467927932735935e-01
3.448090317249293824e-01
3.444349725931881712e-01
3.440243538498882758e-01
3.437086128413676667e-01
3.434523306429383971e-01
3.432353446543216502e-01
3.429857103109356098e-01
3.426928148120647055e-01
3.423186948895455828e-01
3.418786215931177708e-01
3.414706976115705617e-01
3.412397310614586621e-01
3.408672283172606843e-01
3.403030218601225121e-01
3.395631777346135305e-01
3.386268173933030257e-01
3.379948140621181207e-01
3.376417800277467518e-01
3.373852429479358705e-01
3.370827183455231135e-01
3.366964940875765699e-01
3.362433278381826152e-01
3.358018827438355447e-01
3.351755794823169099e-01
3.344445819854736657e-01
3.337530443429942428e-01
3.333524159789089114e-01
3.331285441160200533e-01
3.329227095127108571e-01
3.326497694283720441e-01
3.321235433101649703e-01
3.313121709078550303e-01
3.302697673588991245e-01
3.291555156946187055e-01
3.281687345862387417e-01
3.272397629857062284e-01
3.262884478330612681e-01
3.255312201231719826e-01
3.248602042406801282e-01
3.241977297425266413e-01
3.235004986077544276e-01
3.226608125507827163e-01
3.217649720638989796e-01
3.208772296369077348e-01
3.199160840868950362e-01
3.189791803509000601e-01
3.180697445809842483e-01
3.173377863645551744e-01
3.166545642822982676e-01
3.159591655552389522e-01
3.152783078700299724e-01
3.147212854802612925e-01
3.141974237591031449e-01
3.137262880921359853e-01
3.133266458809375599e-01
3.129328851073983064e-01
3.126047659069304818e-01
3.123351950883861972e-01
3.120783033490185931e-01
3.119069732278584861e-01
3.117795026719571427e-01
3.116889758199449800e-01
3.117271017223601781e-01
3.117352884471417673e-01
3.117511003524061630e-01
3.118632909923791940e-01
3.120050957053898122e-01
3.122148804187773186e-01
3.124462304413321845e-01
3.127452090382574212e-01
3.129805198252205156e-01
3.132330628931521144e-01
3.136108331501479829e-01
3.139960415452714426e-01
3.143580150544645346e-01
3.146878854006528448e-01
3.150366544723513518e-01
3.153743629455563191e-01
3.157087306976316676e-01
3.160706704348327234e-01
3.164724843889478723e-01
3.168089828133580643e-01
3.170685766518117621e-01
3.173524177789684986e-01
3.175521101027727333e-01
3.176653149515390462e-01
3.177746687650682134e-01
3.177989800930027808e-01
3.178612963557239102e-01
3.179396463185553134e-01
3.179196806252004293e-01
3.178631259500984685e-01
3.178130490332840008e-01
3.177034299820657992e-01
3.174983719766136248e-01
3.172889625191689933e-01
3.171479757308958702e-01
3.170051252901553984e-01
3.167300906091926604e-01
3.164845666408541147e-01
3.162790116906165627e-01
3.160396117687226947e-01
3.156654236555097026e-01
3.152855256825686792e-01
3.148877289265395452e-01
3.143942550390957380e-01
3.138980889379976991e-01
3.134265373617414197e-01
3.129597193479535799e-01
3.124672168970110686e-01
3.118806398391726908e-01
3.112857486248019612e-01
3.107115984201426762e-01
3.101005227088924343e-01
3.094616936922077177e-01
3.088270661354065583e-01
3.082289794445036701e-01
3.076475802421571037e-01
3.070570976018909271e-01
3.064379148483273307e-01
3.058002693414687001e-01
3.051395453929895973e-01
3.044496775150299372e-01
3.037304290056233591e-01
3.030902893364433304e-01
3.024280193001036010e-01
3.017085503906010158e-01
3.008565446197983828e-01
3.001075441658497267e-01
2.993018774718044783e-01
2.983560099184508485e-01
2.974519244700667975e-01
2.966568512558934723e-01
2.958538181364536723e-01
2.949008192181589161e-01
2.940002716183662268e-01
2.931284706294537412e-01
2.922732421159745519e-01
2.913310081064700574e-01
2.903890404403212666e-01
2.894917296767230974e-01
2.886212308108803137e-01
2.876549075245857789e-01
2.866562087237831125e-01
2.857203428298234482e-01
2.847901183962817107e-01
2.837878979444505845e-01
2.827900277674196827e-01
2.818532094061372284e-01
2.809701036214828362e-01
2.800317167937759755e-01
2.790426359474659224e-01
2.780572839081283942e-01
2.771835297346119109e-01
2.762226516902451801e-01
2.751992421448228310e-01
2.742154585719107640e-01
2.732654712051150736e-01
2.723607643514873167e-01
2.714253719151016320e-01
2.704207667708395380e-01
2.693791732192036825e-01
2.683417815506453641e-01
2.672970553874966515e-01
2.662716920614245364e-01
2.652215282768009552e-01
2.641394250214104678e-01
2.631103779375553176e-01
2.621039975881579998e-01
2.610017504096034946e-01
2.598935844898224157e-01
2.589243018329145940e-01
2.579106286168098006e-01
2.568579206585883123e-01
2.557539346605542385e-01
2.546868678331376534e-01
2.536287448704244718e-01
2.525452009141447851e-01
2.514417486310009386e-01
2.504634200513366493e-01
2.494792325079442652e-01
2.484754263132810115e-01
2.474993170380590801e-01
2.465493955552574279e-01
2.456053922176359983e-01
2.446368285775184226e-01
2.436046744674445486e-01
2.425920570373537311e-01
2.416235021829609142e-01
2.406316469788550849e-01
2.395984281063084365e-01
2.386787078261373152e-01
2.377798897236589049e-01
2.368177487745878884e-01
2.359112419769169300e-01
2.349981377765536228e-01
2.340823117777710016e-01
2.332260547041896392e-01
2.324049591243271540e-01
2.315399745449420454e-01
2.306398876413702226e-01
2.298936119332904982e-01
2.290670875489709546e-01
2.282097654238339490e-01
2.274224704384801288e-01
2.266418764024973886e-01
2.258288426712151131e-01
2.250180130049587446e-01
2.242762637659911629e-01
2.235791639924046281e-01
2.227877361774444342e-01
2.219736885309215868e-01
2.213401113390918162e-01
2.206815029144291451e-01
2.199695625782014663e-01
2.192333159089092376e-01
2.185468358278269685e-01
2.178481360077855478e-01
2.171775741338732579e-01
2.165638799071308296e-01
2.158380185365674775e-01
2.151517011880872410e-01
2.145403443932528686e-01
2.139468142151829677e-01
2.133667316675182668e-01
2.127605083465577696e-01
2.121253630042072291e-01
2.115022450804715237e-01
2.109526379108430105e-01
2.104102057695386163e-01
2.098449259921904841e-01
2.092548573270436862e-01
2.086868929341436640e-01
2.081413985341784845e-01
2.075511964559552669e-01
2.069393761754035610e-01
2.064504881501194877e-01
2.060310269594191335e-01
2.055070143476124822e-01
2.050182643279434835e-01
2.045545924484731548e-01
2.040950632706283463e-01
2.036191843003039292e-01
2.031538380682466061e-01
2.026551249325277693e-01
2.020972095876934493e-01
2.015764195472001252e-01
2.010546677112581004e-01
2.005951378241180583e-01
2.001608656451101531e-01
1.995872818633915025e-01
1.991710505783559071e-01
1.988379211306576244e-01
1.984561446309089094e-01
1.979979861915110162e-01
1.976052754551173574e-01
1.972296622708443747e-01
1.967906846210356053e-01
1.963190848544239253e-01
1.959151567384600778e-01
1.955910406500098175e-01
1.951916607409713011e-01
1.947778543829921938e-01
1.943728678524497266e-01
1.940215321183201835e-01
1.936834864854815597e-01
1.933432937622073799e-01
1.929884096845984609e-01
1.925602422639730582e-01
1.921947540760040873e-01
1.918745154052974577e-01
1.915345948070285298e-01
1.911790805697445583e-01
1.908773814171549621e-01
1.904321556270119897e-01
1.899545578569169224e-01
1.896658904254438505e-01
1.893887442201376559e-01
1.890311910420660046e-01
1.886325875937934771e-01
1.883966748967770832e-01
1.880447385907171309e-01
1.876882999643684768e-01
1.873896954193706443e-01
1.870989551246165505e-01
1.868350510284305654e-01
1.865341212719677788e-01
1.861746169209483881e-01
1.858360839039090440e-01
1.855292596623303869e-01
1.852244496166704502e-01
1.849226038157940899e-01
1.846072911918160697e-01
1.843303410112860918e-01
1.840406216964128316e-01
1.836700832024218688e-01
1.833700853779912099e-01
1.830726502448322968e-01
1.827678973689678132e-01
1.824584338814019546e-01
1.820564997494220905e-01
1.817082457840440424e-01
1.814346134364604179e-01
1.811764934197072907e-01
1.807653752982621431e-01
1.803466891318555310e-01
1.799643473535775529e-01
1.795767331212761997e-01
1.790657255738972720e-01
1.786445196151728865e-01
1.783055171608925737e-01
1.779225918829437370e-01
1.776775807172058241e-01
1.773126480996606857e-01
1.768234698683025241e-01
1.764459934741257896e-01
1.760732645243411054e-01
1.756672932222487216e-01
1.751698925971985343e-01
1.745817916631697275e-01
1.741911407947535628e-01
1.738962508514526328e-01
1.735704081282018196e-01
1.730523167178032451e-01
1.724654297083620669e-01
1.719885682836179708e-01
1.716185051053763233e-01
1.710819379240273441e-01
1.706424231350421594e-01
1.701896346747878985e-01
1.696599900066855238e-01
1.693337656021120796e-01
1.688143052697179403e-01
1.682804050639266913e-01
1.679084330052138530e-01
1.674748134344817008e-01
1.670083044528956617e-01
1.664516087234021446e-01
1.658463695406909022e-01
1.655733048588035050e-01
1.651130467891691045e-01
1.644933217734095843e-01
1.639069078281525371e-01
1.634926578074690773e-01
1.629411383554341675e-01
1.623792600631718264e-01
1.619199638858436485e-01
1.613734733462330040e-01
1.606879647374155340e-01
1.601701932549479956e-01
1.599102569371458615e-01
1.592971493303773078e-01
1.586778418421745662e-01
1.580438450947406481e-01
1.573918874263764700e-01
1.567513073921203426e-01
1.564134108930826661e-01
1.559533046960834002e-01
1.551684106916188521e-01
1.546559880912300733e-01
1.541637611612675374e-01
1.535054858729247851e-01
1.527235550045964174e-01
1.522771646857260242e-01
1.517135625123976483e-01
1.511368529677387385e-01
1.506027201890940692e-01
1.499164916038516482e-01
1.495982606053354314e-01
1.492574097752575601e-01
1.485911559328440823e-01
1.478137274667623291e-01
1.473425161153080476e-01
1.468646925687789040e-01
1.462489152610306209e-01
1.457742129072548964e-01
1.451704366177317962e-01
1.445985319644213229e-01
1.441786776870485343e-01
1.439131220012903056e-01
1.433948343336578224e-01
1.429808224588628163e-01
1.425925860553984292e-01
1.418417428806423297e-01
1.413496846705679377e-01
1.408197508007291709e-01
1.401611934974791585e-01
1.395299670100210165e-01
1.391134678572415739e-01
1.388045468181372255e-01
1.384342941269278981e-01
1.378454688563941488e-01
1.369438920915127256e-01
1.364863079786297340e-01
1.364367782697080145e-01
1.363073604404927697e-01
1.356472723960875648e-01
1.351184891954063938e-01
1.346473198503255198e-01
1.340098032549020546e-01
1.334255999058486797e-01
1.332791107982395362e-01
1.328910802543167013e-01
1.320209722131485686e-01
1.316330686926845961e-01
1.313368085145951436e-01
1.311111392721535651e-01
1.308669611603021365e-01
1.303718342781066963e-01
1.299355893135069051e-01
1.296505932807924533e-01
1.292624783515929077e-01
1.284818434715270796e-01
1.286299586296077713e-01
1.282932554453616036e-01
1.276862218797204795e-01
1.276834431529047242e-01
1.271449859708548014e-01
1.267404264003042513e-01
1.265744881063699256e-01
1.264679333329203903e-01
1.262443943694230297e-01
1.254189833596350834e-01
1.248087620362638567e-01
1.248388793170449179e-01
1.264463003218172232e-01
1.257937629878526087e-01
1.253530838191507235e-01
1.252105449065567255e-01
1.248993200361724065e-01
1.246619233489039136e-01
1.246085726246240338e-01
1.243537718772885908e-01
1.238925141483547959e-01
1.237076816186309797e-01
1.236302636533980065e-01
1.234586086496714252e-01
1.233224458053708561e-01
1.233672388419513877e-01
1.229872636191551294e-01
1.227249804906550973e-01
1.225967341445390185e-01
1.221943800672888741e-01
1.220074538536365244e-01
1.219871406733985808e-01
1.218334289610385757e-01
1.216735138356683371e-01
1.214984815835957466e-01
1.213171203732487796e-01
1.210677800953384869e-01
1.207309052288531720e-01
1.204600376307963516e-01
1.201774278581142219e-01
1.198183167099948765e-01
1.196736737966537095e-01
1.196484635643659949e-01
1.196456870786848925e-01
1.196989128999409041e-01
1.196067759543658626e-01
1.194708969369533968e-01
1.192730332240459212e-01
1.189204625040296698e-01
1.187389902174468825e-01
1.185507667511705304e-01
1.184555584162476638e-01
1.185082124054432362e-01
1.184647795088586558e-01
1.184447721742097615e-01
1.183452006161214015e-01
1.181978107899428337e-01
1.181727610163395281e-01
1.181811427250504393e-01
1.182594819292422383e-01
1.182164950445293572e-01
1.181667522341016824e-01
1.181258844211701131e-01
1.179546973854303793e-01
1.179171765446666575e-01
1.180054524488746703e-01
1.180666187837724340e-01
1.181222111195321806e-01
1.182468693651254343e-01
1.184406894966955059e-01
1.186322209663684263e-01
1.188286029227081236e-01
1.188262740194797051e-01
1.188183457136154780e-01
1.185824749231338265e-01
1.186549148350957567e-01
1.188656424134965500e-01
1.189894317626950665e-01
1.193113254100083287e-01
1.193860168427230972e-01
1.190450996905568770e-01
1.191627398043868663e-01
1.196196730226282007e-01
1.197800403565166538e-01
1.200771229833366566e-01
1.202552810221910878e-01
1.202185037225484004e-01
1.199351073890922714e-01
1.200160661697391301e-01
1.202433959454298901e-01
1.204914175659414499e-01
1.209289434134955959e-01
1.211894480556246906e-01
1.214925463087857815e-01
1.216636496253309663e-01
1.215980905361478404e-01
1.217461152814330316e-01
1.219579863108691126e-01
1.221707642078395384e-01
1.224728389978411019e-01
1.227596929930148267e-01
1.231354194410146236e-01
1.232757796533403422e-01
1.233531815759835726e-01
1.233114752165975492e-01
1.234721122026441048e-01
1.235156320989132805e-01
1.237150644421579071e-01
1.241686668634413848e-01
1.244655001759530782e-01
1.246465807557101818e-01
1.249616845965385720e-01
1.254608082532885915e-01
1.257483955264090958e-01
1.259675237059593167e-01
1.262133564397689700e-01
1.262431358262895709e-01
1.264166864275935998e-01
1.266615687042472460e-01
1.270495427057150850e-01
1.272792250871660757e-01
1.275034567773338512e-01
1.277092240661386047e-01
1.277982667952774209e-01
1.280114198446269946e-01
1.282720633342863681e-01
1.285714370310303001e-01
1.290332265883685769e-01
1.292450715690854901e-01
1.292305792450900437e-01
1.294365150213244442e-01
1.295404283821580682e-01
1.297892797559503930e-01
1.303209013372655933e-01
1.308323429852720210e-01
1.311155416101212889e-01
1.312824993327259826e-01
1.314980000972748031e-01
1.315263495057821808e-01
1.317489640116691063e-01
1.321012707829476163e-01
1.323401946932077078e-01
1.325623807817692401e-01
1.328173481822012558e-01
1.330684893727307194e-01
1.332999676853419135e-01
1.335447672307487621e-01
1.338039710819718675e-01
1.340059828385713470e-01
1.342841571494932384e-01
1.346697864085434904e-01
1.350466691628098848e-01
1.353365005552772116e-01
1.356073614880438094e-01
1.358271719396111910e-01
1.359751679658887658e-01
1.361692262411121623e-01
1.363529877275229674e-01
1.365908479809760934e-01
1.368509268432858694e-01
1.371053476423023665e-01
1.373872019231323627e-01
1.376561150461433625e-01
1.379753007262940756e-01
1.381863775104282821e-01
1.382910147488115582e-01
1.385067745774981318e-01
1.387225344061847054e-01
1.388892330646516460e-01
1.392398113936185455e-01
1.395888506159188303e-01
1.397963757157323905e-01
1.398703514933586634e-01
1.400740507692097570e-01
1.402135382428769117e-01
1.404498234942551382e-01
1.408348136484626478e-01
1.411064176067710618e-01
1.413787453696134788e-01
1.415764621794220190e-01
1.416711476296187155e-01
1.418531918555499260e-01
1.420202725306158320e-01
1.422020508691668461e-01
1.424784112572672901e-01
1.426690672799947879e-01
1.428111397698520468e-01
1.429892695426943638e-01
1.431773110061879961e-01
1.433649240955705562e-01
1.435698050931094594e-01
1.438282328546042210e-01
1.439881283283229174e-01
1.441248249650006474e-01
1.442817122340206704e-01
1.443630212545397862e-01
1.445126091167327764e-01
1.447528046652674372e-01
1.449397891610857414e-01
1.451969685316085723e-01
1.453632738888259446e-01
1.454648564308882730e-01
1.455531043261286406e-01
1.458089730143545537e-01
1.459424376189707717e-01
1.460712506026028978e-01
1.462787719666955866e-01
1.464725747406480094e-01
1.466088893860581777e-01
1.467828304767608560e-01
1.470764289796351598e-01
1.472348646670581240e-01
1.472226523160938827e-01
1.474148011803628200e-01
1.476937309473752291e-01
1.478757460132244794e-01
1.481107103794809809e-01
1.483268781870600850e-01
1.484469119429590311e-01
1.486030419886114617e-01
1.487972633361818453e-01
1.489781970202918582e-01
1.491551444053653142e-01
1.493250198006629004e-01
1.495402596607801338e-01
1.497823659792538453e-01
1.499969105601314523e-01
1.501587822541593231e-01
1.503339845582845613e-01
1.505109731346371271e-01
1.507035067081452240e-01
1.508780446961524302e-01
1.510864628061656945e-01
1.513194938689469971e-01
1.515147535711524329e-01
1.516889196753497260e-01
1.518975086420777387e-01
1.520966169834135628e-01
1.523229997307058436e-01
1.526147527471183041e-01
1.527855508401986528e-01
1.529669463261964513e-01
1.530930080711837560e-01
1.532279665946959246e-01
1.534827801227568733e-01
1.537402205944065625e-01
1.539915364503864625e-01
1.542791129827500440e-01
1.544970017194749190e-01
1.547021292001008463e-01
1.548409875184299789e-01
1.550660861805079893e-01
1.552866388857366275e-01
1.555188073962926465e-01
1.558250986188652321e-01
1.560441534280779807e-01
1.562097246646876325e-01
1.564165005445475598e-01
1.566087987184521524e-01
1.568703071951863259e-01
1.570965999618173237e-01
1.573328239336609091e-01
1.575597469598054856e-01
1.577364396393295676e-01
1.579131470739842669e-01
1.581347183182839344e-01
1.584344827696679003e-01
1.586837307587265489e-01
1.588060198724274008e-01
1.590015153586860075e-01
1.592237564921381299e-01
1.593826223909851902e-01
1.596178601682181897e-01
1.599376391693952681e-01
1.602300562426452468e-01
1.605851636186239884e-01
1.608140791028742356e-01
1.609373503640298686e-01
1.611583623111248198e-01
1.613541575342413714e-01
1.615682122290138245e-01
1.619611153513198232e-01
1.623126618027688484e-01
1.625600201219321306e-01
1.628483811318876262e-01
1.631748982429502559e-01
1.635665624350310932e-01
1.639391412019733374e-01
1.642007767170664823e-01
1.643909082591532012e-01
1.646243728607897083e-01
1.650128217339516257e-01
1.653727899610996366e-01
1.656732753485438414e-01
1.659707360386846742e-01
1.663222027301788919e-01
1.666379210472108685e-01
1.670071586921809126e-01
1.674924668341876977e-01
1.678889245063062141e-01
1.682523292899135436e-01
1.686029465436937325e-01
1.689068826764817954e-01
1.692231449738147431e-01
1.696511521205310014e-01
1.700681574985386524e-01
1.704476904153824635e-01
1.708455814093356173e-01
1.712183584973211992e-01
1.716128736644983166e-01
1.719698264926672882e-01
1.724577977031469811e-01
1.730016331225630866e-01
1.733287868916985330e-01
1.736551860094069089e-01
1.740478236466650730e-01
1.744688976824286253e-01
1.749142049849032043e-01
1.753532288625840041e-01
1.758772902920845704e-01
1.763229962185025868e-01
1.766249569684265053e-01
1.770573203265665696e-01
1.775494225323195341e-01
1.780110615491871107e-01
1.784740122377872218e-01
1.790530778422948499e-01
1.795061139017347651e-01
1.798295758575199910e-01
1.802699427068228388e-01
1.806759448587890171e-01
1.811663611084219361e-01
1.817240607500074379e-01
1.821160012632604686e-01
1.824684718042612064e-01
1.829458592742684020e-01
1.834426349848506943e-01
1.838685713171958891e-01
1.843076161280278458e-01
1.847102134481069524e-01
1.851444425717000131e-01
1.856341758370403661e-01
1.863579162955286694e-01
1.868401869162917561e-01
1.872643568798897373e-01
1.877354486912487519e-01
1.880633988112214994e-01
1.885495609313247445e-01
1.891949403345580816e-01
1.896679166972639885e-01
1.900237404078242154e-01
1.905837425664062557e-01
1.911306455031036300e-01
1.916177466005089813e-01
1.922649927467104669e-01
1.928272922605272777e-01
1.932120608806605633e-01
1.936459822416309318e-01
1.940949004769325914e-01
1.945375073432919766e-01
1.950148709774022215e-01
1.954730055809021372e-01
1.958438104391101997e-01
1.962886137738819869e-01
1.968146881610152998e-01
1.973027659788729460e-01
1.977256335139273014e-01
1.982793502032756117e-01
1.989364990770814967e-01
1.995633420407774417e-01
2.001681345552201452e-01
2.008983948335051339e-01
2.015308783203367260e-01
2.020119232833384737e-01
2.026477176547049897e-01
2.033994794338937206e-01
2.039985813662408554e-01
2.046139171615244945e-01
2.051804014205934334e-01
2.055407879441980001e-01
2.057805197089911109e-01
2.059485468477011971e-01
2.058628150150181857e-01
2.056093151941898733e-01
2.053057462811469780e-01
2.048309350967409959e-01
2.041395081564780778e-01
2.034967414751652215e-01
2.028791134715081379e-01
2.021797663569445958e-01
2.015808119580144997e-01
2.010823975428939758e-01
2.005487123996018972e-01
2.002050682067870457e-01
2.000503031492232020e-01
1.999969676211477976e-01
1.999213595688344725e-01
1.999354708045717188e-01
2.001263293713332614e-01
2.005029881462450647e-01
2.010094421252607011e-01
2.016896764755249094e-01
2.025067063808440870e-01
2.034925025939937349e-01
2.045440136432644107e-01
2.059277235031130027e-01
2.076035107612611286e-01
2.094224414348601071e-01
2.113069762900474380e-01
2.133220814764503204e-01
2.153778343975540355e-01
2.174475245267148138e-01
2.195017894372347789e-01
2.214731382727625209e-01
2.233451881840821107e-01
2.250395018607373177e-01
2.266201521545648245e-01
2.281743762016294197e-01
2.295607382297520649e-01
2.309038257122044413e-01
2.322098664537070312e-01
2.333928383946417828e-01
2.345902071714397741e-01
2.357083859831095585e-01
2.367701857835056434e-01
2.378769478946926585e-01
2.388771207332614777e-01
2.398332144618037509e-01
2.408354947268960267e-01
2.418906375020740684e-01
2.429260765761137864e-01
2.438954190909860265e-01
2.448527030602094257e-01
2.457659447774295791e-01
2.467520909607405499e-01
2.477746943235400456e-01
2.487813049137593824e-01
2.497629264831545681e-01
2.507630636513231703e-01
2.517695127546787925e-01
2.527510566294197680e-01
2.537881773412231090e-01
2.547963903695349419e-01
2.557799348592754707e-01
2.567391449689867544e-01
2.577741504907612446e-01
2.588501155883074500e-01
2.598702327966691539e-01
2.609106944084164104e-01
2.619089819192881863e-01
2.628817050457003535e-01
2.638921002894636936e-01
2.649795513302088401e-01
2.661223244816065536e-01
2.671345607042315273e-01
2.681633713066580160e-01
2.692437536537647391e-01
2.703169413149351663e-01
2.713938442647458316e-01
2.724666780889036244e-01
2.735549627959729113e-01
2.746551305294034906e-01
2.757354539036754870e-01
2.768518686532969730e-01
2.779171695113181739e-01
2.789289212673897733e-01
2.801187005192037338e-01
2.812794916927812139e-01
2.823805963248010031e-01
2.835222783684729908e-01
2.846368301659822353e-01
2.857389964163302154e-01
2.868485939949751429e-01
2.880143688768145860e-01
2.891642489731314769e-01
2.903084905862805543e-01
2.914273724317554271e-01
2.925593194007875542e-01
2.936134064912791497e-01
2.947568259954448933e-01
2.959810182154175573e-01
2.971582939624787256e-01
2.982881212681535166e-01
2.994448723942036983e-01
3.005768229365347599e-01
3.017430401593443889e-01
3.029150373041625266e-01
3.040792492479083564e-01
3.052925315499303571e-01
3.063453041911124441e-01
3.074702110290530865e-01
3.087551996290683332e-01
3.098972970485691092e-01
3.110056870698925668e-01
3.122410725861786140e-01
3.133903074979780268e-01
3.145057730674741814e-01
3.157485807061193306e-01
3.169552453041076800e-01
3.180600615888831695e-01
3.193022424727681163e-01
3.205553005456922011e-01
3.216440426707263822e-01
3.228310985565180924e-01
3.240293842256067314e-01
3.251044959723951577e-01
3.262819431722159824e-01
3.275656754076479715e-01
3.287425036430362546e-01
3.299434125423432729e-01
3.311653904765847201e-01
3.322953284233808313e-01
3.334602785319091267e-01
3.347743250429630057e-01
3.360399793237451860e-01
3.372534395486121439e-01
3.384653672546145131e-01
3.396340897172691609e-01
3.407927198410035663e-01
3.419994269371037232e-01
3.432201610565187022e-01
3.444906675338745838e-01
3.457031209945676253e-01
3.468474137306214455e-01
3.480337077230214460e-01
3.492214098423717661e-01
3.504230225175616331e-01
3.516513069152829019e-01
3.528542163372035412e-01
3.540216420531274721e-01
3.552223116397862368e-01
3.564310564219947408e-01
3.576462554663417115e-01
3.589752145648006376e-01
3.602054089903835021e-01
3.612210117280478805e-01
3.624317061603065659e-01
3.637114003896713132e-01
3.648716344833372038e-01
3.661288691461082601e-01
3.673119108825920187e-01
3.683720602780577447e-01
3.695169108122589585e-01
3.707023436248301773e-01
3.718696809262034275e-01
3.730882102519275101e-01
3.742911786168815480e-01
3.754912882447241085e-01
3.767375207960602657e-01
3.779497137457136779e-01
3.791016374439000747e-01
3.803609553486105854e-01
3.816072763144974789e-01
3.828680972665543525e-01
3.841207251369955777e-01
3.852823449641468723e-01
3.865629413038493833e-01
3.878827347606424447e-01
3.890549643337724572e-01
3.901544287323955862e-01
3.913001044690610497e-01
3.924282151818274667e-01
3.934919895738364093e-01
3.947221080064773346e-01
3.959451227784157035e-01
3.970663915336135052e-01
3.981850912660359065e-01
3.993781037181616811e-01
4.005356252878905510e-01
4.018423648476598387e-01
4.030997358322145896e-01
4.041399537682536791e-01
4.052533421993258500e-01
4.063637825846671547e-01
4.073993720889091397e-01
4.087117057472466342e-01
4.099551107585426291e-01
4.110715306043626338e-01
4.122900221109395136e-01
4.133657842963930351e-01
4.143530372023578878e-01
4.154845820516350763e-01
4.165838021993639173e-01
4.177514051914216764e-01
4.189724857330320296e-01
4.201221056461336700e-01
4.211429254412646372e-01
4.221985321760181042e-01
4.233523677945140173e-01
4.244704730987550745e-01
4.255978942275043253e-01
4.267171492695811530e-01
4.277836342930794178e-01
4.287646259903908907e-01
4.297474749565122210e-01
4.308734220623964828e-01
4.319949532717462515e-01
4.329946294069286772e-01
4.341126167893410437e-01
4.351083487153055707e-01
4.360812922477724229e-01
4.371726292967797467e-01
4.381986966133121220e-01
4.392330774188044074e-01
4.403860280454162113e-01
4.413948628276582187e-01
4.423263920366767299e-01
4.432987558066846523e-01
4.443104504823682244e-01
4.453439923852682836e-01
4.463384687334300271e-01
4.473302031219007491e-01
4.483773663729433423e-01
4.493502018779516605e-01
4.502195299625399438e-01
4.511041205644608643e-01
4.519596139550204339e-01
4.529352991700176245e-01
4.540387232065203893e-01
4.550392445772881711e-01
4.559469445288183986e-01
4.567468748241666487e-01
4.575419708132744123e-01
4.584676044583322341e-01
4.594531432092188172e-01
4.603437740802763245e-01
4.612939434349533907e-01
4.620944118201729123e-01
4.627906878590585249e-01
4.636840598583222284e-01
4.645417382419104735e-01
4.654133875370027873e-01
4.662918520569802050e-01
4.670204468905930217e-01
4.676734519958496428e-01
4.684524232864377136e-01
4.692771002769470789e-01
4.700867940515279786e-01
4.709019291967151410e-01
4.716379787892104880e-01
4.723129929363727997e-01
4.730547132849691194e-01
4.738175288379192218e-01
4.746811224967238951e-01
4.754175551414491219e-01
4.762006022959948681e-01
4.770320318937306681e-01
4.777682527542117530e-01
4.785497878074648770e-01
4.793934737086299469e-01
4.800488907665018123e-01
4.808433455824851488e-01
4.815855402857063816e-01
4.822614262819286957e-01
4.830760112434628328e-01
4.839133671104903223e-01
4.846401201933622227e-01
4.852930449545383440e-01
4.860759884715077916e-01
4.869626069307330662e-01
4.877079383134846902e-01
4.883988636821504081e-01
4.889070687085385614e-01
4.894630432009693943e-01
4.902654560655350657e-01
4.911627888679505616e-01
4.918409653365615752e-01
4.923234683692453428e-01
4.928125122249128465e-01
4.932788015663620573e-01
4.940264309585090108e-01
4.948927656650538021e-01
4.954279832839970088e-01
4.960211595892905501e-01
4.965208015739914771e-01
4.969256683945658115e-01
4.973733427405358509e-01
4.979333785057063477e-01
4.984594047188755650e-01
4.990782011032103282e-01
4.996960446178912996e-01
5.001843907773489972e-01
5.006291975498201596e-01
5.011210974633691917e-01
5.015553230702878285e-01
5.020172901749613281e-01
5.025263633310796951e-01
5.030924119651322135e-01
5.036442315101626876e-01
5.041496028900143145e-01
5.047102601766582097e-01
5.051374525666232351e-01
5.056315999746323619e-01
5.060452442884447732e-01
5.066232056021691132e-01
5.073115791678430853e-01
5.078361088991166783e-01
5.081816200017927887e-01
5.086217228472228458e-01
5.089441615641118188e-01
5.092402329683298756e-01
5.096855506181718898e-01
5.100882629036902483e-01
5.103344282031061496e-01
5.107037753164771487e-01
5.111739232897754004e-01
5.115486794471744147e-01
5.120027692794796303e-01
5.123049686789513668e-01
5.125013645887379621e-01
5.128052037119861239e-01
5.131125045597555445e-01
5.134053154945371622e-01
5.138922935962676464e-01
5.142338204383853917e-01
5.145586562573908340e-01
5.149351020574567395e-01
5.153052332997326568e-01
5.156165151715275119e-01
5.158339745402336085e-01
5.160911458134654906e-01
5.162105899810791598e-01
5.164018550872799818e-01
5.166618339538573412e-01
5.167381676137446922e-01
5.167233519673343212e-01
5.168710759997371396e-01
5.171912623167036482e-01
5.172846327781679410e-01
5.173133013188839779e-01
5.174446677267552364e-01
5.173937971770767863e-01
5.174647504091267614e-01
5.178700804710391070e-01
5.179711031913756258e-01
5.177873840034005193e-01
5.179263352155680789e-01
5.180749568223949053e-01
5.181724518656731782e-01
5.183936666488646594e-01
5.185088412463665364e-01
5.185183616280553132e-01
5.185415969252589186e-01
5.185922023534771386e-01
5.186722793698307354e-01
5.186473859071727421e-01
5.188065803766250816e-01
5.188528238832950112e-01
5.188125576496120939e-01
5.188077943921092228e-01
5.189590575098987912e-01
5.189993786215785221e-01
5.189190803229811744e-01
5.189604583323002007e-01
5.189885152161120008e-01
5.189491767883300799e-01
5.190397630691530040e-01
5.190734750747677539e-01
5.189672704696655092e-01
5.189127822577956906e-01
5.189291651070115918e-01
5.190169724643235449e-01
5.192818678140640465e-01
5.193936012029647387e-01
5.194807603180410238e-01
5.194736498117449308e-01
5.194047663092610234e-01
5.193438966274258606e-01
5.192672350049023500e-01
5.191587951779369492e-01
5.190658206939696706e-01
5.189964728057380183e-01
5.189555828869339971e-01
5.188993131399156633e-01
5.188879428863524268e-01
5.189407880544665286e-01
5.191271895170211925e-01
5.190463331460952734e-01
5.189222744345665106e-01
5.188599505424502656e-01
5.186917702853680590e-01
5.186219700694083556e-01
5.187143273234369190e-01
5.187544980168347086e-01
5.188055065512655606e-01
5.188268023729327716e-01
5.189559598743914703e-01
5.189059577226641240e-01
5.188888780713082349e-01
5.188032684326170374e-01
5.187303044795985585e-01
5.188915436267848014e-01
5.189199283123013817e-01
5.188328414797782617e-01
5.187831438660626127e-01
5.186418825209135886e-01
5.185157862544057528e-01
5.184335344314575655e-01
5.184055676341060570e-01
5.184220253467562989e-01
5.183853483974938392e-01
5.183237099289896843e-01
5.182100119113919323e-01
5.180314630269999832e-01
5.179319903254508972e-01
5.178009719252587573e-01
5.176885064542293691e-01
5.176031184911729088e-01
5.174601349830632024e-01
5.173805947542189365e-01
5.172729841768742842e-01
5.170077935457225715e-01
5.168538230597971017e-01
5.167419279336933347e-01
5.165640627145769992e-01
5.163227526783938925e-01
5.160390818595886886e-01
5.158834066987039169e-01
5.156677237987516982e-01
5.155951053798201178e-01
5.156859053254125858e-01
5.155555016398433166e-01
5.153894990682599264e-01
5.153145670890810770e-01
5.150740821540356063e-01
5.148316963791848000e-01
5.149465687751771936e-01
5.149995577275748859e-01
5.148979637145995047e-01
5.148630500435830148e-01
5.147601184010508479e-01
5.147843441545959520e-01
5.149483139276500587e-01
5.150513719081877273e-01
5.151429485559465560e-01
5.151825822174547209e-01
5.150183236598973036e-01
5.149707339048390509e-01
5.150464628577234860e-01
5.149869486331934976e-01
5.149226230740543420e-01
5.147527077257635364e-01
5.150762624859807071e-01
5.149771806597706059e-01
5.148710271418097673e-01
5.146263933897019527e-01
5.142398200929166885e-01
5.140078434526921258e-01
5.136926370620729099e-01
5.134506879627700471e-01
5.132848648190494467e-01
5.129469008445740608e-01
5.125949788033961063e-01
5.122824645042424185e-01
5.119961300253864644e-01
5.116646420180799293e-01
5.113660420179371169e-01
5.111820379197594688e-01
5.107647721409797059e-01
5.102692391753197443e-01
5.098773586630822585e-01
5.093866835594179632e-01
5.088925232827660183e-01
5.086010619401929445e-01
5.082588883638381461e-01
5.077622859239581121e-01
5.071036261081695029e-01
5.066134885847571878e-01
5.060640259087089143e-01
5.055077688217165521e-01
5.051950639069080484e-01
5.051734328269961161e-01
5.046375491619107256e-01
5.039628021061424157e-01
5.035696039319039752e-01
5.031542986392973926e-01
5.025469274997711455e-01
5.019578052759167131e-01
5.016785890996457997e-01
5.008884019374845176e-01
4.997940908074383071e-01
4.991439233541493103e-01
4.982969756126405247e-01
4.975054497838017342e-01
4.969696809053424369e-01
4.961329257845875085e-01
4.949341381430622522e-01
4.939314568042758036e-01
4.929598084688182058e-01
4.917821355342861800e-01
4.904925749540324786e-01
4.893943444371223750e-01
4.880051731467250353e-01
4.862294694423674457e-01
4.847015825271602241e-01
4.833964033365252266e-01
4.818962608575821371e-01
4.803402849555012954e-01
4.788628522157665213e-01
4.771782135069366215e-01
4.750912924110886060e-01
4.732885936021800077e-01
4.715321674972774990e-01
4.694801330626009461e-01
4.675780112981794412e-01
4.654113524407147984e-01
4.628433691263200700e-01
4.605694073438643121e-01
4.584022062659266483e-01
4.564165006935592128e-01
4.541976042330267971e-01
4.517483182430264699e-01
4.491065549850465910e-01
4.464018157869575343e-01
4.439023096919056388e-01
4.416645486652846508e-01
4.392468890160318162e-01
4.368879022955895475e-01
4.346977892696852752e-01
4.325530250161890855e-01
4.304993717074391268e-01
4.286848053961989091e-01
4.267075804710385167e-01
4.248821809530259341e-01
4.232269346952442501e-01
4.214526456236834528e-01
4.200782856822013467e-01
4.187113498449330229e-01
4.173710669875143053e-01
4.162728790879253182e-01
4.154920538663860463e-01
4.146288603991270527e-01
4.136973937153816117e-01
4.129045364022255749e-01
4.119045205950732647e-01
4.110064676403995532e-01
4.105254312068227773e-01
4.100053982675072040e-01
4.093879714429377037e-01
4.090813891232017996e-01
4.086743453651664471e-01
4.082338929653166471e-01
4.076724004745487795e-01
4.073424656331536275e-01
4.071203353464599717e-01
4.066727411657572455e-01
4.060966598868369082e-01
4.057227106392380378e-01
4.051647925138472384e-01
4.046475857466454440e-01
4.046176924228666594e-01
4.045165991216898016e-01
4.045040264725687229e-01
4.044275865763422573e-01
4.043364248394962224e-01
4.040449851036069240e-01
4.036878960907457348e-01
4.032903867959979349e-01
4.030700908184051134e-01
4.028991934478287629e-01
4.026195344328876158e-01
4.023869536578653094e-01
4.020586732685568210e-01
4.018107277929782728e-01
4.015554830759762717e-01
4.012807548522945855e-01
4.008788545131688474e-01
4.006399476259945858e-01
4.004373794317249158e-01
4.000231397360564101e-01
3.997319008469581436e-01
3.996373535156249046e-01
3.994435598015788069e-01
3.992715367913244884e-01
3.991986327618360364e-01
3.989624342322347084e-01
3.986708142489199802e-01
3.981923357129100172e-01
3.978851079940793900e-01
3.976025483071803368e-01
3.971357537925243597e-01
3.968812578678131420e-01
3.969295402288434138e-01
3.968346616208554556e-01
3.968546563774348890e-01
3.969782871246336775e-01
3.967420946657658209e-01
3.966357844024896440e-01
3.964399542808537125e-01
3.966576843678949471e-01
3.967499625205994640e-01
3.967080652207133351e-01
3.968113558351993864e-01
3.969626915454863014e-01
3.968437330245968564e-01
3.968887594163414412e-01
3.970995621234175155e-01
3.971821381390093775e-01
3.971836990594864170e-01
3.975550718307495623e-01
3.978625070095062055e-01
3.983013661801815264e-01
3.983111489713191955e-01
3.984442888081076162e-01
3.988601721793411659e-01
3.990047505676747597e-01
3.995115730524058661e-01
4.001254733651876117e-01
4.002455923944713279e-01
4.005740958154202502e-01
4.010251847237343847e-01
4.014233075618748314e-01
4.019229435861106370e-01
4.023357051849363319e-01
4.026957758456466974e-01
4.028143175333741555e-01
4.033039244413379465e-01
4.036819635868076905e-01
4.035112634658810649e-01
4.035103572905066605e-01
4.038267727732662293e-01
4.041046080827712106e-01
4.044637839794162359e-01
4.050560121208428010e-01
4.055309084236618511e-01
4.054324975013734456e-01
4.055429017901421296e-01
4.059700510025022191e-01
4.060531573534010841e-01
4.057494596660141672e-01
4.055542943239208165e-01
4.056981367468836530e-01
4.055691793441770776e-01
4.054963909029960512e-01
4.056770134329799049e-01
4.056802436113358112e-01
4.057061944603916892e-01
4.060364228546615162e-01
4.063519981861118957e-01
4.065225010782483328e-01
4.065175818443300670e-01
4.067094824463129976e-01
4.067575280785557523e-01
4.069699336051940119e-01
4.075886093258857534e-01
4.079689298868179326e-01
4.083149334132667452e-01
4.088225375354290758e-01
4.089971785247328295e-01
4.092663183093073198e-01
4.097269024729729425e-01
4.100470300912860688e-01
4.106558750867839169e-01
4.114282588362693782e-01
4.119728100568059714e-01
4.122576846599582678e-01
4.128347292900089727e-01
4.133593750506643905e-01
4.140096359252932734e-01
4.148356801390645221e-01
4.157010436534883668e-01
4.166362810611729528e-01
4.172376399487255361e-01
4.177070282101630339e-01
4.183289713114504149e-01
4.188151627779009289e-01
4.193029449969530309e-01
4.198827987760303526e-01
4.204423125147823126e-01
4.207674203217033337e-01
4.207570135593416971e-01
4.210925197005271348e-01
4.214603392213585042e-01
4.218872008025643106e-01
4.222731370866296130e-01
4.225555904388431649e-01
4.225177085459231874e-01
4.222889503479001494e-01
4.221885011225940953e-01
4.224324775904420015e-01
4.222313054949042854e-01
4.218097622752193243e-01
4.215778906345366006e-01
4.208958478033543171e-01
4.205101218640803218e-01
4.204970181435342957e-01
4.201346323817964357e-01
4.194933754205700249e-01
4.189965109586710756e-01
4.186848294377331081e-01
4.181167487233873881e-01
4.175208377391095849e-01
4.169382223546506117e-01
4.161848478436466214e-01
4.152756694704295981e-01
4.144535944223406432e-01
4.139731006175279560e-01
4.133966303467752623e-01
4.125418179512023720e-01
4.119160590887072648e-01
4.113592970907686830e-01
4.107679851502176183e-01
4.102171060085292864e-01
4.096716702878474559e-01
4.090166954785589004e-01
4.084956275343895604e-01
4.080196908473970874e-01
4.077371784031391111e-01
4.077133045256141064e-01
4.074437790662053249e-01
4.068641131103043485e-01
4.063054583072663872e-01
4.056045791506765474e-01
4.048427804380652639e-01
4.043367834508421743e-01
4.038814649611708885e-01
4.033577306985855482e-01
4.029163687109947323e-01
4.023425960540775170e-01
4.014783425629137592e-01
4.010055078059431843e-01
4.006646071106193530e-01
4.004130645751948769e-01
4.001738498598333971e-01
4.001514138281342392e-01
4.003126081824301408e-01
4.004774821043015631e-01
4.006137328147887922e-01
4.006042231321333968e-01
4.004011437892910918e-01
4.000505264163017327e-01
4.000593667030333811e-01
4.003841070950027725e-01
4.001638687849040088e-01
3.998088623046874845e-01
3.993807853937147434e-01
3.986904206573967380e-01
3.979748860597615012e-01
3.970960109114649583e-01
3.965768630266187644e-01
3.959399049878119525e-01
3.955323244184260068e-01
3.957000904083254889e-01
3.960309181213376162e-01
3.962950587898493859e-01
3.965546262800692112e-01
3.969539425969123569e-01
3.977723949283361593e-01
3.985727380722761670e-01
3.995314467519524571e-01
4.006609347462652404e-01
4.017274165868758851e-01
4.026949532926086261e-01
4.036945495605471779e-01
4.046886342465881303e-01
4.055052628248933533e-01
4.063221686244009589e-01
4.073059859722852893e-01
4.081599771529432763e-01
4.088590718775984567e-01
4.096250478565693909e-01
4.103766018390658799e-01
4.112876124173406867e-01
4.122543897271159774e-01
4.126576835632325135e-01
4.129876605480908291e-01
4.136797770798205098e-01
4.141915736883876042e-01
4.144975851356985097e-01
4.149902295649049999e-01
4.155138079106803772e-01
4.160679209947585333e-01
4.170027291834355609e-01
4.176235020160679046e-01
4.181683725714679944e-01
4.184612603187560231e-01
4.183177063643928051e-01
4.184405029892919736e-01
4.185498083293441862e-01
4.187086221218108140e-01
4.189208585381512528e-01
4.192370514035228535e-01
4.197205912292006347e-01
4.198635197758673887e-01
4.200138433873654153e-01
4.201224531531334572e-01
4.199630573123694366e-01
4.200798979282375223e-01
4.206947284698484002e-01
4.212026105046272062e-01
4.214223367094991346e-01
4.214508019387718796e-01
4.214090585708618608e-01
4.213016838431359323e-01
4.212151015877725890e-01
4.213594610631469783e-01
4.213649461179974076e-01
4.209341434776779911e-01
4.208665032446382570e-01
4.211908890724183063e-01
4.211331756651398583e-01
4.210113670408724418e-01
4.207887468159196565e-01
4.204488486081357501e-01
4.197877714902165103e-01
4.191531896948815783e-01
4.189801798164846103e-01
4.189205085486175095e-01
4.187754808187482691e-01
4.186858203887937613e-01
4.183539492487911571e-01
4.178448665410275376e-01
4.170788229227064270e-01
4.162680378556253280e-01
4.157686725974086839e-01
4.156007469415664568e-01
4.154070079028610585e-01
4.153336298555133643e-01
4.154763835698365160e-01
4.150096739798782575e-01
4.144463884592055058e-01
4.138956259310248575e-01
4.132722831726073909e-01
4.123806899935009707e-01
4.115848679333920512e-01
4.107746120810508716e-01
4.099272145926954880e-01
4.088424707204100228e-01
4.077875425815580823e-01
4.060413734436038591e-01
4.044006723105904588e-01
4.029420210003855640e-01
4.015222149223091064e-01
4.001472192883495649e-01
3.984403409510848815e-01
3.967802138924599320e-01
3.950070332229137504e-01
3.929830435931684351e-01
3.911040625154968420e-01
3.891095917761329126e-01
3.868608938097954919e-01
3.845732622146604274e-01
3.818853918850422802e-01
3.791021226465702276e-01
3.765311549663539203e-01
3.742499540746216935e-01
3.716459277033802855e-01
3.689190814644100480e-01
3.666919910877948219e-01
3.645668375551696649e-01
3.624043366789814202e-01
3.607573999166492351e-01
3.590607096791262887e-01
3.568848833382134433e-01
3.553895939826962613e-01
3.546628905594350623e-01
3.533034621834754696e-01
3.516803753256801945e-01
3.506309821903702550e-01
3.495289223045106586e-01
3.485206298589710316e-01
3.480151064336296507e-01
3.471868196249008887e-01
3.461431450992820680e-01
3.450442157506939944e-01
3.441041445881132810e-01
3.430569983482360530e-01
3.415657226741318775e-01
3.397908588767051263e-01
3.374814920425416309e-01
3.350331502914432047e-01
3.326414283454416920e-01
3.301634276211259378e-01
3.276806790232658639e-01
3.250116688430313983e-01
3.220740504264831272e-01
3.192223803460598197e-01
3.162985952794554190e-01
3.135594992578030205e-01
3.111184001863004922e-01
3.090613514900210634e-01
3.078958655595774863e-01
3.069331458359958464e-01
3.058799647986892301e-01
3.051498378574851733e-01
3.044108578801157372e-01
3.033967308849093714e-01
3.028392835021015972e-01
3.025219285011286896e-01
3.022945032119754294e-01
3.025982786327597873e-01
3.023183960527177638e-01
3.018849489212033776e-01
3.016888832062478709e-01
3.006779726207253756e-01
2.995001770108940975e-01
2.989018939197066183e-01
2.979513640105728167e-01
2.970658442258834464e-01
2.963079588145016152e-01
2.952167805433270065e-01
2.942136246114973042e-01
2.931527919769283397e-01
2.922191966414453002e-01
2.913518955588338399e-01
2.904079480469228813e-01
2.892796504735950514e-01
2.881959677308793544e-01
2.869989521741863614e-01
2.855064549922944339e-01
2.840667401432995232e-01
2.824445673823359759e-01
2.803376471996310570e-01
2.784071450591084074e-01
2.768768607974050333e-01
2.751156484931707169e-01
2.735385120689867722e-01
2.717923707962038860e-01
2.693842808455227944e-01
2.671083513706920542e-01
2.651753516197202232e-01
2.631486710011962660e-01
2.610862272262571282e-01
2.592469807237383073e-01
2.572985244542357885e-01
2.551779857635501081e-01
2.535592272758481203e-01
2.515457899063824887e-01
2.494923046827320356e-01
2.479044650524855342e-01
2.463122304677960450e-01
2.451546628862616706e-01
2.442133966982362736e-01
2.435008258223537170e-01
2.425834542959928453e-01
2.412412838369605572e-01
2.405811469227077115e-01
2.403780174463988062e-01
2.400388215184216245e-01
2.400252688676118851e-01
2.403039602488284132e-01
2.407113811910149281e-01
2.409223148226740663e-01
2.414212903976440672e-01
2.421516827702520636e-01
2.424885249167679224e-01
2.427285834997896519e-01
2.439209942668672249e-01
2.457958103299136832e-01
2.482733491599563858e-01
2.506074471473689891e-01
2.525704598903657505e-01
2.551799107551578349e-01
2.573041797965763822e-01
2.597413949966435043e-01
2.632861504375932915e-01
2.665289671272042527e-01
2.699942090034481157e-01
2.734692803919315796e-01
2.752753759175534665e-01
2.763093798607584306e-01
2.779084342122076778e-01
2.795099679976703055e-01
2.814649455040693082e-01
2.838144105255602789e-01
2.856254114627841956e-01
2.868586885392665486e-01
2.878118929415944272e-01
2.883450700163843194e-01
2.883322857499120428e-01
2.884396840333941503e-01
2.882815135598178480e-01
2.872822376489641560e-01
2.863534026235342034e-01
2.852469444274905452e-01
2.838874763131137291e-01
2.830978891432289202e-01
2.825348947942253330e-01
2.811320793539289209e-01
2.791286850214000914e-01
2.781438870817423692e-01
2.770651277840135429e-01
2.756770986080168129e-01
2.762826956212521279e-01
2.765617738604546627e-01
2.759935104966166342e-01
2.762518821656707035e-01
2.757599205493926342e-01
2.748047916412356129e-01
2.743568434476849061e-01
2.739078336268668257e-01
2.732475835263729058e-01
2.721650612533094149e-01
2.713631138801573806e-01
2.713025446146728470e-01
2.712179232269524287e-01
2.711655385583636169e-01
2.717199336886405026e-01
2.715850949883462651e-01
2.704167146444319547e-01
2.692858005881305083e-01
2.676142280459400946e-01
2.666672948360441775e-01
2.675339910238976882e-01
2.679268231809138756e-01
2.677579087615011288e-01
2.675135352343323003e-01
2.659329397708176113e-01
2.653484806179996491e-01
2.660894829601054279e-01
2.654338928759102934e-01
2.655715229570866920e-01
2.662687954545018276e-01
2.658348498702051144e-01
2.655959840297697494e-01
2.650733070045707684e-01
2.640203967779872762e-01
2.640694270640615571e-01
2.649291008234020417e-01
2.649792287349698738e-01
2.649879184782503727e-01
2.645203015297647453e-01
2.639743275940416578e-01
2.638253619790074112e-01
2.634113940238948515e-01
2.641339381217954196e-01
2.635099542945625872e-01
2.625307470381255670e-01
2.627672679126261679e-01
2.611989790081978846e-01
2.605813426047565717e-01
2.616138705849644364e-01
2.607216358423230518e-01
2.603723908066745141e-01
2.611181283116338347e-01
2.605849261492493296e-01
2.607334939002989294e-01
2.606849348843100489e-01
2.587107475727793426e-01
2.558413594484328368e-01
2.540634941339490194e-01
2.534499494433404276e-01
2.529411697268481585e-01
2.541282764732840094e-01
2.542223500192162255e-01
2.518955590724945570e-01
2.509944755852223097e-01
2.503839619696138774e-01
2.494901571542025021e-01
2.506070637464524742e-01
2.516139028578994186e-01
2.509233371734623796e-01
2.508782517671587220e-01
2.509287811815739677e-01
2.508200705945494713e-01
2.521069711089132803e-01
2.534836283594373296e-01
2.550212159246209032e-01
2.565082840949300391e-01
2.569143905580045795e-01
2.582806576430795586e-01
2.598898963272569529e-01
2.606250991523262339e-01
2.601788973927499082e-01
2.586667921900746014e-01
2.580477744102473991e-01
2.580526553779839416e-01
2.595404419422152054e-01
2.608198030740019324e-01
2.584931744635104445e-01
2.545499637126918402e-01
2.523633062958719475e-01
2.500275122672321326e-01
2.491623119831086197e-01
2.492038640141489014e-01
2.493713177829978145e-01
2.512882984936238295e-01
2.512573380589486205e-01
2.511820071339604388e-01
2.504979615211491151e-01
2.469144423007969269e-01
2.457393365502356652e-01
2.468176046013831060e-01
2.454716866135600306e-01
2.435547058224679096e-01
2.432215746581550819e-01
2.418237209647896013e-01
2.399838267803193759e-01
2.402586392909286939e-01
2.366007100671526642e-01
2.330370346069340626e-01
2.354502345532182017e-01
2.362825870692733532e-01
2.355873793244357695e-01
2.374021714210511613e-01
2.358105245232581526e-01
2.335615586906671093e-01
2.332848226547242776e-01
2.331804171204569232e-01
2.347652314782142369e-01
2.358282584547995442e-01
2.359086499750613630e-01
2.372066531300547343e-01
2.375028157889841340e-01
2.368429214328527654e-01
2.369127913713459377e-01
2.329761447787284112e-01
2.282377148330211325e-01
2.257419982612130782e-01
2.216290637478230130e-01
2.245495577454570402e-01
2.299881088256836570e-01
