1.148687482595445591e-01
1.114778054103253702e-01
1.171800541393454298e-01
1.211807259440418477e-01
1.169558180034156458e-01
1.167399612486360594e-01
1.179632860958571977e-01
1.189463503628972602e-01
1.186515476465226787e-01
1.175813873410222477e-01
1.190780349433420426e-01
1.221758135557176606e-01
1.225949033528567211e-01
1.209937599174679274e-01
1.205227286428217498e-01
1.216581154108048873e-01
1.191747946366663036e-01
1.219241887301206057e-01
1.245978323593733561e-01
1.217266979858278864e-01
1.235956605389712804e-01
1.234935159236189156e-01
1.217278056688609333e-01
1.227196685373780349e-01
1.222852256074549587e-01
1.223469501316546137e-01
1.234165681913499679e-01
1.232349090725185226e-01
1.237049514427777386e-01
1.246759587049485335e-01
1.254479507371787650e-01
1.252090445637705496e-01
1.254428853690628398e-01
1.257527219384909634e-01
1.249719432517883699e-01
1.241268410906199021e-01
1.248790069907908390e-01
1.264553205519910739e-01
1.254333681643010068e-01
1.252978367149827632e-01
1.254986408069729831e-01
1.252335535764697305e-01
1.254240381136534355e-01
1.255995458662507447e-01
1.255770669758319302e-01
1.255315674304966767e-01
1.267301714330911211e-01
1.274332609176637710e-01
1.269227235317229585e-01
1.257601719766857362e-01
1.249955875977875053e-01
1.250896684944626525e-01
1.258278167471288955e-01
1.258679984062909818e-01
1.264374123662706240e-01
1.267263736441729127e-01
1.257864613056179914e-01
1.261749729841945555e-01
1.271317472308872987e-01
1.276063127681616727e-01
1.266419625878333899e-01
1.262480520844462828e-01
1.271346432015298400e-01
1.286383579969403446e-01
1.276979973614216779e-01
1.271853368759152392e-01
1.273490290060636243e-01
1.275063676610590779e-01
1.281384243607521511e-01
1.283999660462136760e-01
1.283042942285534116e-01
1.287021830379963538e-01
1.288088370010258832e-01
1.288484983533624284e-01
1.290804461508993084e-01
1.293210950791839065e-01
1.297680332064627962e-01
1.301410371780392095e-01
1.301983013004069656e-01
1.307739928454157707e-01
1.310779607623812626e-01
1.309624779269103478e-01
1.310029980778696368e-01
1.310483473047618086e-01
1.312978276759388385e-01
1.318269286602731516e-01
1.322011092886331285e-01
1.326027838706967110e-01
1.329665138721462248e-01
1.332614954486492642e-01
1.340800076320771417e-01
1.345101982116695405e-01
1.344207259863619275e-01
1.350336920469997481e-01
1.353901551425452099e-01
1.354548630952836785e-01
1.355240061789752537e-01
1.360511563763023291e-01
1.361468000382184129e-01
1.357437396109104355e-01
1.354655523195864852e-01
1.354806853607296302e-01
1.353768444344404798e-01
1.350180677041409594e-01
1.349866828367115301e-01
1.349377768635749153e-01
1.348418313264849178e-01
1.348009326457974832e-01
1.347907974675296161e-01
1.347518676415089267e-01
1.347320199087258807e-01
1.348293003022670022e-01
1.349955736309286780e-01
1.350344337701798458e-01
1.349239349126813148e-01
1.350227977842093918e-01
1.349926372617484549e-01
1.348017187982799570e-01
1.345912578478460075e-01
1.348621723845605525e-01
1.350953862681981421e-01
1.350457863464946950e-01
1.349411964878442227e-01
1.350191394209862839e-01
1.351559064865112680e-01
1.352262636125088069e-01
1.352826288461687065e-01
1.353980545923116618e-01
1.354837230965493799e-01
1.354476645514372801e-01
1.356758102536197164e-01
1.358473119080064462e-01
1.358141883239154246e-01
1.357363550573582600e-01
1.358997857645155571e-01
1.361394073963169971e-01
1.361716394454236811e-01
1.361221862405539995e-01
1.361199023872615987e-01
1.361804317921401775e-01
1.362571554243566796e-01
1.363805311381814100e-01
1.365236914142961555e-01
1.366380253851410265e-01
1.368170079410079565e-01
1.368765595331790652e-01
1.368496929526331618e-01
1.368966892719271911e-01
1.368861889243128960e-01
1.369636921674017849e-01
1.371797169685367856e-01
1.374967676430939034e-01
1.373530751466746358e-01
1.371774213016029864e-01
1.375260229378943433e-01
1.378111222714181183e-01
1.378817331910131283e-01
1.378041626721618895e-01
1.377714357942340928e-01
1.378081318020817625e-01
1.379460636377330685e-01
1.381273192003365236e-01
1.382462870702145241e-01
1.381260663747789497e-01
1.379825437545780242e-01
1.381964035272601754e-01
1.384896619319919697e-01
1.386402832031249921e-01
1.386102061748505088e-01
1.385957302823662696e-01
1.385882028862832627e-01
1.387283895686265978e-01
1.390122904777527091e-01
1.389011067062620730e-01
1.388870393872262687e-01
1.390541792124512233e-01
1.391221097499133752e-01
1.392333936095235258e-01
1.394726817592980561e-01
1.397453909069302225e-01
1.396839047595855032e-01
1.397813082650299910e-01
1.400096853837368982e-01
1.401608542069790742e-01
1.403909880727528814e-01
1.405781938672066023e-01
1.406641945779322223e-01
1.407882570624350849e-01
1.410133040562271955e-01
1.412151935666794977e-01
1.413148758664725946e-01
1.413586262226109447e-01
1.415601964890953191e-01
1.418726189851756969e-01
1.419929904520513264e-01
1.421191547840837122e-01
1.423583971619604427e-01
1.426665807902813554e-01
1.427995473518968439e-01
1.430330618485806393e-01
1.433509444922205500e-01
1.436248789340254239e-01
1.438675905182953685e-01
1.441197573244575036e-01
1.443801872402432629e-01
1.444890945643187430e-01
1.447101123690601454e-01
1.450281400591136860e-01
1.453490756839509179e-01
1.455885088026525609e-01
1.458791101977232052e-01
1.462921967223287101e-01
1.467975788995622144e-01
1.473535882294179922e-01
1.479503962516787452e-01
1.486094938874240046e-01
1.492669231832024490e-01
1.500209752544760800e-01
1.507691905081273709e-01
1.514268759638075501e-01
1.520847185403107760e-01
1.526098053306342017e-01
1.529882156416776662e-01
1.533484646588561817e-01
1.538296953678131018e-01
1.543132071018220863e-01
1.547377716422081162e-01
1.553236373692746530e-01
1.559929645329712899e-01
1.567618288457389431e-01
1.575998426795009177e-01
1.584469419151544045e-01
1.593006890058520364e-01
1.601705756932495506e-01
1.609723287820811199e-01
1.618106487616900457e-01
1.626877813562751518e-01
1.635690579354760477e-01
1.642921506285671962e-01
1.649114863097670691e-01
1.654638895288111367e-01
1.658873678177595901e-01
1.665536696836349417e-01
1.674391659334301397e-01
1.684001012265678443e-01
1.693279201835390935e-01
1.701210276186465031e-01
1.707130135297778850e-01
1.710996724426742110e-01
1.714411553621287276e-01
1.717970034420490677e-01
1.722217806458477829e-01
1.728326989978555828e-01
1.737691980957983273e-01
1.748571365699169156e-01
1.758541880279775316e-01
1.767514619305733392e-01
1.774120449110865305e-01
1.778147165060041668e-01
1.781080347374082995e-01
1.783835608810185047e-01
1.785514774039389518e-01
1.785569007396698438e-01
1.786747511550784984e-01
1.788786951780317047e-01
1.791012883827088897e-01
1.792508512735365989e-01
1.792358373522757453e-01
1.791725601762532705e-01
1.791579748019578588e-01
1.791625015497206319e-01
1.791678461596367677e-01
1.791765648737553562e-01
1.793038285449146951e-01
1.794971918910746866e-01
1.796299380078913432e-01
1.797020521178843422e-01
1.798617966935035506e-01
1.800441803708674737e-01
1.802720491364599165e-01
1.805402604266998778e-01
1.806955865353348234e-01
1.808349381864073346e-01
1.810039777979252917e-01
1.812044343352320619e-01
1.813820596635343785e-01
1.814835661843416104e-01
1.815583254635333987e-01
1.818545253038401643e-01
1.820819802999494863e-01
1.822505026996137645e-01
1.824486391723156853e-01
1.825499979183082544e-01
1.827190920978784550e-01
1.829697286784644217e-01
1.832495389491323734e-01
1.833925255000590782e-01
1.835790213435886109e-01
1.839461873382330914e-01
1.841872714504602104e-01
1.844266705900425851e-01
1.846948620691896970e-01
1.849917082786555755e-01
1.852176651954654807e-01
1.854824247360233325e-01
1.858362040579315255e-01
1.861780120208856026e-01
1.864929646193984325e-01
1.867786834329368817e-01
1.871072637647391845e-01
1.875083358109001230e-01
1.878525341480970223e-01
1.881729611277578595e-01
1.884986501097674350e-01
1.888830914676190020e-01
1.893577415496113248e-01
1.898561148345470073e-01
1.903053577244278038e-01
1.908214635029434336e-01
1.913030212372541783e-01
1.916552538841966302e-01
1.921342421501872899e-01
1.926795971512798578e-01
1.931906224906444480e-01
1.936057522326707359e-01
1.941362810388203297e-01
1.948021897315980744e-01
1.955086295530195917e-01
1.960381080999970549e-01
1.966218303143973667e-01
1.972702544108035638e-01
1.978893452122810759e-01
1.985816139310603023e-01
1.992773292750124325e-01
1.999508708372711996e-01
2.006854386687275393e-01
2.013906477928162908e-01
2.021227521777154978e-01
2.029159848451617121e-01
2.037714405417442864e-01
2.045529120802881962e-01
2.053038490653033288e-01
2.061629884362221055e-01
2.069786042332647236e-01
2.078173724412920309e-01
2.086964983344076485e-01
2.095163747668264409e-01
2.103846419572827087e-01
2.112903968214992212e-01
2.121837692141536058e-01
2.130638051554561985e-01
2.139937972843651837e-01
2.149489711210130216e-01
2.157768308594825990e-01
2.167374493896964682e-01
2.177003464058037130e-01
2.185643956020472956e-01
2.193946521893142543e-01
2.203176017254595831e-01
2.212859582304956274e-01
2.222007259309291272e-01
2.231279324591161350e-01
2.240639369934796787e-01
2.250082425624131965e-01
2.258806206285956519e-01
2.267037103772166773e-01
2.275831613391637864e-01
2.285389492660756805e-01
2.294010583162312267e-01
2.302234674096111378e-01
2.310812786042694134e-01
2.319420035183425155e-01
2.328283794075255708e-01
2.336477699428796406e-01
2.344527187496420473e-01
2.353852312266828672e-01
2.362010705173017422e-01
2.369847710430624532e-01
2.378136315643784304e-01
2.386173226386307245e-01
2.394519835263493601e-01
2.402245420217516969e-01
2.408586167693133606e-01
2.415731379762293685e-01
2.423439763858911411e-01
2.430826644718651619e-01
2.437585314467552444e-01
2.444624948158860556e-01
2.452320904150603886e-01
2.459949732542038026e-01
2.466075431466105972e-01
2.472328969374303353e-01
2.478855351924892647e-01
2.485911260515452081e-01
2.492231002449987187e-01
2.498435618877414832e-01
2.504865739345545905e-01
2.510819993019104968e-01
2.516107500493527938e-01
2.522466681331396177e-01
2.529468073457475930e-01
2.534453822672371182e-01
2.539142353534699637e-01
2.543807505369191091e-01
2.548533521920441358e-01
2.554040060102941712e-01
2.559225538909438158e-01
2.564485586345192081e-01
2.570701414227482551e-01
2.575618801057338314e-01
2.579596386432643218e-01
2.583348490476604087e-01
2.587584402889010482e-01
2.592028245687488242e-01
2.596627956628801415e-01
2.600903977632525454e-01
2.606027391672133819e-01
2.610491886615753376e-01
2.614140050232406920e-01
2.618041984945538858e-01
2.620677987545728671e-01
2.623484102547166130e-01
2.627055575430397583e-01
2.630915203928942958e-01
2.635290199041370185e-01
2.638786230772733332e-01
2.641317503303287628e-01
2.645679776966574637e-01
2.649381126970050682e-01
2.652368004888292496e-01
2.655312872439627991e-01
2.658504181087021356e-01
2.661843117713927342e-01
2.665202763676645659e-01
2.668484601706261894e-01
2.672343885421751275e-01
2.674376267671582652e-01
2.675293487787246405e-01
2.678239835500719201e-01
2.681097124099734441e-01
2.683455563306808012e-01
2.685572862386699788e-01
2.688514180183405600e-01
2.691454610347743803e-01
2.694127271413798708e-01
2.696444287776942339e-01
2.698329323053355044e-01
2.699751014232631419e-01
2.701360587596888796e-01
2.703993305206296993e-01
2.706902668237682885e-01
2.709594265460965601e-01
2.711719257354739954e-01
2.713099525690076397e-01
2.715736089706420886e-01
2.718335669040677360e-01
2.720065633624790813e-01
2.721166112720966868e-01
2.722532908350231984e-01
2.724562607109550783e-01
2.726427010595798284e-01
2.727368682324889382e-01
2.728792731463906551e-01
2.730755977928636113e-01
2.732143088400365016e-01
2.733265168726443650e-01
2.734437849193806502e-01
2.735886907041072402e-01
2.737671139240269724e-01
2.740053728520872034e-01
2.742270593047141380e-01
2.743587512969967168e-01
2.744597546160226220e-01
2.745651378035544043e-01
2.747054032593962969e-01
2.748061503797769589e-01
2.748381443977354621e-01
2.749732659578318916e-01
2.751174459338189271e-01
2.752120168685917578e-01
2.753357434749601484e-01
2.755139654159544094e-01
2.756552292466160625e-01
2.757415505647661247e-01
2.758820151239629315e-01
2.760166775643824733e-01
2.761745821416378699e-01
2.763875354170802212e-01
2.765211197435851198e-01
2.765935720056293956e-01
2.766981199979781092e-01
2.768196915149687132e-01
2.769307941913606297e-01
2.770568379402160164e-01
2.771204204171892060e-01
2.771909919321534077e-01
2.773810724616047607e-01
2.775773479521279063e-01
2.777048811137676210e-01
2.777676999330517815e-01
2.778244471549986550e-01
2.778981948494906873e-01
2.779969693720336088e-01
2.781974801719187540e-01
2.784141266226764500e-01
2.785547056496139318e-01
2.786848286300902533e-01
2.787387083709242930e-01
2.787470317393544450e-01
2.788086128175261691e-01
2.790487464398148654e-01
2.792087565332650456e-01
2.792872805535794867e-01
2.793594065397979054e-01
2.795576271146532621e-01
2.796969324588778893e-01
2.797923698008062399e-01
2.799292094111439644e-01
2.800746608376504243e-01
2.801851269006733758e-01
2.802838255822655555e-01
2.803629283070560030e-01
2.805211633831261597e-01
2.807133504152296566e-01
2.808525356590743094e-01
2.808991381257768816e-01
2.809687575697896178e-01
2.810761724114417270e-01
2.812329696416853708e-01
2.814353316396474014e-01
2.814985714673997608e-01
2.816151282459493088e-01
2.817440071642395849e-01
2.817434147536759248e-01
2.818107321739198867e-01
2.819399535357948738e-01
2.820699745714661533e-01
2.821962637960906406e-01
2.823903179705146704e-01
2.825272695124145805e-01
2.825777378141880458e-01
2.825989969938998425e-01
2.826961327761410847e-01
2.829127337247135943e-01
2.831027077674868053e-01
2.830719709396359307e-01
2.832641501426692021e-01
2.833777033686641356e-01
2.834122270047667591e-01
2.836934199482206154e-01
2.837996852397918213e-01
2.838202336132525372e-01
2.839151291996243609e-01
2.841726944744584205e-01
2.842906687438490621e-01
2.842973892211916875e-01
2.843249224543568099e-01
2.847638554811474654e-01
2.849627460837365622e-01
2.849747641235590989e-01
2.850735481560234263e-01
2.853441163480280318e-01
2.856180756568911239e-01
2.857434302449229913e-01
2.856962483763698102e-01
2.858957919865843245e-01
2.860744375854726296e-01
2.861673711806537179e-01
2.862618142068386606e-01
2.865275924503798977e-01
2.867493604212995040e-01
2.868979949802155649e-01
2.870338733673091780e-01
2.872421049177646402e-01
2.873459196388721271e-01
2.874821098744867465e-01
2.878063385188581735e-01
2.882190523445610775e-01
2.884531385600564435e-01
2.884416076153519248e-01
2.884150647342205165e-01
2.887442319691184145e-01
2.889401521652940064e-01
2.890384525567297747e-01
2.891376406699417978e-01
2.892091318637134978e-01
2.893559610456232778e-01
2.895128214836123481e-01
2.896586451053623779e-01
2.900288173913955769e-01
2.901292382001878778e-01
2.902336533546447939e-01
2.904429570674900707e-01
2.903507024765017430e-01
2.906932989835740444e-01
2.910106867313388412e-01
2.909801912248132783e-01
2.909938593864438428e-01
2.912238217681648034e-01
2.914861498832707065e-01
2.916004358321426237e-01
2.915616502046585734e-01
2.915902007699012199e-01
2.917328441381459303e-01
2.919817452788357470e-01
2.923540912091727173e-01
2.923338276863098883e-01
2.925018818080420968e-01
2.927859488874673954e-01
2.926392675936218546e-01
2.926779566705232094e-01
2.929120137542483016e-01
2.930878597497937887e-01
2.929621794074774854e-01
2.931568671017888428e-01
2.935463903844354738e-01
2.937684680521487901e-01
2.935790453851220283e-01
2.936438229680058409e-01
2.940190301090476743e-01
2.944352334737773136e-01
2.945902684807780725e-01
2.947768623590473203e-01
2.950928950518367788e-01
2.951744273841380162e-01
2.948606299310920220e-01
2.951481405675407399e-01
2.955609950125213659e-01
2.956692207157607943e-01
2.954869816422462381e-01
2.956344541221854749e-01
2.955680764675142069e-01
2.958139842420813292e-01
2.963130436778066423e-01
2.960846252441401982e-01
2.960521049499511559e-01
2.962287492752070373e-01
2.964254970550541102e-01
2.964834423065180746e-01
2.970848608016963821e-01
2.971892080068591624e-01
2.968369009196757391e-01
2.966159034550192586e-01
2.965730237066750985e-01
2.967686972916125931e-01
2.971510292887689086e-01
2.975510636657471841e-01
2.976588506162162751e-01
2.974496901422742368e-01
2.971876558393236056e-01
2.970763317346572507e-01
2.972617704272271788e-01
2.973557161808010885e-01
2.973090240478518664e-01
2.974164737015963511e-01
2.974006649851804185e-01
2.974728827476501025e-01
2.977541597038512733e-01
2.978691999971865290e-01
2.979068416297435684e-01
2.979878863692279056e-01
2.981627397298814430e-01
2.980920656442637151e-01
2.977345292270183741e-01
2.976828424513341953e-01
2.975574026942257033e-01
2.976527085483070545e-01
2.981701844751832309e-01
2.984265589952472819e-01
2.985252918422218738e-01
2.984337930679324402e-01
2.985140238761905263e-01
2.985002582073211785e-01
2.984712794065478847e-01
2.985940774440761780e-01
2.985844769239422436e-01
2.982667735576632895e-01
2.982509400844575720e-01
2.984333499670029921e-01
2.985140534162520898e-01
2.987195340871812710e-01
2.987604631453755766e-01
2.986556065052744513e-01
2.987478508114813636e-01
2.988120692074300866e-01
2.990404859483239974e-01
2.990852891802783797e-01
2.990379164814954138e-01
2.990160021781922972e-01
2.988231420725583898e-01
2.987975976526740518e-01
2.989238727271552598e-01
2.989846477746960218e-01
2.990419381499286322e-01
2.990955961972476262e-01
2.990795607984061966e-01
2.992015243291859528e-01
2.992763748168947857e-01
2.993330507576468236e-01
2.993070016801359645e-01
2.992050204277038050e-01
2.991979617774482292e-01
2.992030416429041773e-01
2.991345772773030820e-01
2.990115801572800769e-01
2.991034514755010476e-01
2.993554110020400505e-01
2.994855546534057611e-01
2.999189829200509805e-01
2.999194849491116921e-01
2.996407702267168682e-01
2.994492777943611461e-01
2.993669533371924873e-01
2.992920109152793495e-01
2.992679750084872303e-01
2.992797862648968188e-01
2.993712644457820482e-01
2.995476360321041587e-01
2.996035918593406566e-01
2.997438505291943334e-01
2.998215095400807995e-01
2.997853670954707672e-01
2.997871683120724162e-01
2.998789713025096226e-01
2.998314309954638324e-01
2.997671777606011889e-01
2.994973496079443853e-01
2.993107317566872649e-01
2.990259328365330593e-01
2.989028300166127750e-01
2.988586854457859210e-01
2.987626599311830056e-01
2.987082955420014563e-01
2.986985207408667242e-01
2.987101855337619405e-01
2.986971327781680063e-01
2.988946369171146533e-01
2.988567247688770356e-01
2.984785405993465868e-01
2.983299601793288902e-01
2.981652023375029881e-01
2.978818826496604233e-01
2.977855326890945231e-01
2.978993981391195867e-01
2.978560485363005439e-01
2.977559963464737058e-01
2.976581301212314901e-01
2.974838437557218995e-01
2.973956075906752372e-01
2.973936579465870644e-01
2.973053627014162759e-01
2.971850460290912377e-01
2.971231300592422353e-01
2.970212168455118595e-01
2.970057159245015899e-01
2.971118640750648465e-01
2.971075507909057278e-01
2.970741966962809344e-01
2.969453004032373555e-01
2.970042683154345831e-01
2.971401663094756507e-01
2.971399299651383275e-01
2.972230640858410378e-01
2.971760315626860716e-01
2.968168472558256887e-01
2.968193707287316574e-01
2.970292361259457281e-01
2.970498887956139478e-01
2.971032784581185138e-01
2.971348336100578802e-01
2.969923035979273873e-01
2.969584143102169116e-01
2.969799533605579356e-01
2.970729937851424030e-01
2.971240493118759152e-01
2.971602555781604482e-01
2.972516881287095014e-01
2.973345942676066112e-01
2.973743927597995995e-01
2.973937749505046191e-01
2.974126844048501361e-01
2.974213709354402435e-01
2.974285210728648821e-01
2.974076024889944492e-01
2.974350211977959679e-01
2.975229092091318250e-01
2.975543493479491652e-01
2.976451829820874750e-01
2.976813509613273623e-01
2.977020943611856652e-01
2.976418734937903432e-01
2.976072420626880155e-01
2.975342264771462797e-01
2.974969792068005714e-01
2.975233638048170870e-01
2.974868744671341214e-01
2.974861653625964775e-01
2.973983545839788412e-01
2.971666251301764983e-01
2.970764506697656238e-01
2.970903963923455793e-01
2.969775010406966453e-01
2.968557714283465154e-01
2.967197415411470529e-01
2.964084151029586223e-01
2.962329708218575663e-01
2.961114480316635600e-01
2.961281415343280377e-01
2.960767314553262586e-01
2.959156662970781060e-01
2.958222807407384081e-01
2.957107852995392028e-01
2.955647244989875744e-01
2.954122528582814322e-01
2.952737846195702121e-01
2.950349586665625967e-01
2.948935656666756278e-01
2.948801826685664151e-01
2.947584357917312770e-01
2.945498914569617543e-01
2.944431524455546345e-01
2.944350281089548882e-01
2.942865743219849062e-01
2.940679262667894034e-01
2.939369028747085832e-01
2.938290116846564159e-01
2.935739370584484753e-01
2.934627370476722286e-01
2.935518093198538070e-01
2.934787493765351751e-01
2.933161444723602629e-01
2.931678339242933529e-01
2.930417273998259242e-01
2.929237739324568879e-01
2.927730605363845773e-01
2.926596379905939682e-01
2.926280037760737307e-01
2.925611022859815336e-01
2.925575873732561560e-01
2.924797806441787884e-01
2.923898493051528269e-01
2.923005086481568204e-01
2.922463726401333117e-01
2.921408768296244185e-01
2.920399883389468432e-01
2.920251326858993579e-01
2.919291468560691882e-01
2.918157949745650570e-01
2.916826552450660359e-01
2.914672039747233656e-01
2.913635983467097734e-01
2.913335030972954431e-01
2.912654269933703244e-01
2.911858034938570872e-01
2.911300192058087766e-01
2.910726992994542850e-01
2.909951210439206126e-01
2.909008809685705854e-01
2.908415294051171496e-01
2.907943139076233363e-01
2.906604628443723026e-01
2.904792486429212395e-01
2.903819238901134692e-01
2.903159162908787727e-01
2.902177746564152394e-01
2.901502506136893200e-01
2.901781814157963768e-01
2.901270733624699005e-01
2.899636515974999829e-01
2.899526091873647071e-01
2.900558881998061556e-01
2.900298174828293551e-01
2.900232152760024440e-01
2.899521258652211220e-01
2.896579668581487077e-01
2.895596875190732389e-01
2.895720788538457269e-01
2.895265012085434519e-01
2.895335562974214461e-01
2.894366742819552418e-01
2.892951592355967327e-01
2.891941150128842786e-01
2.890944039821627953e-01
2.890284057140352636e-01
2.889477083683015257e-01
2.888600747108461819e-01
2.887243591308592539e-01
2.886768970489504427e-01
2.886935284137722713e-01
2.887801377475263664e-01
2.886955062001940742e-01
2.885160294622182153e-01
2.885168264806274863e-01
2.885402352064848075e-01
2.885100418567656533e-01
2.886507161617280492e-01
2.886905040264124978e-01
2.886370206356049239e-01
2.885162385463712620e-01
2.884634983867403468e-01
2.884700503259893245e-01
2.883979243159299211e-01
2.884277886986733597e-01
2.885416392803196173e-01
2.885685928851369764e-01
2.885551965802911623e-01
2.883851756364109731e-01
2.881447094678882825e-01
2.881319931149486924e-01
2.880795344710347927e-01
2.880551934242244760e-01
2.880566981434820595e-01
2.881060455143451549e-01
2.880448892801996674e-01
2.879802223891024804e-01
2.879269725084307452e-01
2.877336208641531057e-01
2.876279172420506680e-01
2.876480941057207863e-01
2.876208376407618506e-01
2.875840827107425945e-01
2.875032867610459730e-01
2.874472694158551334e-01
2.874539065420632644e-01
2.874035528779032567e-01
2.873340842902663561e-01
2.872499255299572063e-01
2.870957377135752719e-01
2.870348236441617185e-01
2.870979795873169760e-01
2.870742924213406932e-01
2.869268892228604151e-01
2.867840192735194860e-01
2.865765489220619133e-01
2.864825472146268481e-01
2.864626673430203385e-01
2.864001076877119023e-01
2.863649163722992719e-01
2.863274829804897115e-01
2.862804036319253620e-01
2.862354776620867347e-01
2.861185462474823415e-01
2.859500085175041839e-01
2.858735565483573327e-01
2.857353707939382925e-01
2.856517030477523922e-01
2.857830057978625882e-01
2.857694674283270952e-01
2.856608950138088132e-01
2.856020812690254762e-01
2.854983460932972172e-01
2.852654507428412090e-01
2.851102340340617158e-01
2.849954264998437736e-01
2.847659589231014698e-01
2.845777890205384852e-01
2.844858501642944515e-01
2.842924395173787588e-01
2.840630372613665022e-01
2.838566755354400839e-01
2.835582106918095868e-01
2.833656916022301853e-01
2.832270509004591874e-01
2.830140003561977813e-01
2.827982083410027769e-01
2.826403148889540251e-01
2.823905207633968240e-01
2.821841555178163374e-01
2.820174225509168853e-01
2.817631621539588571e-01
2.816051052033902158e-01
2.813904770851133330e-01
2.810717367708686076e-01
2.808571971833704883e-01
2.806653804957865428e-01
2.804456175923347727e-01
2.803469647943974685e-01
2.802429074525836228e-01
2.800736536979676616e-01
2.799080293387177232e-01
2.797670522332194043e-01
2.796780377626418290e-01
2.795624045491221787e-01
2.795273864835495781e-01
2.795121933043004936e-01
2.794908300101755505e-01
2.794274675786491136e-01
2.793147249281410227e-01
2.793024241209030589e-01
2.792804773569111942e-01
2.792842049807306437e-01
2.792999555021520863e-01
2.792894551545377912e-01
2.792484861016274467e-01
2.791910291433337687e-01
2.791027729988095341e-01
2.791050734043125647e-01
2.791346247673034964e-01
2.791031269073486754e-01
2.790648458004000854e-01
2.790303987026215848e-01
2.789089864343400893e-01
2.787637806385752093e-01
2.786344110667707263e-01
2.785736699104305325e-01
2.785017327666285958e-01
2.784424475669860510e-01
2.783986690878865189e-01
2.783633220195765867e-01
2.783473264932630475e-01
2.784234962940215774e-01
2.784463118612765520e-01
2.784630795121194047e-01
2.784657027423377840e-01
2.783834983706472976e-01
2.783368128091094351e-01
2.783550556778904839e-01
2.783370743751525933e-01
2.782092139571904488e-01
2.779868079394104963e-01
2.776503951489926458e-01
2.772682350575922383e-01
2.769109490811823004e-01
2.766046297311779978e-01
2.762969553828241720e-01
2.758434258460998878e-01
2.753873952120539648e-01
2.749377265632149125e-01
2.744189007788895296e-01
2.738337159544226296e-01
2.732584275513888494e-01
2.726134518474339075e-01
2.719298943161960191e-01
2.712800519227976936e-01
2.706544085294012025e-01
2.699466417431828913e-01
2.692499371170997136e-01
2.685354696512218253e-01
2.678673930615189658e-01
2.671324631601573740e-01
2.665104961395267646e-01
2.658837298393252335e-01
2.653640227317806688e-01
2.649484869003291276e-01
2.645629205703737274e-01
2.642493458747859902e-01
2.639548373222353472e-01
2.636945988625289394e-01
2.634882515728475538e-01
2.633823228985069931e-01
2.633364450275893498e-01
2.632079457372429876e-01
2.629820038527251325e-01
2.628225657284259387e-01
2.626085868597034523e-01
2.622073543816801910e-01
2.618323659896850675e-01
2.612885830879212445e-01
2.606511197090146670e-01
2.601401258945461037e-01
2.596059546560045006e-01
2.591731654345988400e-01
2.589500071108336021e-01
2.588941880583761623e-01
2.590943855047224686e-01
2.594860426187516889e-01
2.600544877648354181e-01
2.608510655164720804e-01
2.617726740837095223e-01
2.626999122798445718e-01
2.636225229799743497e-01
2.645602093487973150e-01
2.654388739854098289e-01
2.662007171511650561e-01
2.669413251996043956e-01
2.674833864301446318e-01
2.677578182667490481e-01
2.680534486949446293e-01
2.682882167994973255e-01
2.684319041132931516e-01
2.685666417032478437e-01
2.685232333093885981e-01
2.684443159818645785e-01
2.684151185274128437e-01
2.683873072147370253e-01
2.682858872294422437e-01
2.681026172876362357e-01
2.679499352455134709e-01
2.677881105661390482e-01
2.675768890380859633e-01
2.673997167348864390e-01
2.673100689649580697e-01
2.671541290283203085e-01
2.669524525880810906e-01
2.669960629999640900e-01
2.669658689081672032e-01
2.667741777062413444e-01
2.667579601764678010e-01
2.668083524644378479e-01
2.668147215306754805e-01
2.669388888359069956e-01
2.670990000844000734e-01
2.671863093674181622e-01
2.672197134494779247e-01
2.672534788101910141e-01
2.673685169517998617e-01
2.674635317921641442e-01
2.675513217300177771e-01
2.676240425854922167e-01
2.676697216629977949e-01
2.676714615374800599e-01
2.676736437529325108e-01
2.677342444658282195e-01
2.677882690429687629e-01
2.678531412601470874e-01
2.679098845958710617e-01
2.679276684999468694e-01
2.678754669904713781e-01
2.679059326171875366e-01
2.679539404809474501e-01
2.679806283861399518e-01
2.679954615533352569e-01
2.680398725867273457e-01
2.680794768482441803e-01
2.680843425989146711e-01
2.680727827548975983e-01
2.680868786871435372e-01
2.680567995011803317e-01
2.679586176216606219e-01
2.679692327320574163e-01
2.679537818491458112e-01
2.678722224175933420e-01
2.677919600874182904e-01
2.677799603283400054e-01
2.677850314795969244e-01
2.677309592485427325e-01
2.677057239770887498e-01
2.677295147061347080e-01
2.676944610536098890e-01
2.676508343875406704e-01
2.677106736660001540e-01
2.677251666188241730e-01
2.677299120128152077e-01
2.678228451013568434e-01
2.678643746674061465e-01
2.679607267975803730e-01
2.681526057720182155e-01
2.682526127398017213e-01
2.683845111131671901e-01
2.684963028848169619e-01
2.685554522186515136e-01
2.686849500626327103e-01
2.688950525045397666e-01
2.690487759351730679e-01
2.691396660923962014e-01
2.692977218359711156e-01
2.694534198582172468e-01
2.694553753852842459e-01
2.695854789733888035e-01
2.697929080009461855e-01
2.698244688034057148e-01
2.698971676826482091e-01
2.700265050888060459e-01
2.699872669100764067e-01
2.699412029296162641e-01
2.699854396760467123e-01
2.699754193603994268e-01
2.699869721949101908e-01
2.700470056742433900e-01
2.700451194971802416e-01
2.700016784816977600e-01
2.700051266491416690e-01
2.700166500121352620e-01
2.700273606181144981e-01
2.700235584080220019e-01
2.700108843743798670e-01
2.699617503881455161e-01
2.699236398637298029e-01
2.699016813635827794e-01
2.698222264170650475e-01
2.697466025054456873e-01
2.697082895338537289e-01
2.696602804332969283e-01
2.696421554505827323e-01
2.696213780313725938e-01
2.696528536111121310e-01
2.697097925812010355e-01
2.698929580569266462e-01
2.699547892987723685e-01
2.699480403214696289e-01
2.699698787152767787e-01
2.699949000328777937e-01
2.701278165727857838e-01
2.703156385481353952e-01
2.704138671129945881e-01
2.704784686774011071e-01
2.705669716417792858e-01
2.706403851896520552e-01
2.707061656147243811e-01
2.707699714481829334e-01
2.708189825803042905e-01
2.708388758540157815e-01
2.709637064337727663e-01
2.710988175272937006e-01
2.711356027722361395e-01
2.711646675646304794e-01
2.712584648966792633e-01
2.713405596703287181e-01
2.714632146239284172e-01
2.715352943420414333e-01
2.715496808052065281e-01
2.715469096422192252e-01
2.715567855954168497e-01
2.716924546599384094e-01
2.718944035202267573e-01
2.718779517620797948e-01
2.718737356305122033e-01
2.718870326608420762e-01
2.718160955101250886e-01
2.718839074164631775e-01
2.720237768441439163e-01
2.720916790127758667e-01
2.721687114477161495e-01
2.722696230530742278e-01
2.724084760069849787e-01
2.724531978607179217e-01
2.724959150433544086e-01
2.725350356101988725e-01
2.724949716687199985e-01
2.725455306529997457e-01
2.725679358005525521e-01
2.725793742179868917e-01
2.726354460477833364e-01
2.726031944274897589e-01
2.726585882067680822e-01
2.727648135632273485e-01
2.726597674250598180e-01
2.726197329640389078e-01
2.725807008385662256e-01
2.724783152103422146e-01
2.726224746465683024e-01
2.728261551260952600e-01
2.728681352972987528e-01
2.730109412997963059e-01
2.730306067526336311e-01
2.729103143274788090e-01
2.729369968384499634e-01
2.730533679664138291e-01
2.731706530809403510e-01
2.732872895598415508e-01
2.733265025317666019e-01
2.732911813735963702e-01
2.732447154760362928e-01
2.731913000702862471e-01
2.732441290497776287e-01
2.734629624843595841e-01
2.736575924634936374e-01
2.737066774249073964e-01
2.737327453672885325e-01
2.736920074939725445e-01
2.736546890079971095e-01
2.737891947358842004e-01
2.738196672797199027e-01
2.737356354892253041e-01
2.736568206846710094e-01
2.735942758023742205e-01
2.736204491555691565e-01
2.737922265231604868e-01
2.738755214512347824e-01
2.737906054258345545e-01
2.737522296309468084e-01
2.737290885448455113e-01
2.738299400746825318e-01
2.739228055000307305e-01
2.738525230407713451e-01
2.737811207771303490e-01
2.737102065861224953e-01
2.736997757792475339e-01
2.738684071570639533e-01
2.739713738322258063e-01
2.739391712367532650e-01
2.739124486804012659e-01
2.739250988870854386e-01
2.738627792358403479e-01
2.738910661697391280e-01
2.739452238619324853e-01
2.738961659431454199e-01
2.737712488174439684e-01
2.736821109473704938e-01
2.736442400485278315e-01
2.737128517031665598e-01
2.737802630603313192e-01
2.737959147691728101e-01
2.737449019938706929e-01
2.737383683145042657e-01
2.737683061063287959e-01
2.738137787580490201e-01
2.738630850315091902e-01
2.738207175493236334e-01
2.737526491403582951e-01
2.737794862300159671e-01
2.737063967317341917e-01
2.736581824958325138e-01
2.737074842900042992e-01
2.737361669540404607e-01
2.737622531861071407e-01
2.738154253035782193e-01
2.738560651481154462e-01
2.737575231760740468e-01
2.737531847298145804e-01
2.739227421760558889e-01
2.738558584213251490e-01
2.737888118624689504e-01
2.737651079446072888e-01
2.735931180417539577e-01
2.734203247189525010e-01
2.734305098712440096e-01
2.734288271069523213e-01
2.733958142966028126e-01
2.733430823594332204e-01
2.732256312698128631e-01
2.730679507613179013e-01
2.730198228478434852e-01
2.729993282496933071e-01
2.730653322935100435e-01
2.731178161144260930e-01
2.729340363919731671e-01
2.729328028678896789e-01
2.729880427837374501e-01
2.729783006310458338e-01
2.729805459022522918e-01
2.729876081407067723e-01
2.727791609525679895e-01
2.727232882082463172e-01
2.728222182691097952e-01
2.728127352952961493e-01
2.727117640972139823e-01
2.726378620415924603e-01
2.724644980430607766e-01
2.723338433027270300e-01
2.722930993378161468e-01
2.722316731572150261e-01
2.721344627171757291e-01
2.720977111726995412e-01
2.721514499664310360e-01
2.720420222997667614e-01
2.719125777482987449e-01
2.717403543084855877e-01
2.713777537345881674e-01
2.712098308950658954e-01
2.711779077529903881e-01
2.710978331923482032e-01
2.711915555119516208e-01
2.711298467814922675e-01
2.710075830906624739e-01
2.709280127823356366e-01
2.708004673719408006e-01
2.706670566380025567e-01
2.704499836713078476e-01
2.703884066194295888e-01
2.703727083206173276e-01
2.703021055221557223e-01
2.703524897098543156e-01
2.701741436451677858e-01
2.697879333883522190e-01
2.695684309959407998e-01
2.693819261550902122e-01
2.692504284381871393e-01
2.692415904462340803e-01
2.691025816529987180e-01
2.689026698350910349e-01
2.687044447660448809e-01
2.684713312983517119e-01
2.683097067475321285e-01
2.681874040007594662e-01
2.680111631214622259e-01
2.677929393172260863e-01
2.675797683477402211e-01
2.673087709426880676e-01
2.671282373368744079e-01
2.670250186622138977e-01
2.668037525832651080e-01
2.665849081546067811e-01
2.663798213630912404e-01
2.661324109315875153e-01
2.661070282578469892e-01
2.659648995637890478e-01
2.657135451167817464e-01
2.655860550105572648e-01
2.656351300477977628e-01
2.655224490463731213e-01
2.653594725430007406e-01
2.652657236486671288e-01
2.650001263409850205e-01
2.648429306030276043e-01
2.648826541900631271e-01
2.648969169616699482e-01
2.650033867836001367e-01
2.649308262705806216e-01
2.647922497600313507e-01
2.647036468327050307e-01
2.645036346375944092e-01
2.643993265688415750e-01
2.644060152500863903e-01
2.643526382863522484e-01
2.643367284953598850e-01
2.642884098708632168e-01
2.642439803063868498e-01
2.641525284647938676e-01
2.640249094963075249e-01
2.639545010626313526e-01
2.639527924060823816e-01
2.638221376538280594e-01
2.636429530620572614e-01
2.635905791997910641e-01
2.635487213492393455e-01
2.634485408991572020e-01
2.634412363976238458e-01
2.634262739509341533e-01
2.633352622181174829e-01
2.633074094653126140e-01
2.634420284092431341e-01
2.634170542538168958e-01
2.633149488329891152e-01
2.632380946308378600e-01
2.631456289321181807e-01
2.630490700066089871e-01
2.629983905583622716e-01
2.628716031312944845e-01
2.628658025264736242e-01
2.631012423038478487e-01
2.630982683897015728e-01
2.628776475548746938e-01
2.628172037154437590e-01
2.626650194942952710e-01
2.625412834525104322e-01
2.626381074488167156e-01
2.626619822621346079e-01
2.625878823518750793e-01
2.625606248438356327e-01
2.625371351122857688e-01
2.624898043513302914e-01
2.624060142785312744e-01
2.623752307146784424e-01
2.623620502710345415e-01
2.623684633880850048e-01
2.624723883658650614e-01
2.623919044971462222e-01
2.622112636923789597e-01
2.621288348138334778e-01
2.618947573006157881e-01
2.617960460454224481e-01
2.618731854200365694e-01
2.618713620662692088e-01
2.618234465092422192e-01
2.618568933069708171e-01
2.618002169728275152e-01
2.617202937126156259e-01
2.616101936072109946e-01
2.616246991097923580e-01
2.616791052907705417e-01
2.617246795296664374e-01
2.618185942769055696e-01
2.616269132107499340e-01
2.613684281229974871e-01
2.614771602809432549e-01
2.615171728968622711e-01
2.616699062347413451e-01
2.616917002648114776e-01
2.615255637168881209e-01
2.613744899839161584e-01
2.610534399032590769e-01
2.610192927718159583e-01
2.611129914790387141e-01
2.611303715735673880e-01
2.613392636179924788e-01
2.613671508908274599e-01
2.611257868677380745e-01
2.610948421955107124e-01
2.611341829240321211e-01
2.612507759600873336e-01
2.612033818244936523e-01
2.611319914907216932e-01
2.611140938550238766e-01
2.610428318023679251e-01
2.610295729994778768e-01
2.609082164794210290e-01
2.606042633533474095e-01
2.604622010797267295e-01
2.605558468699450958e-01
2.605910711288451087e-01
2.607073302507396106e-01
2.607791999161241936e-01
2.606858465492727928e-01
2.601523776948448941e-01
2.599672570586207265e-01
2.599047162383794074e-01
2.597736322760585970e-01
2.596380553007124892e-01
2.596691195875402425e-01
2.596830307245255320e-01
2.596228666394946316e-01
2.595693009495737003e-01
2.594201859235758523e-01
2.592568811714645594e-01
2.590335896372795710e-01
2.587472838193181079e-01
2.583733838796612448e-01
2.581248970985411395e-01
2.577957741439338424e-01
2.572927210271356291e-01
2.571560734510421331e-01
2.570593921512364100e-01
2.567354634106159827e-01
2.562947723627093666e-01
2.559180271625521863e-01
2.554835827201603626e-01
2.548346028149128806e-01
2.544198900699616295e-01
2.539120652675624923e-01
2.533208726346491413e-01
2.528210822314028161e-01
2.522640366196635675e-01
2.517983300685883163e-01
2.513247191429140437e-01
2.508027661263938501e-01
2.502980184555054222e-01
2.499231188148260674e-01
2.492644342124460399e-01
2.484683594077822244e-01
2.478355799794197678e-01
2.469748231619595391e-01
2.461183224499222111e-01
2.454390661239622407e-01
2.448190901547671883e-01
2.441691693514586037e-01
2.436124542430042617e-01
2.428740279734138141e-01
2.420478511422873569e-01
2.410673971831797657e-01
2.398886567234997380e-01
2.389638566941021669e-01
2.382276395976541949e-01
2.375722447067497300e-01
2.367225856497888192e-01
2.356043047606948548e-01
2.346482573881746025e-01
2.335997185885904937e-01
2.326680713921786547e-01
2.318092659205198969e-01
2.309320683240894401e-01
2.300611484423275011e-01
2.289225186407564117e-01
2.276617375910279240e-01
2.266689410448069486e-01
2.254802225083111789e-01
2.243130021572115884e-01
2.233657834768292827e-01
2.226244212359190788e-01
2.218388041853907588e-01
2.211832057937981877e-01
2.205438353061673629e-01
2.198061648845671956e-01
2.191784609198566547e-01
2.185103504374627803e-01
2.177713874623178336e-01
2.169977611303330056e-01
2.161551437795164454e-01
2.155520164936783334e-01
2.150612721741198552e-01
2.148507194370030127e-01
2.143425699770454829e-01
2.137124656021595626e-01
2.131762149095532410e-01
2.124144761621948041e-01
2.118251309365029589e-01
2.115741633251305431e-01
2.110951644659042337e-01
2.106994847506283020e-01
2.104017202064391023e-01
2.102671787396070413e-01
2.099439024925236486e-01
2.098716692000623663e-01
2.098035176575188399e-01
2.093771913200616619e-01
2.090648062348368363e-01
2.087324209958315302e-01
2.083865678042176595e-01
2.080898448944092927e-01
2.078968179106716607e-01
2.077532430842523314e-01
2.076716143637898915e-01
2.074115466043357225e-01
2.074154298722740708e-01
2.075014566376800484e-01
2.074397948592905383e-01
2.075459481403233719e-01
2.075454862117767640e-01
2.075388788074253865e-01
2.077510352253917614e-01
2.078364984110000202e-01
2.079748951226469411e-01
2.081001133650537127e-01
2.082309020787474485e-01
2.082007538557050508e-01
2.083334549367425181e-01
2.083574997320774003e-01
2.083977396011354732e-01
2.085015362039211728e-01
2.084445627406241175e-01
2.086103225708007824e-01
2.089064351752400461e-01
2.090176694154738946e-01
2.092953678220507985e-01
2.096011150836940007e-01
2.096817032665013181e-01
2.095065185487274551e-01
2.095436890125275953e-01
2.097268113240594867e-01
2.097357001870867044e-01
2.098906660348177633e-01
2.101390942633148406e-01
2.099777799636122211e-01
2.096739597067239780e-01
2.096118366718294490e-01
2.096271404772995783e-01
2.096616278633471053e-01
2.097560400664811031e-01
2.100048617541789286e-01
2.102464667201041360e-01
2.103295966699718633e-01
2.103536930575970743e-01
2.105242636799812828e-01
2.106219720572234666e-01
2.106290087893608609e-01
2.107228390052918732e-01
2.109054453939201990e-01
2.109788713574406172e-01
2.112500375658271368e-01
2.115318721771238808e-01
2.119461838737127790e-01
2.122588465213778586e-01
2.126383837133650201e-01
2.128139092594381332e-01
2.128900548487898114e-01
2.133102738440031954e-01
2.136958944797516802e-01
2.139744178593160906e-01
2.144793473482132784e-01
2.148879776000981456e-01
2.150476777315135646e-01
2.151799793422225215e-01
2.153345285415645127e-01
2.154556315720083659e-01
2.154267868667842090e-01
2.156728309392933196e-01
2.160011965751652274e-01
2.162555145651099409e-01
2.165739671885964501e-01
2.168121593981978401e-01
2.169729976519944592e-01
2.171640896201129656e-01
2.173241891831161066e-01
2.173266928106544482e-01
2.172799708113072048e-01
2.173606500267984409e-01
2.175065980911252417e-01
2.175604842066768407e-01
2.176043368160721081e-01
2.176641287684441262e-01
2.177167246490718522e-01
2.177222226262097438e-01
2.177313606590036421e-01
2.179070068061355336e-01
2.180078478097912387e-01
2.179823035448791302e-01
2.179765845984225348e-01
2.178157747745517736e-01
2.178052434384819269e-01
2.178329115778203373e-01
2.178579086437821277e-01
2.178939425244929007e-01
2.180513023182751586e-01
2.180892707169053146e-01
2.176661377549174436e-01
2.174836051017047800e-01
2.175116556510326149e-01
2.174831091612577927e-01
2.176028736382724649e-01
2.176870230093600755e-01
2.175397776067256317e-01
2.173680247530337117e-01
2.173351228237147825e-01
2.172141869366166766e-01
2.169567578315735323e-01
2.168960284650330306e-01
2.169308717682961740e-01
2.168273091316220424e-01
2.166894921660419415e-01
2.168336279541251965e-01
2.167769618868831405e-01
2.163178396731615938e-01
2.160055013954643999e-01
2.157588947996498807e-01
2.154716029763217022e-01
2.154380892962212690e-01
2.155504346117374515e-01
2.155067998856310674e-01
2.154513937234882048e-01
2.153297685861591537e-01
2.153304454207417284e-01
2.153084122896191943e-01
2.155054640918969422e-01
2.156782177999617134e-01
2.155164531052110866e-01
2.153866997838019270e-01
2.150144264221193757e-01
2.145242425799369634e-01
2.145381102934477979e-01
2.144739299565553703e-01
2.142790837883951360e-01
2.143069520592690846e-01
2.141888792008161402e-01
2.140001442387697295e-01
2.137402823492887960e-01
2.135396445617082362e-01
2.131711632013319757e-01
2.129323399186134891e-01
2.131454969674346223e-01
2.130990927517418254e-01
2.126415923058991575e-01
2.122246618449686317e-01
2.119553876653312574e-01
2.118990374207501415e-01
2.120082748278971363e-01
2.119334472045299733e-01
2.115603430390354256e-01
2.111443270921709858e-01
2.109791804507370749e-01
2.112338645696636708e-01
2.111357977539300712e-01
2.108547246575355472e-01
2.106570093184708392e-01
2.103294182568792026e-01
2.100713999509808971e-01
2.096819910943504006e-01
2.095712453722950730e-01
2.096540424197911312e-01
2.093080548301341215e-01
2.091709523096678125e-01
2.091217520311475786e-01
2.086238305270675109e-01
2.083816637739542010e-01
2.083618177682156902e-01
2.081955165669326369e-01
2.079469046831133316e-01
2.075408269345761780e-01
2.073065185546879852e-01
2.071554772481321582e-01
2.069468180850153050e-01
2.068011331692338473e-01
2.066127038955691275e-01
2.065617770075795501e-01
2.062504821896554985e-01
2.058238620012998732e-01
2.058239771068099688e-01
2.057101785898208801e-01
2.052126679658885788e-01
2.047925862669947583e-01
2.045691632509230029e-01
2.040804511070252181e-01
2.036823426157232941e-01
2.036382349804041481e-01
2.036313791424040343e-01
2.034307292610403051e-01
2.031591334715486807e-01
2.028885290920731110e-01
2.025317957028748284e-01
2.022504952445623727e-01
2.019404756546023250e-01
2.017191938608887403e-01
2.016340150833126899e-01
2.011020827293399649e-01
2.005020792067055135e-01
2.001275803357366601e-01
1.995385982230306332e-01
1.990589259356264074e-01
1.986307058587672425e-01
1.980343468144534491e-01
1.974189938589928084e-01
1.968356664329768135e-01
1.962658557146788607e-01
1.956898055076597420e-01
1.951412331819536716e-01
1.946192522808906922e-01
1.940368094444272773e-01
1.934710802480574809e-01
1.928131585463881970e-01
1.920044855743647250e-01
1.914971720874306949e-01
1.909626036643983782e-01
1.904306147038933028e-01
1.901895455941558788e-01
1.896145613014699749e-01
1.889032538786526438e-01
1.885452582105995034e-01
1.881986584261061690e-01
1.877868330210444303e-01
1.874613358497623505e-01
1.872344048187137011e-01
1.872705036163330172e-01
1.874995778024197146e-01
1.874976716279987687e-01
1.873031031578779593e-01
1.874347947835917905e-01
1.877455342680219019e-01
1.877975860476496783e-01
1.879371382519604838e-01
1.880442982077597525e-01
1.879221797108654446e-01
1.876919029042123377e-01
1.878006330639127308e-01
1.884029616117479100e-01
1.890241314023728969e-01
1.889855796098709184e-01
1.888528623387214500e-01
1.889248739898205798e-01
1.889075073480608602e-01
1.890101681917902010e-01
1.893753744006158313e-01
1.895820656418800709e-01
1.894806607142094368e-01
1.893491296768188836e-01
1.895017231941227009e-01
1.894679443091156490e-01
1.893002988740803139e-01
1.890451459646224630e-01
1.889320037946107811e-01
1.886158380031586479e-01
1.884123906776307422e-01
1.884787656635047715e-01
1.882615065872670912e-01
1.878480550378563430e-01
1.875107120543717809e-01
1.871460883840916078e-01
1.870461976081135569e-01
1.870227441564201176e-01
1.865606171250340506e-01
1.860381037354466305e-01
1.852828064113857809e-01
1.842150527015327111e-01
1.833261798202991399e-01
1.823060576543209799e-01
1.814231521844862083e-01
1.809909557476639119e-01
1.806122946977614940e-01
1.807457812353967519e-01
1.809878083005546368e-01
1.810847723767159689e-01
1.815479443788524938e-01
1.822614989310505085e-01
1.833361487865448891e-01
1.844889514401559238e-01
1.860146566584708061e-01
1.874475769534709180e-01
1.889711615204813233e-01
1.903084081038834141e-01
1.916891945600512626e-01
1.928359367609023545e-01
1.937255395054813256e-01
1.946491912171246230e-01
1.953624193623662575e-01
1.959125460535291741e-01
1.964130958393218163e-01
1.969252050071954585e-01
1.974588346049193921e-01
1.978976747810841930e-01
1.981699623346327710e-01
1.985589884385463300e-01
1.988734407439829710e-01
1.987762024104590963e-01
1.984672121971842174e-01
1.982894261553884707e-01
1.979031406044955144e-01
1.976729362085465069e-01
1.979173153415325903e-01
1.979526066586373145e-01
1.978734936252235233e-01
1.976866094112400551e-01
1.975839872658257668e-01
1.973552167296405979e-01
1.973088417649266069e-01
1.975260541513564339e-01
1.973246704101558613e-01
1.969053653687236616e-01
1.965436888903382973e-01
1.958875602900982116e-01
1.956395947009327563e-01
1.952280116915702246e-01
1.948463423728946098e-01
1.949245598584416761e-01
1.944649442553519902e-01
1.942653228119013142e-01
1.946451103210445621e-01
1.944769485741855153e-01
1.940867595434187798e-01
1.937856730073687361e-01
1.932129051685329002e-01
1.923807319968934559e-01
1.921597681045532358e-01
1.924720270216463691e-01
1.925755566567184940e-01
1.929540948271753487e-01
1.928681140601634647e-01
1.919328939706083925e-01
1.913312123626470795e-01
1.905554480329155753e-01
1.899084300473331266e-01
1.898037778139110565e-01
1.894891459822650170e-01
1.890092879474166709e-01
1.887069663822651955e-01
1.883069037660954348e-01
1.875694460436697075e-01
1.871787198662754892e-01
1.871206544712183673e-01
1.868121871903540288e-01
1.864936202883724359e-01
1.862932836860422825e-01
1.860554556295276607e-01
1.856832112535836410e-01
1.852943583011624762e-01
1.850251614600418038e-01
1.846570824354887008e-01
1.842573928534984029e-01
1.841765171200032691e-01
1.841825093328956497e-01
1.837591155633328532e-01
1.832911934152245681e-01
1.831234107255935717e-01
1.827649102285505978e-01
1.821581840023393795e-01
1.821162554025650970e-01
1.816528397917751836e-01
1.809755254536870861e-01
1.807224978446962393e-01
1.802116790354252873e-01
1.800094802811744721e-01
1.799426663160324513e-01
1.796733853831889161e-01
1.794511308521030413e-01
1.787241020202639252e-01
1.779085335671903023e-01
1.776997686848045543e-01
1.776663757801053845e-01
1.773815598666664550e-01
1.770924322605134937e-01
1.768344514444472049e-01
1.758744161620733604e-01
1.755273488104339974e-01
1.757366196751593834e-01
1.752429207801821931e-01
1.752379456892609044e-01
1.751695063486699566e-01
1.746208852052689720e-01
1.745572349220516628e-01
1.740860388711099327e-01
1.737231457591057460e-01
1.737583512589331580e-01
1.734968918263908033e-01
1.736723918437954595e-01
1.743361123085017672e-01
1.745033649489285132e-01
1.742873119339351240e-01
1.737363849371674485e-01
1.734320339351888285e-01
1.727808939203615834e-01
1.723826210409403203e-01
1.722481101751331123e-01
1.722041093587875493e-01
1.722292029738422825e-01
1.718455225944515441e-01
1.721071622371673771e-01
1.723760578811164013e-01
1.719246804535387585e-01
1.718364700049163363e-01
1.715562445074316489e-01
1.707485061332584264e-01
1.707680780962106404e-01
1.708633994340897633e-01
1.701324092149736067e-01
1.700901642441745854e-01
1.700778210908178156e-01
1.694439262747768626e-01
1.694009001642469703e-01
1.692611483037476106e-01
1.684446235656736901e-01
1.677621034085752527e-01
1.675950302347539167e-01
1.680307762101296010e-01
1.685935992300507114e-01
1.685579285681248207e-01
1.685241499215359984e-01
1.682373755961657225e-01
1.672313742637633605e-01
1.669647514879705752e-01
1.668003755047915704e-01
1.665055032908914212e-01
1.668990199282765485e-01
1.674845636337995713e-01
1.681130804315212890e-01
1.682207093149423183e-01
1.678382223114375238e-01
1.675072088241579826e-01
1.674319665312766492e-01
1.675488676026466450e-01
1.680187296643850248e-01
1.681170574620368674e-01
1.670432311356065402e-01
1.661964596673845829e-01
1.660167862057681798e-01
1.655805972546335880e-01
1.656020915061238719e-01
1.658933654606346286e-01
1.655479487925770321e-01
1.653584197387095445e-01
1.656003577709193875e-01
1.652294878005985956e-01
1.641602127656338894e-01
1.636179364413018478e-01
1.633624163120985240e-01
1.628368729323146913e-01
1.629451591521500486e-01
1.633290348753337617e-01
1.628557650625710174e-01
1.624572634622456491e-01
1.629265315830709937e-01
1.630646129250530318e-01
1.629589647933843977e-01
1.631137532383203914e-01
1.627646582365039341e-01
1.621727752208708129e-01
1.627055024877185896e-01
1.635346823662520155e-01
1.632396276891229792e-01
1.621718929246071250e-01
1.605206490069631398e-01
1.589675409615043666e-01
1.584564321354028915e-01
1.592945778250690614e-01
1.607349654003974448e-01
1.615362023949623305e-01
1.617731794774532050e-01
1.618184269487855931e-01
1.610998147219416810e-01
1.604276613429185261e-01
1.601529897093775245e-01
1.590914051413540031e-01
1.585542120516297282e-01
1.580850211501117486e-01
1.572397623673078559e-01
1.575806282460688046e-01
1.579380379423500902e-01
1.575920740604396519e-01
1.570478784084316515e-01
1.564612959966062145e-01
1.555830131471157285e-01
1.549340824335809219e-01
1.552515789985653427e-01
1.547420361757275986e-01
1.537389275223013663e-01
1.537812767922875912e-01
1.537809715867044236e-01
1.535917484253641607e-01
1.540656747967004969e-01
1.542772762298582623e-01
1.535328781917686680e-01
1.528179769515990716e-01
1.524411598011851943e-01
1.525114319622520587e-01
1.523370487064122925e-01
1.513784436821940249e-01
1.504776357471946935e-01
1.487549104928968247e-01
1.477285609424116575e-01
1.496975885957474994e-01
1.505981347560882977e-01
1.501536356702442288e-01
1.497603938281533431e-01
1.476819124802949690e-01
1.453019892215725306e-01
1.428681698083875684e-01
1.418773882091045602e-01
1.424184610843659271e-01
1.425624294161798866e-01
1.431048035100098703e-01
1.438878679186109399e-01
1.435742726355793697e-01
1.424928178817034263e-01
1.424921146154403129e-01
1.414668213516474538e-01
1.397450876444573942e-01
1.388563107728954249e-01
1.379059912085530970e-01
1.388877576902504130e-01
1.398070893421764771e-01
1.394029555022717193e-01
1.405033042654397213e-01
1.407846411690113486e-01
1.366516161561015519e-01
1.358357599273324612e-01
1.367861530721189434e-01
1.368777428984640498e-01
1.383644282162186101e-01
1.395563668161629578e-01
1.389743823885915552e-01
1.381032407462599587e-01
1.386006889939312703e-01
1.385839790403844973e-01
1.374238170385358171e-01
1.364851895570755314e-01
1.356671745479106073e-01
1.343056376829744880e-01
1.316658009052275313e-01
1.310679588049647737e-01
1.310942339390512856e-01
1.304057674661274202e-01
1.314849799588321266e-01
1.334155123159286860e-01
1.337133431687952123e-01
1.331916768774389637e-01
1.307921907216306467e-01
1.290308791190387661e-01
1.262660593986508761e-01
1.252445559874179881e-01
1.278203012287617846e-01
1.291130528390407317e-01
1.300055131316186774e-01
1.351538825914261055e-01
1.370571073770518733e-01
1.323881112545725325e-01
1.344479567825792587e-01
1.343585003077985285e-01
1.306970653578641561e-01
1.347602668404577209e-01
1.330020994156602965e-01
1.284734091281895529e-01
1.277935037001964036e-01
1.278780534490945586e-01
1.286389690637590733e-01
1.299511779785155474e-01
