1.145454907894130486e-01
1.146858019553127356e-01
1.181598069183528027e-01
1.204733295559888007e-01
1.193360570356248457e-01
1.192132968127729842e-01
1.184957498185336272e-01
1.178558485731483335e-01
1.182258670926095850e-01
1.173334255315362090e-01
1.173938072368498203e-01
1.190361548483370724e-01
1.211911696851257769e-01
1.196756868995729611e-01
1.177534379854796864e-01
1.175320055730644381e-01
1.167519470192494302e-01
1.196980962991714414e-01
1.218265564098949399e-01
1.189327011913058896e-01
1.175735279336566769e-01
1.182324402295053672e-01
1.190596237465738894e-01
1.174617889091370271e-01
1.178482048809531973e-01
1.193411171078678640e-01
1.201235863678160876e-01
1.181114200621846272e-01
1.191077578254041702e-01
1.217396436989306024e-01
1.230736037805675170e-01
1.212355450607840585e-01
1.205226177275179889e-01
1.211685759991402711e-01
1.213133370995519433e-01
1.213014725781981357e-01
1.218242201134563385e-01
1.225351509951054796e-01
1.219179937094450605e-01
1.222328387096521390e-01
1.228447386011479736e-01
1.229705144047737037e-01
1.231902052655815955e-01
1.235159883424642169e-01
1.235468681395053420e-01
1.231838985443116652e-01
1.250261353135105058e-01
1.260003580659624922e-01
1.253328716754917582e-01
1.249369409561161826e-01
1.257840676322582174e-01
1.265924037814139813e-01
1.262887542173268540e-01
1.250659936144952189e-01
1.263205817520620389e-01
1.283093596130608360e-01
1.279442091584200858e-01
1.267427786931395739e-01
1.271178181469438673e-01
1.286508946150541066e-01
1.283718685984609198e-01
1.284822815716265276e-01
1.289480311170217719e-01
1.293125997364517332e-01
1.291321143060925603e-01
1.294006465911864412e-01
1.300218766912822066e-01
1.304993272438647600e-01
1.309440283924336590e-01
1.312418330729010485e-01
1.314566825926306304e-01
1.318042494356628513e-01
1.324211010262372756e-01
1.330074348449708233e-01
1.333898167908187105e-01
1.338214975237844995e-01
1.342910719871520386e-01
1.346593577384947726e-01
1.349233061596753491e-01
1.358534443408252468e-01
1.362333307296039187e-01
1.360414297610523793e-01
1.365695206761362579e-01
1.370574656262991686e-01
1.375910262018446018e-01
1.382943008244034711e-01
1.389132822781803112e-01
1.394007660865781706e-01
1.399644990444184889e-01
1.409339952662583828e-01
1.418580654501914173e-01
1.424115329504016536e-01
1.427365521013739258e-01
1.437042977660894505e-01
1.445221293568611509e-01
1.449198102772232821e-01
1.450605869844553975e-01
1.459394208505747637e-01
1.465110154688355204e-01
1.466014954179526431e-01
1.467667101860046230e-01
1.470100901171565999e-01
1.470980177968742586e-01
1.469904524937268864e-01
1.471159478008748356e-01
1.471828389167789963e-01
1.472090005278587355e-01
1.473210817575456855e-01
1.473721839904782727e-01
1.474393099650740668e-01
1.476267738625406389e-01
1.479919103056189233e-01
1.484154713898897249e-01
1.486282376468182620e-01
1.486331559062007701e-01
1.490376621216534248e-01
1.493099757060412647e-01
1.494498952001330205e-01
1.496586331129074743e-01
1.499874534964560080e-01
1.502232740268109046e-01
1.503520158663393669e-01
1.506456097021695029e-01
1.509415594220162027e-01
1.511655327975752194e-01
1.513870318174361518e-01
1.519007993757724440e-01
1.522935893386602457e-01
1.524633649885651643e-01
1.526350113227961658e-01
1.531960109144447912e-01
1.536427519530060293e-01
1.537903727561239220e-01
1.540703397378322403e-01
1.545430851206178735e-01
1.550362978935244940e-01
1.553303798124194002e-01
1.555692464545366249e-01
1.559229473173620317e-01
1.564003155872226436e-01
1.569014794826509851e-01
1.572891622364519515e-01
1.576847800716755232e-01
1.581505786299703953e-01
1.586106552064415476e-01
1.590359695553777986e-01
1.593605616807939052e-01
1.595872473254801860e-01
1.601101115450258294e-01
1.605464487731460554e-01
1.607876164197923896e-01
1.613609303012489837e-01
1.617225788533687425e-01
1.620277565717695434e-01
1.625824243098498434e-01
1.630134814009075173e-01
1.633963088437909994e-01
1.636986777395008918e-01
1.637690154433248668e-01
1.641465106844905986e-01
1.646840997710826426e-01
1.651456720858811289e-01
1.655658963516351556e-01
1.657949105262758183e-01
1.659725096225742602e-01
1.663952704429630947e-01
1.669492308616639942e-01
1.672883722305293641e-01
1.674309060573581642e-01
1.679048276990653399e-01
1.683579621836540918e-01
1.687517040371890042e-01
1.690893594101069985e-01
1.693685284405945790e-01
1.697305589407678283e-01
1.701872818350789462e-01
1.706000609636306731e-01
1.710428641498088487e-01
1.715497317209839778e-01
1.720432004958393768e-01
1.723575991705058874e-01
1.727908956676724173e-01
1.733148344084624592e-01
1.737841516017911980e-01
1.742351779580119941e-01
1.747424301981928274e-01
1.752882874131205526e-01
1.758483919560911990e-01
1.764426023304465074e-01
1.769921026691796684e-01
1.775060180068019633e-01
1.781367141634229434e-01
1.787393741309638573e-01
1.793398731708528704e-01
1.799960327565670593e-01
1.807022953644390473e-01
1.814787923306230288e-01
1.822605595380067667e-01
1.829117517217995204e-01
1.837255684912204035e-01
1.846187931805848836e-01
1.854037195801735705e-01
1.863585632801056102e-01
1.873298821359875854e-01
1.882703259587288624e-01
1.891836536586284090e-01
1.902258899599313380e-01
1.913697563678029290e-01
1.925302732855081744e-01
1.936263144716621198e-01
1.947286954000589376e-01
1.959203308895233475e-01
1.972118942856786461e-01
1.983856422424318255e-01
1.995629292249677389e-01
2.008773744225497426e-01
2.021841423034668461e-01
2.035413337200882578e-01
2.049117106363181617e-01
2.063258679658176720e-01
2.077479201853274227e-01
2.091141972541805949e-01
2.104494919627904470e-01
2.118549253851171876e-01
2.131772897601127148e-01
2.144220045804975938e-01
2.156934088468555888e-01
2.169572625771168661e-01
2.181668138101700571e-01
2.193614297270771729e-01
2.204885070711378736e-01
2.216584852397445182e-01
2.228331316798924377e-01
2.239778498634692472e-01
2.250044117644426633e-01
2.260052955821153509e-01
2.270183683633801852e-01
2.280701762080196149e-01
2.289580064296720951e-01
2.297486697316170334e-01
2.305305151253937979e-01
2.313326959341765465e-01
2.320252278298135795e-01
2.326768999889494149e-01
2.333854654520753358e-01
2.340722341299061593e-01
2.347156604543329528e-01
2.353599882051348458e-01
2.361005752086643428e-01
2.366427270054820009e-01
2.370827708870177353e-01
2.375253271937367572e-01
2.379906726747751666e-01
2.384299332708125219e-01
2.388131753176449545e-01
2.391955722078677737e-01
2.395296319559211962e-01
2.398288611799481718e-01
2.401229330629107983e-01
2.404734253704548519e-01
2.407669948190451492e-01
2.410289847895506765e-01
2.413029001876713930e-01
2.415520780816669821e-01
2.418606023415927064e-01
2.421907017245890914e-01
2.424325795426968133e-01
2.426872103273869929e-01
2.429469097882513973e-01
2.432024863317607533e-01
2.434602874040603937e-01
2.436876753836872966e-01
2.438287264451384495e-01
2.439864465057850484e-01
2.441894891023631831e-01
2.443769119009376045e-01
2.445171797558665649e-01
2.446130856111645158e-01
2.448368610143656643e-01
2.450993534192444923e-01
2.452708313152191788e-01
2.453288181528450462e-01
2.454570423603059104e-01
2.456327909484502525e-01
2.457095008552078741e-01
2.458683292269706333e-01
2.460060849100350333e-01
2.460867847368124195e-01
2.462732913315293648e-01
2.464657384738328516e-01
2.466074988543984214e-01
2.466802483960989778e-01
2.467713663473726504e-01
2.469386158525941621e-01
2.471196878135202002e-01
2.472804534673691546e-01
2.473842757433656059e-01
2.474807085335259116e-01
2.476336895763877333e-01
2.477492727875713896e-01
2.478859181568029979e-01
2.480333532631393834e-01
2.481839170455934218e-01
2.483458089828492199e-01
2.484729633331295429e-01
2.485827201336621162e-01
2.487553316026921701e-01
2.489300583004955270e-01
2.490615554869178294e-01
2.492021897614006554e-01
2.493558590412141562e-01
2.495006476879119695e-01
2.496689975023267394e-01
2.497626937150950743e-01
2.499249466896053817e-01
2.501559694856402283e-01
2.503358381986619530e-01
2.503763611614703843e-01
2.505461435019966099e-01
2.507877727597956907e-01
2.509677833676342562e-01
2.510926776647564029e-01
2.512250265717507203e-01
2.513776685833926661e-01
2.515668341875071379e-01
2.517043145924805492e-01
2.518709064066407821e-01
2.520968156754974099e-01
2.522613365560773535e-01
2.523746462076907338e-01
2.525100260943178299e-01
2.527436274021865881e-01
2.529490640133619239e-01
2.531072833389039767e-01
2.532152381479739200e-01
2.533061643838879773e-01
2.535116216897960184e-01
2.537400094985961529e-01
2.538596623420716347e-01
2.540581665277481527e-01
2.541887076616282659e-01
2.542917321920390439e-01
2.545039059162143569e-01
2.546626441717152467e-01
2.547976826429367292e-01
2.549422779560092667e-01
2.551100996494296558e-01
2.552666188240055312e-01
2.554273690462113278e-01
2.556004573583603445e-01
2.557532357573505943e-01
2.559426164031032847e-01
2.561652274340389113e-01
2.562849219202991136e-01
2.564735332071785279e-01
2.566284406572578169e-01
2.566974166393280465e-01
2.568050381094217904e-01
2.569641770333051523e-01
2.571899542719124909e-01
2.574431029319764752e-01
2.575497037768366693e-01
2.576395206749436118e-01
2.577932303845881790e-01
2.579309890866282040e-01
2.580367865860464516e-01
2.581703429818149043e-01
2.583529065549372006e-01
2.585142810344693842e-01
2.586247247457503229e-01
2.587471067458390617e-01
2.588595803976059817e-01
2.590492168664930150e-01
2.592016244530679359e-01
2.593274568915363565e-01
2.595210589170459659e-01
2.596598533987999335e-01
2.597572166919703829e-01
2.598609426319595794e-01
2.600361669659615460e-01
2.601627096533778438e-01
2.602508397102353821e-01
2.603498306572436527e-01
2.603879127919678793e-01
2.605451579093935877e-01
2.607503104120496573e-01
2.608262106239795375e-01
2.609371758460999891e-01
2.611009013324975814e-01
2.612513321399691502e-01
2.613395923852918634e-01
2.614342112690210551e-01
2.615510058641430935e-01
2.617484647780653484e-01
2.619056309759617562e-01
2.619998869299891009e-01
2.620957409441476149e-01
2.622287054657931882e-01
2.623265422582624629e-01
2.623998113900424256e-01
2.624380503088237782e-01
2.625559822618961925e-01
2.626452960669994341e-01
2.627108165323730482e-01
2.627929286301137757e-01
2.629186596244572072e-01
2.630463731974359010e-01
2.631455317199233868e-01
2.631996827483176205e-01
2.633228689402341560e-01
2.634382135897871957e-01
2.635158300638196782e-01
2.636108458846806446e-01
2.636941260099409101e-01
2.637591894626619693e-01
2.637726222991945702e-01
2.639061222076415358e-01
2.640208043098452029e-01
2.640625219792127609e-01
2.641075795769687318e-01
2.641492053419352004e-01
2.642275753855705678e-01
2.643427192926408598e-01
2.644456742763519608e-01
2.645143996864561253e-01
2.645754922270772691e-01
2.646510813027622699e-01
2.647323506534101645e-01
2.648175843626263681e-01
2.648964573472735173e-01
2.649650940030815471e-01
2.650527536630635783e-01
2.650755931019784795e-01
2.650664514094591140e-01
2.651229583114390609e-01
2.652686083078383827e-01
2.653274287462236702e-01
2.653289968967434409e-01
2.654229675769809171e-01
2.654745686054231224e-01
2.654953096151356218e-01
2.655163169145585700e-01
2.655469994068146988e-01
2.656070921182629996e-01
2.656907070875168531e-01
2.657655936717985279e-01
2.657435803890231263e-01
2.657404145002362772e-01
2.657873998403550431e-01
2.658438532590869929e-01
2.658945666551588149e-01
2.659493039846416718e-01
2.660004907846449940e-01
2.660126217603682730e-01
2.660447244644167930e-01
2.660953786849971081e-01
2.661736394733194566e-01
2.661971936911342596e-01
2.662243579775093183e-01
2.662661451995369521e-01
2.662469092905517809e-01
2.661887576580042603e-01
2.662284428179260143e-01
2.663039955496786515e-01
2.662294771730897569e-01
2.661677805095912230e-01
2.661468894571064059e-01
2.661765097737310293e-01
2.662477675080303641e-01
2.663003555238241948e-01
2.662690453827377679e-01
2.661620641350748162e-01
2.661986123621467581e-01
2.662558465898033355e-01
2.662978429675099679e-01
2.662521160870787718e-01
2.662048797756437768e-01
2.661854209423069606e-01
2.661722786903376603e-01
2.662076502919199505e-01
2.661669507503512944e-01
2.661987821280960564e-01
2.662414395421741076e-01
2.662217537820334989e-01
2.661896349102260695e-01
2.661877995461228164e-01
2.662360915601251765e-01
2.662387264609339943e-01
2.662889476269480471e-01
2.662691394686699242e-01
2.662213807851079861e-01
2.663329550743107066e-01
2.663664457798003427e-01
2.663481213957069049e-01
2.662626537531611048e-01
2.662357044965033004e-01
2.662823406159874340e-01
2.663454852283002050e-01
2.664103772759434108e-01
2.663472622811793311e-01
2.662451705932620261e-01
2.661970420777800550e-01
2.662600089848041751e-01
2.663412795364858421e-01
2.663710418790582457e-01
2.663034478336573918e-01
2.662655039370057652e-01
2.663077724307770788e-01
2.663086610466240955e-01
2.662746863007541265e-01
2.663570313692090741e-01
2.664114442795511017e-01
2.664308161050081836e-01
2.664336004346605224e-01
2.664621250033381017e-01
2.664488846272225486e-01
2.664492993146182487e-01
2.665276230573653260e-01
2.665525956749917325e-01
2.665799085497852494e-01
2.666107862830157105e-01
2.666026686251160571e-01
2.666922887533902387e-01
2.666792234718798893e-01
2.666519967287780957e-01
2.667409058213231487e-01
2.667040014266963133e-01
2.667626855969424393e-01
2.668530372977257481e-01
2.668317003339528704e-01
2.667977848291396281e-01
2.667835965961213862e-01
2.668103439331059867e-01
2.668750055462123516e-01
2.668141236901279689e-01
2.668329900681969402e-01
2.668992741405963876e-01
2.668836656928065820e-01
2.670459698557851036e-01
2.670554770886900964e-01
2.669501867055888433e-01
2.670942604303357948e-01
2.672157986164089838e-01
2.673268828600649516e-01
2.673690645217894901e-01
2.672851156711579246e-01
2.672949763298034243e-01
2.673586177825931776e-01
2.674848984926937456e-01
2.676207131743436052e-01
2.676205947399140084e-01
2.675930291265249394e-01
2.676498776525255141e-01
2.678096456974741191e-01
2.678721873283382293e-01
2.678898914933202091e-01
2.679239379644393071e-01
2.681712929785248778e-01
2.682864292621612301e-01
2.682969881325960038e-01
2.683862697154280608e-01
2.686019249975684642e-01
2.687394281744958646e-01
2.687155412435531798e-01
2.685927914261815874e-01
2.688365283370015568e-01
2.689935979515316600e-01
2.689836534649129307e-01
2.689600945025683587e-01
2.692212852597233863e-01
2.693449698120350955e-01
2.694128646105529712e-01
2.695676256835459750e-01
2.697407422363761742e-01
2.698017052710053321e-01
2.698459182679648349e-01
2.699998055398469265e-01
2.702055113911625006e-01
2.702992938458919636e-01
2.702573371917010303e-01
2.702573963731530471e-01
2.705004545956847806e-01
2.705794322431087640e-01
2.706040517270569268e-01
2.707533369392152167e-01
2.710797818273311122e-01
2.711695896804330874e-01
2.711582564324143685e-01
2.712190590143201407e-01
2.714156399965285127e-01
2.714998763084413569e-01
2.716055341482159213e-01
2.717681483983992452e-01
2.717675566434856749e-01
2.719258214950560637e-01
2.720696179389950342e-01
2.720520949780942943e-01
2.720494323492051447e-01
2.722451059877871171e-01
2.723818763583893965e-01
2.723960178762676598e-01
2.725750352919104613e-01
2.725540557563309041e-01
2.725763308405880769e-01
2.727908283650877785e-01
2.731781426787378009e-01
2.733052260279651979e-01
2.733753940224647461e-01
2.734900675714015961e-01
2.736511537432667063e-01
2.737247458100319220e-01
2.737961786240336592e-01
2.738311407715086632e-01
2.737857964634893837e-01
2.741688124090428946e-01
2.742935462296005600e-01
2.742055788636204028e-01
2.742943448573352816e-01
2.741445577889685681e-01
2.741950783878567832e-01
2.746136480569839611e-01
2.751554616808890574e-01
2.749135905861859186e-01
2.750542173236605881e-01
2.753310487210745561e-01
2.751833619356152116e-01
2.748611142158509102e-01
2.753428664445874974e-01
2.755788931012155274e-01
2.750502134978768942e-01
2.750616388052706807e-01
2.753306678831575760e-01
2.756039545923475442e-01
2.757847265213728138e-01
2.758884878158567311e-01
2.755004615783694377e-01
2.755580224990848981e-01
2.760147256851199771e-01
2.759168100357058950e-01
2.756219100952144729e-01
2.757274749547240500e-01
2.761109983772037091e-01
2.760957153797151675e-01
2.752645250022415224e-01
2.756078996300692641e-01
2.764467836201194295e-01
2.764842859596011726e-01
2.761280008792881824e-01
2.760565960884095449e-01
2.761811998128886891e-01
2.761375402331352480e-01
2.761442780852313983e-01
2.762180693864817460e-01
2.761865669727323613e-01
2.761268014311785701e-01
2.761448263227939681e-01
2.762608652561898692e-01
2.766245248317720229e-01
2.767053250491617322e-01
2.767629693388943268e-01
2.767421984851360373e-01
2.764512588024135575e-01
2.763868780195717356e-01
2.763592229425909652e-01
2.765017515569925810e-01
2.765157845020293492e-01
2.765008652657267585e-01
2.766008684635165582e-01
2.765073942780494343e-01
2.765151936411854305e-01
2.766217953443532163e-01
2.766931345939638298e-01
2.767539280414584302e-01
2.767343725204467475e-01
2.766614381074907758e-01
2.766859858989715870e-01
2.766545552730556023e-01
2.766163895130162031e-01
2.766969157218929221e-01
2.767624946594237079e-01
2.765642217636109512e-01
2.764539113461969011e-01
2.763773216933012589e-01
2.763008501887319612e-01
2.762608925402168514e-01
2.763493176400657614e-01
2.763173026740549654e-01
2.762075244188308409e-01
2.762056047022344307e-01
2.762719375759367102e-01
2.762232998192309941e-01
2.762265777736901406e-01
2.761311331897973731e-01
2.758739761859178574e-01
2.754951804935931725e-01
2.754919025391340259e-01
2.754553725421424182e-01
2.755305732786658690e-01
2.758575748503205860e-01
2.758780715167519770e-01
2.757272113263607438e-01
2.757375777959822916e-01
2.757163723111155651e-01
2.756467046767470119e-01
2.756416548550129075e-01
2.756722490966323491e-01
2.756739323705437172e-01
2.756851837277407569e-01
2.757663943111900440e-01
2.758893914312120499e-01
2.758122561424973251e-01
2.757393321514132190e-01
2.756654822707175212e-01
2.755276744365695030e-01
2.754373478531839670e-01
2.752791951298710904e-01
2.752995104908942947e-01
2.754754982113841733e-01
2.755295937657357142e-01
2.757442928791047909e-01
2.757212018728259495e-01
2.753806242942810067e-01
2.752957899451254353e-01
2.752907701611516655e-01
2.752118414402008884e-01
2.752868133902546810e-01
2.752348733901974209e-01
2.751461117982865745e-01
2.748685768008232722e-01
2.748273555159571613e-01
2.748543147087099681e-01
2.748998175740240413e-01
2.751121913820505083e-01
2.751903602600094811e-01
2.753038778901104600e-01
2.752728997439147784e-01
2.750399287283417094e-01
2.750133130252365721e-01
2.749722310900685196e-01
2.749521575003865959e-01
2.750855764985086216e-01
2.750857832580809181e-01
2.749188396722075378e-01
2.744876573532822328e-01
2.744432157754898571e-01
2.744023914098737693e-01
2.743863806962966168e-01
2.746504097700115943e-01
2.746606897115705936e-01
2.744192883253098181e-01
2.744135280132290466e-01
2.745605193614964468e-01
2.745675203561778743e-01
2.745513914823534685e-01
2.746312042981389756e-01
2.747063913404938496e-01
2.746751348018645067e-01
2.746309088677170718e-01
2.746426374554637451e-01
2.746097855925564990e-01
2.743850221276283863e-01
2.743989369004969370e-01
2.746350153505806024e-01
2.746352516949179257e-01
2.745952208727594490e-01
2.745664293944834466e-01
2.743030856966975906e-01
2.742525915443896900e-01
2.743199564754963404e-01
2.743730802237986932e-01
2.746388762414457840e-01
2.746660290360449785e-01
2.745449494361874576e-01
2.744137650966645414e-01
2.742960537433620782e-01
2.740224108278747628e-01
2.739605586588382269e-01
2.739555358350275749e-01
2.739743271052840212e-01
2.740394169926645418e-01
2.740740449309347349e-01
2.742105180084705718e-01
2.742233409821984713e-01
2.741014636397361981e-01
2.741003113448621242e-01
2.741464863717556488e-01
2.741567694246770936e-01
2.742458301186558312e-01
2.742991956174378188e-01
2.743063169270754664e-01
2.743203527033328259e-01
2.743530634492633014e-01
2.744274087399247164e-01
2.743867895781994526e-01
2.743242997407913664e-01
2.743034697949889855e-01
2.742449095785615687e-01
2.742177272379402453e-01
2.742437572836874948e-01
2.742355139434338174e-01
2.741713990747932095e-01
2.741791105866433487e-01
2.742863035559650053e-01
2.742785624980928483e-01
2.741327233314512224e-01
2.741579556345937196e-01
2.742430777251718688e-01
2.743157609403134578e-01
2.744009125769135693e-01
2.745354848414654492e-01
2.745459430783989685e-01
2.743419483721259433e-01
2.743178412497040419e-01
2.743945054441686571e-01
2.743466457158323935e-01
2.742242784351105467e-01
2.742030960738663925e-01
2.741557090342047753e-01
2.741331086069344614e-01
2.742222104221578860e-01
2.742373069167132749e-01
2.741984578162434683e-01
2.741615880995991184e-01
2.740481723606582043e-01
2.740808469653127077e-01
2.741744393229479937e-01
2.741521638691424290e-01
2.741824159443377318e-01
2.743130257338284306e-01
2.743333513468504958e-01
2.742405566513537174e-01
2.742353423595430550e-01
2.742879532098768114e-01
2.743068293094634846e-01
2.743710494041444181e-01
2.743550949305298414e-01
2.742992403090003806e-01
2.742786529630418801e-01
2.742823155611748831e-01
2.742707961797718474e-01
2.743092495799061559e-01
2.743178440034388377e-01
2.743639467358585660e-01
2.744067121148112132e-01
2.744604937136175815e-01
2.744675818979742665e-01
2.744823489487174806e-01
2.744841800630096196e-01
2.745098156630991215e-01
2.745382274687289126e-01
2.746054766178132045e-01
2.747045635282996945e-01
2.747526450455191060e-01
2.747747097283597117e-01
2.748182681322094978e-01
2.748876957982780977e-01
2.749129449069497855e-01
2.748430644869804262e-01
2.748394915819167283e-01
2.748268535375593680e-01
2.747960556864740833e-01
2.747362907290457623e-01
2.748322276592257696e-01
2.748875139951706958e-01
2.747836444795132005e-01
2.747564222812657331e-01
2.747959269464013143e-01
2.747786547273392554e-01
2.746953642487527936e-01
2.747502810478211765e-01
2.748595831930635836e-01
2.749409840613603051e-01
2.750640311658378856e-01
2.751869024813176079e-01
2.753253910303119500e-01
2.753941777110099909e-01
2.753818450272082496e-01
2.754301974773405437e-01
2.754258876740937056e-01
2.754091207683083131e-01
2.754796716570854787e-01
2.756453038901087726e-01
2.756777766227718196e-01
2.756424457073208822e-01
2.755485546112059758e-01
2.755179462909698174e-01
2.756046354293826273e-01
2.756457220077511150e-01
2.757183639109136442e-01
2.757962945997711190e-01
2.758708896189927540e-01
2.759368650317196581e-01
2.759808486402032801e-01
2.760461155921216658e-01
2.760482937335966835e-01
2.760090666770936285e-01
2.760464932441706876e-01
2.761456382274630195e-01
2.761383562356229948e-01
2.761913325011727260e-01
2.762554352581497730e-01
2.761490418314933026e-01
2.760946839332580893e-01
2.761358507454397260e-01
2.760210944384332565e-01
2.761140128612515898e-01
2.764389765292406542e-01
2.765886721014977900e-01
2.765798503160477040e-01
2.766334596276279201e-01
2.765982019901275235e-01
2.766444647312164551e-01
2.767546460211275372e-01
2.768427074581380487e-01
2.768912076264621325e-01
2.768950427979228746e-01
2.768665150225159133e-01
2.768626460254191568e-01
2.768720264971252787e-01
2.769363033771513605e-01
2.771317003726956885e-01
2.771707856714726304e-01
2.771524377048018017e-01
2.773106667935844594e-01
2.773161829829217107e-01
2.772887495279308667e-01
2.774052089691162459e-01
2.773734392583366293e-01
2.774136454939843954e-01
2.774955033838752416e-01
2.774191321849823755e-01
2.774660935401914719e-01
2.774966977715493388e-01
2.774989394187923897e-01
2.775643601238724778e-01
2.777925657123329062e-01
2.778203503400086816e-01
2.777267408609391808e-01
2.777387171864507676e-01
2.777147055387501062e-01
2.777429354488852864e-01
2.778984506905082807e-01
2.779430510312320135e-01
2.780491753309967673e-01
2.781103781998154889e-01
2.779473206043241995e-01
2.780314191251989642e-01
2.783249569326641248e-01
2.784132365405558307e-01
2.783735652834180563e-01
2.784064821034666903e-01
2.782654942899940864e-01
2.782254397749899244e-01
2.784725178599362083e-01
2.785995082080368612e-01
2.786384755134585500e-01
2.785854683727024272e-01
2.786068863302473275e-01
2.785863534122707819e-01
2.786304578840728685e-01
2.787643348693850665e-01
2.788408827781681532e-01
2.788414433598518927e-01
2.788783237338070542e-01
2.789568621873852461e-01
2.789772222101689625e-01
2.789484145700929507e-01
2.789321544170383360e-01
2.789650878667828682e-01
2.788893055200579729e-01
2.789449323594564989e-01
2.790914803087713447e-01
2.789824989199638505e-01
2.789438109695914214e-01
2.789106414377690024e-01
2.787962006509299151e-01
2.789549658477303296e-01
2.790292435437436991e-01
2.790246404081583864e-01
2.791496627509598150e-01
2.791493502259255188e-01
2.790593916177750988e-01
2.789942091464999718e-01
2.790321478426454060e-01
2.790204063177109117e-01
2.788388872265818441e-01
2.788943146049974731e-01
2.791254930853848126e-01
2.791822773873807173e-01
2.792197697758678765e-01
2.793059135645630797e-01
2.792363635092978136e-01
2.791466386288403156e-01
2.792796332001683535e-01
2.795096380054954976e-01
2.796745122432707231e-01
2.797185443639755298e-01
2.796550767660144210e-01
2.796785821914676284e-01
2.797083105087275756e-01
2.798310872793193238e-01
2.800157825201746165e-01
2.800587485730646198e-01
2.799868056178088649e-01
2.799514014631509506e-01
2.799340702652928781e-01
2.800062384247776204e-01
2.801513707160950273e-01
2.802241874456409820e-01
2.802430230438710534e-01
2.801888139635325681e-01
2.801865736752743863e-01
2.802100329399112577e-01
2.802142772674556248e-01
2.800907201766965615e-01
2.801097603052852270e-01
2.802692896246911647e-01
2.802913098335262365e-01
2.801938370257617272e-01
2.802386246711013884e-01
2.801633171737192285e-01
2.800623009502890559e-01
2.802304563224318756e-01
2.803710704088215322e-01
2.802630824565884859e-01
2.801621534705162619e-01
2.802470977544783692e-01
2.802620307475331973e-01
2.802463908672334636e-01
2.802150227457285703e-01
2.800788291364906257e-01
2.799192198872563764e-01
2.798944623708728430e-01
2.799642450928687132e-01
2.800144585669039898e-01
2.798743192702533578e-01
2.797220561742785883e-01
2.794751008629798861e-01
2.792668800950046659e-01
2.790141245543959481e-01
2.787873830795284391e-01
2.785606521606440733e-01
2.782487571716307784e-01
2.778071711540217592e-01
2.774354845046992923e-01
2.770802412986757557e-01
2.767104111671445654e-01
2.762318099498746737e-01
2.758932801753283259e-01
2.755399292260411470e-01
2.751503651082515822e-01
2.748018465101715879e-01
2.744247757881879690e-01
2.740873657047753764e-01
2.737874652743343962e-01
2.735119623243812415e-01
2.733568622589110375e-01
2.731597766876218691e-01
2.729656674385066428e-01
2.729564632654187806e-01
2.730093646377323435e-01
2.731217690020801281e-01
2.733724537223581885e-01
2.736385225743058758e-01
2.739351778328421028e-01
2.743015458285810171e-01
2.746418288946154140e-01
2.750160371065140108e-01
2.755146276950833917e-01
2.759334013462070856e-01
2.763366714119911416e-01
2.768197741538281909e-01
2.772143007069822751e-01
2.775437947869301980e-01
2.777828812956809057e-01
2.780784660935405328e-01
2.782557205200200112e-01
2.784453285068275719e-01
2.787716113686563579e-01
2.789139717936520158e-01
2.789374437034135013e-01
2.790216064453124867e-01
2.792231019020079419e-01
2.793695610523220241e-01
2.795392012119289338e-01
2.796748415082693229e-01
2.796347860097885829e-01
2.796119294166560243e-01
2.796987844705579596e-01
2.797445095479488830e-01
2.797828457653523393e-01
2.798533254265789805e-01
2.798903346210717125e-01
2.799499770820138567e-01
2.800601973116393362e-01
2.800632933855055628e-01
2.800954335808756301e-01
2.801354466497899542e-01
2.801203201174736201e-01
2.801948322951796633e-01
2.803151958525178511e-01
2.803822184801096906e-01
2.804486808657642993e-01
2.805130327492955655e-01
2.805286916196350622e-01
2.806039190739397782e-01
2.806633402109148245e-01
2.806697099208836921e-01
2.807808554619553587e-01
2.809233187437060186e-01
2.809245572984218620e-01
2.809585585743188951e-01
2.810363516062501232e-01
2.809968358129260602e-01
2.810729228496550713e-01
2.813078591346745982e-01
2.814152408838271335e-01
2.814147395133977381e-01
2.814873202562336307e-01
2.815262884646655417e-01
2.815485234707592044e-01
2.815999824702741794e-01
2.816793384402989653e-01
2.817357221692797231e-01
2.817372851073743356e-01
2.818992998600007849e-01
2.819740554839376134e-01
2.820375461578365495e-01
2.821635224640374195e-01
2.822195761442189421e-01
2.822443447351453694e-01
2.822658108472819727e-01
2.822090072423223406e-01
2.822603379070762752e-01
2.823157078027727640e-01
2.823023828029635474e-01
2.824390542030333351e-01
2.825020834207534470e-01
2.824265376806259220e-01
2.824995533913370327e-01
2.825306521296497841e-01
2.825128753781316338e-01
2.826957941055295298e-01
2.828421939313412459e-01
2.829245456755159482e-01
2.830974135994911434e-01
2.832235054969792221e-01
2.832124820351605288e-01
2.832484409213070209e-01
2.832898548334835676e-01
2.832648335158825526e-01
2.832916231244798633e-01
2.834080061435695352e-01
2.834847499728203601e-01
2.835648830264805853e-01
2.836941450983290758e-01
2.838073746651410545e-01
2.837771430015564866e-01
2.836980789184573304e-01
2.837293745040889159e-01
2.838279172897339997e-01
2.838834654808047864e-01
2.839764681816098202e-01
2.840517819523808996e-01
2.840339811563491468e-01
2.840727067291732300e-01
2.840867646425958570e-01
2.841080430775877463e-01
2.841285257816316689e-01
2.841542544156310801e-01
2.842024698168034158e-01
2.842191506952048141e-01
2.841431731253857840e-01
2.842484221756459428e-01
2.844194037318230062e-01
2.845119831264022459e-01
2.847111423015591392e-01
2.848054901659485272e-01
2.847696491777897965e-01
2.847566816866397010e-01
2.847648158252238382e-01
2.847954956740143539e-01
2.848051623314620251e-01
2.848336907595394596e-01
2.849203075468543789e-01
2.849780422478913611e-01
2.850124060362576595e-01
2.851154089868067620e-01
2.851596752047534378e-01
2.852642401456833010e-01
2.853827451139689386e-01
2.853413965761661397e-01
2.853490002274512993e-01
2.854396840840578431e-01
2.855405356138948636e-01
2.856570365190503891e-01
2.857434175342326022e-01
2.858057792633773020e-01
2.858106715351340643e-01
2.858486897915598068e-01
2.859543157070876251e-01
2.859483035176994536e-01
2.859476269185547426e-01
2.860414442420010084e-01
2.861474796116354469e-01
2.862337307095526029e-01
2.863845669597387400e-01
2.864607662379739517e-01
2.865096273064614563e-01
2.865296740174297918e-01
2.865782578110690482e-01
2.866993635296820608e-01
2.867297284007068181e-01
2.867238028287892315e-01
2.868005514204506334e-01
2.867222139269108294e-01
2.867592451244588281e-01
2.869209028124807270e-01
2.868887953490019127e-01
2.869066623121501181e-01
2.870137166738513934e-01
2.869867979884145881e-01
2.870701982021331977e-01
2.872160675048825440e-01
2.872371165513991631e-01
2.872792736053462193e-01
2.873725202918055444e-01
2.873328690767285587e-01
2.872469040632250059e-01
2.872431010842325660e-01
2.872853465795513483e-01
2.873506163120272960e-01
2.874512625932690857e-01
2.875179179072381297e-01
2.874949231505389280e-01
2.874955644935371923e-01
2.875107246756550827e-01
2.876145548462870627e-01
2.877302361607551040e-01
2.878192671418191018e-01
2.878291725754736352e-01
2.878389895677563870e-01
2.878635467886922483e-01
2.878594490796330674e-01
2.879005489915608118e-01
2.879403811156750481e-01
2.879193299412726725e-01
2.879781493991618313e-01
2.880482315301894358e-01
2.880505607217552777e-01
2.880457844048739391e-01
2.881644847244026475e-01
2.882504879117014918e-01
2.882015991926194509e-01
2.882524824619292492e-01
2.882387445688243677e-01
2.882413683295250717e-01
2.883800738811492792e-01
2.884583074718710116e-01
2.885510141372684134e-01
2.885748908936980328e-01
2.884621984988455234e-01
2.883237134814266023e-01
2.883178775310518138e-01
2.884554644823077996e-01
2.886099403202538882e-01
2.886493477225305360e-01
2.886574532091612522e-01
2.886843634247775459e-01
2.886509982943539221e-01
2.886000663638118580e-01
2.885927237600089401e-01
2.886035987496375910e-01
2.885428831100462777e-01
2.886498833656312990e-01
2.888407216072086947e-01
2.888734764337541061e-01
2.888805481672287456e-01
2.888418009608982873e-01
2.887625297427173221e-01
2.888771980881687518e-01
2.889657036662101608e-01
2.889837954759593708e-01
2.890604943186048659e-01
2.890247820645573396e-01
2.889282234370706415e-01
2.891605436325070944e-01
2.892648917198180625e-01
2.891575453758238878e-01
2.892557149976496822e-01
2.893178882598881341e-01
2.892101010471580524e-01
2.893007190823551622e-01
2.893938261359929043e-01
2.895105352342128846e-01
2.897206549346449944e-01
2.898432423621412624e-01
2.899055534601215345e-01
2.899578851938243718e-01
2.900517594337459482e-01
2.902075750261542963e-01
2.902843219488859261e-01
2.903157468676571540e-01
2.903291469037531103e-01
2.904474315047262944e-01
2.905116767406466516e-01
2.904852677255871374e-01
2.905167609572409937e-01
2.905293071240181990e-01
2.906624118357897246e-01
2.909457203388217117e-01
2.911407635211948897e-01
2.911832368075844557e-01
2.910792111456393383e-01
2.910475168526173162e-01
2.909526916086677129e-01
2.909698439955711868e-01
2.911067088246342971e-01
2.911749803692103566e-01
2.912452502518896313e-01
2.912827176809315577e-01
2.912575218558314250e-01
2.912817501068116210e-01
2.912427099645134576e-01
2.912793966233729326e-01
2.913885982900861205e-01
2.913990839540955835e-01
2.914750997543334443e-01
2.914949802160263226e-01
2.915392782002683703e-01
2.915652760773901342e-01
2.916512100338933267e-01
2.917052792549135742e-01
2.917922938317057402e-01
2.919119081944230309e-01
2.920056252002716790e-01
2.920210622102024089e-01
2.920249035805461135e-01
2.919197386801238303e-01
2.919085263431075439e-01
2.919918165802959931e-01
2.920138283669944657e-01
2.920886901557442350e-01
2.921473035514359218e-01
2.921036980211731415e-01
2.920903010845182224e-01
2.921594248294825946e-01
2.921457813799379077e-01
2.920500594675544681e-01
2.920805078744885819e-01
2.922089091897011603e-01
2.922777781844135281e-01
2.925062669396397141e-01
2.925489632517102589e-01
2.924736150413748681e-01
2.925037897557015154e-01
2.924544258892536885e-01
2.924964949965472849e-01
2.926089846640829162e-01
2.926950921714310261e-01
2.927849645614622465e-01
2.928261396884918044e-01
2.928031170368198821e-01
2.927778913557533835e-01
2.927307587116952381e-01
2.927033826649187986e-01
2.927795486450198159e-01
2.928066095530983959e-01
2.928155756086114891e-01
2.927675082504748727e-01
2.925823795795444160e-01
2.926232260465625457e-01
2.928011959791180785e-01
2.928443312644957719e-01
2.930147699713710474e-01
2.929950925916433024e-01
2.926423693358896072e-01
2.926438916355372788e-01
2.927943146705627719e-01
2.928067794144155189e-01
2.928988784730435779e-01
2.928898556292054423e-01
2.928241651266816348e-01
2.928827487170695965e-01
2.928431203126904969e-01
2.928031742930413128e-01
2.927668829083443502e-01
2.928199718445538280e-01
2.927778404951092428e-01
2.927276454269884809e-01
2.926822252273562630e-01
2.925252261072400772e-01
2.924672556340693896e-01
2.925300299644472135e-01
2.924546545028682831e-01
2.922730399131774903e-01
2.922669693946837177e-01
2.923093156814572380e-01
2.923071860879657424e-01
2.925448257982731226e-01
2.925891419947146965e-01
2.924604953765865267e-01
2.923989123642443677e-01
2.922469584912064655e-01
2.921889683961872430e-01
2.921867881655693666e-01
2.922842209041118244e-01
2.926181497395037301e-01
2.926510637551547056e-01
2.926594597399231334e-01
2.926178922504183433e-01
2.923131916522975771e-01
2.922258263826372771e-01
2.923052119612697952e-01
2.923395583748821247e-01
2.924845438361169392e-01
2.924207564473154664e-01
2.922379966408013008e-01
2.922290132820608011e-01
2.922195292115211118e-01
2.921951151788236278e-01
2.923211639821526875e-01
2.923530884921546336e-01
2.923332976520062187e-01
2.922515339702368431e-01
2.921489382714030913e-01
2.920890122532842081e-01
2.920664553344247127e-01
2.921629791259761633e-01
2.923499823808674014e-01
2.922729550600047244e-01
2.922907396554950687e-01
2.922348052382472972e-01
2.922429605931043395e-01
2.923687944799661653e-01
2.924360823750496996e-01
2.925525125682351679e-01
2.925850423693659996e-01
2.924980522185564036e-01
2.925408223688599207e-01
2.925478575140237902e-01
2.925500846743578909e-01
2.926697008311743842e-01
2.927528988569980117e-01
2.927984385013580049e-01
2.927831438541409481e-01
2.927404498726132176e-01
2.927126233577730385e-01
2.926292261123653038e-01
2.925823634415866681e-01
2.925511344373227240e-01
2.925139351367947449e-01
2.924230660676955251e-01
2.924424171447752019e-01
2.925007937282328441e-01
2.925087263762950474e-01
2.925418177992101798e-01
2.925682233810427690e-01
2.926600193142894213e-01
2.927968764901157650e-01
2.927833211392161794e-01
2.927647964358334742e-01
2.928198640942573094e-01
2.926932641416783443e-01
2.926514426350590448e-01
2.927629364311699067e-01
2.926770418524742845e-01
2.928188888549803637e-01
2.928673038482662583e-01
2.927464597642418509e-01
2.927603866189713577e-01
2.928074241042137871e-01
2.927628830909730917e-01
2.927551269888880037e-01
2.927786429613825070e-01
2.926429203152653424e-01
2.926890273839237722e-01
2.929584228605031648e-01
2.929606686353687373e-01
2.928776861220594996e-01
2.927077414274213418e-01
2.930178120374682393e-01
2.929330093860622597e-01
2.925814528763294176e-01
2.925469814300535321e-01
2.926088158696887320e-01
2.926817119181159832e-01
2.928403727829458347e-01
2.932001886367802124e-01
2.931658450037245012e-01
2.929937968254090475e-01
2.928382568091153493e-01
2.926854690730569253e-01
2.926532469153402816e-01
2.927349025547499872e-01
2.927966609477998805e-01
2.929542463421822007e-01
2.929448575258257192e-01
2.929307898759844764e-01
2.930757164895532729e-01
2.930195396900174831e-01
2.928296198576684217e-01
2.927292895019055208e-01
2.927719147205352646e-01
2.927528816312549020e-01
2.928437706828121989e-01
2.928424112260341050e-01
2.928393821418284748e-01
2.926309820175169718e-01
2.924917361050848874e-01
2.923722124278547163e-01
2.924005929827684924e-01
2.924249533206227381e-01
2.923070994198324613e-01
2.920122004598375010e-01
2.919128889799122439e-01
2.917554407268764249e-01
2.917169877201316597e-01
2.918943229913706361e-01
2.918207922577853997e-01
2.916720662713045975e-01
2.914175340592861096e-01
2.910332713246340797e-01
2.908299550652501120e-01
2.905625956445932467e-01
2.901018632858996527e-01
2.898402786254882235e-01
2.897610282808545934e-01
2.894721590101720365e-01
2.890676628261804049e-01
2.887610734701152593e-01
2.881700707376005366e-01
2.875225023210046804e-01
2.869356410980228311e-01
2.864299250870945834e-01
2.859960221648218393e-01
2.856607791423799170e-01
2.852028491258626341e-01
2.847525027722122570e-01
2.841727227151390478e-01
2.832868620395659898e-01
2.825208832293753525e-01
2.820344539165500763e-01
2.815976600348951697e-01
2.809742489635941864e-01
2.802828437089924241e-01
2.796746043473477550e-01
2.789553408503535614e-01
2.783361610382797946e-01
2.778204814821478852e-01
2.772655716896055278e-01
2.766910182684657049e-01
2.760286492109295664e-01
2.755628091752529429e-01
2.751631330490108551e-01
2.746152595400806473e-01
2.742830304503444117e-01
2.739900880426166530e-01
2.737717474132773665e-01
2.735936311483386230e-01
2.733932734847073776e-01
2.729949387073514200e-01
2.727136691093441367e-01
2.725365292310712451e-01
2.723138380199672803e-01
2.722867385387422456e-01
2.721079511463646017e-01
2.717456818580627487e-01
2.716331330239775133e-01
2.717091546803712676e-01
2.718150276392703457e-01
2.715287806838749818e-01
2.713710473775863274e-01
2.712858164429669539e-01
2.709288009643555650e-01
2.709886613160369384e-01
2.712339115619658014e-01
2.711202471256259905e-01
2.710670359790329220e-01
2.710841252595182493e-01
2.711485015332695259e-01
2.712222075462341064e-01
2.712986848354340674e-01
2.713013619899747320e-01
2.711715238779785486e-01
2.709847484707834098e-01
2.709252545237542109e-01
2.709652127623555784e-01
2.710387576460840942e-01
2.710549109458924577e-01
2.711089497923854230e-01
2.711548358201982256e-01
2.712014911979441778e-01
2.712571662545206208e-01
2.714571653008456820e-01
2.714993432939051266e-01
2.713540384620424795e-01
2.714888135433192740e-01
2.717435917347666985e-01
2.718469897091383980e-01
2.719578796148300337e-01
2.720414754509921096e-01
2.721489275515078798e-01
2.720616956055164626e-01
2.721457835912705625e-01
2.723912744522095086e-01
2.724651467680928585e-01
2.725725997209550999e-01
2.726237635970113482e-01
2.726145000010732899e-01
2.727931030273440527e-01
2.728388952404259826e-01
2.728040919184687163e-01
2.730222515016791363e-01
2.732689345121384061e-01
2.733370349586008441e-01
2.733003173172473543e-01
2.733661358356471727e-01
2.734564201653000848e-01
2.732778847634793062e-01
2.734148877114061515e-01
2.738320922255512713e-01
2.739137874126431615e-01
2.741379205375911732e-01
2.745202965259554984e-01
2.746259910762309242e-01
2.747427598059181131e-01
2.747778696179393743e-01
2.749796119749546852e-01
2.751316092491148391e-01
2.752500116139653397e-01
2.753546590834857755e-01
2.755129644274715850e-01
2.756282996833327448e-01
2.758470254510638764e-01
2.760187363773587421e-01
2.761792669713497017e-01
2.763456218123439001e-01
2.763474505841734263e-01
2.763649905681608288e-01
2.764064726024862972e-01
2.765169002711771462e-01
2.765881567299369737e-01
2.768374901175501557e-01
2.769832224905493523e-01
2.770712909936901558e-01
2.771748011559246327e-01
2.770238713890315063e-01
2.771986093312502897e-01
2.775793135643003229e-01
2.777284673333163534e-01
2.779120993494986203e-01
2.780270277023313419e-01
2.780674311071630322e-01
2.779711240202192291e-01
2.780970926284785372e-01
2.780879246950145878e-01
2.780056400597097355e-01
2.779441170394418847e-01
2.779156952023509874e-01
2.780489943623543625e-01
2.780903375148771617e-01
2.780752514779569751e-01
2.782881481409068547e-01
2.783913291156295267e-01
2.784640913009639451e-01
2.787186547994611741e-01
2.788157945483918376e-01
2.786862322896719868e-01
2.785192145824429977e-01
2.785807016193864172e-01
2.783583077967168307e-01
2.782403372466564773e-01
2.783787770807739648e-01
2.783952872872350048e-01
2.784551863968369179e-01
2.784862215101714389e-01
2.782787996768952832e-01
2.782638758867979623e-01
2.782705722928044412e-01
2.783283459395166637e-01
2.784682452738282410e-01
2.786471058100463138e-01
2.785641746878620983e-01
2.782569220066072879e-01
2.781912207871675702e-01
2.780826155424122037e-01
2.781139704585072203e-01
2.785277347713711049e-01
2.787473729342225259e-01
2.786975294351578536e-01
2.787035123348235999e-01
2.785017618119712823e-01
2.783864614516498581e-01
2.782804922819134275e-01
2.782767292380336488e-01
2.783322163552048312e-01
2.782321925163268039e-01
2.782037643402814342e-01
2.782669954180720384e-01
2.781615548610690269e-01
2.780209162205458662e-01
2.779850189685821316e-01
2.778484073340894422e-01
2.778582006692885686e-01
2.779634559422733964e-01
2.779061922132967100e-01
2.777740973412989312e-01
2.777318491935726885e-01
2.777367417812348083e-01
2.776888549089430724e-01
2.776657814651724565e-01
2.777076975673437031e-01
2.776586922466751095e-01
2.775933523654939838e-01
2.775379824042320531e-01
2.775496543884278244e-01
2.772432984173299197e-01
2.770794179886583719e-01
2.774909667670721891e-01
2.774273779034610588e-01
2.774169757962228755e-01
2.777130309402947028e-01
2.777140787720681070e-01
2.772614733874800841e-01
2.772948631078002157e-01
2.775906126201152513e-01
2.774260202407839992e-01
2.774059731602665502e-01
2.774821935623883462e-01
2.772057325243954540e-01
2.768684895068407315e-01
2.768637955367565517e-01
2.767525939643385446e-01
2.766606998562808895e-01
2.767886413246389843e-01
2.767160766839981134e-01
2.765280393123627500e-01
2.764874601751565186e-01
2.764458123087882857e-01
2.763731017559766245e-01
2.764613600611685595e-01
2.763627910315993863e-01
2.759787459403275633e-01
2.758674714922902393e-01
2.759038455784317834e-01
2.755724818408485377e-01
2.754270837128161564e-01
2.754625495702029969e-01
2.753610532253977783e-01
2.754498910605909789e-01
2.754511650800706146e-01
2.750406029790637974e-01
2.744458091378211284e-01
2.740152756124738520e-01
2.738019186258315862e-01
2.738779016375543773e-01
2.738789055347445323e-01
2.740018405616286290e-01
2.740063276559114858e-01
2.739362788319584796e-01
2.740289184570310899e-01
2.739404093533756579e-01
2.739297394454480727e-01
2.739612235128879858e-01
2.736201509952547739e-01
2.733079376220701184e-01
2.732013257861138356e-01
2.730829279422757883e-01
2.730532088398934798e-01
2.731338672637944054e-01
2.731500480026003430e-01
2.729465727508072481e-01
2.727685036122800000e-01
2.726087847352024474e-01
2.724491366446017970e-01
2.722512640476228429e-01
2.720526873052121486e-01
2.720018617451187004e-01
2.719578785896298867e-01
2.717925523519518771e-01
2.717717304229733122e-01
2.718217334747312086e-01
2.718142057031389114e-01
2.718138347446918957e-01
2.718340273767710369e-01
2.719619252413507660e-01
2.719849280565977412e-01
2.719109706878662935e-01
2.720128521472219840e-01
2.722127222239972832e-01
2.721449424594638011e-01
2.718560829162599557e-01
2.716890017867088503e-01
2.713577632337809131e-01
2.710879263639446868e-01
2.709300261020655687e-01
2.708483219772576112e-01
2.708042150437831586e-01
2.706858853518964159e-01
2.708813540458678282e-01
2.710089014112954109e-01
2.710747122555974831e-01
2.712105234146116595e-01
2.708449391216035118e-01
2.705813265681271118e-01
2.705507677495477825e-01
2.701466594815257194e-01
2.700516441732640494e-01
2.701001346886159338e-01
2.699729209899906501e-01
2.700271531820300219e-01
2.699614932775493137e-01
2.697057113349433655e-01
2.697262365818021146e-01
2.700095891833301787e-01
2.698632292628289631e-01
2.695327972441908249e-01
2.693602837145333551e-01
2.689720539808274635e-01
2.686684777021404180e-01
2.687147738993168611e-01
2.688692131996156531e-01
2.685793792009348868e-01
2.679380954056979069e-01
2.676403302192684741e-01
2.671718585193160744e-01
2.668303576469421845e-01
2.667469783008097339e-01
2.663800226926799630e-01
2.659427095949652986e-01
2.653713877201080429e-01
2.649737146496776163e-01
2.647277794480322188e-01
2.640894537895920324e-01
2.636666912823915077e-01
2.633393359303470849e-01
2.629862687021494727e-01
2.628082122445106750e-01
2.624171514421701490e-01
2.618117026209836329e-01
2.613391943514347115e-01
2.606975515753034434e-01
2.602595881372691267e-01
2.600726577401162309e-01
2.598860740900039712e-01
2.597828690707681409e-01
2.595492147445679354e-01
2.596422976374624381e-01
2.600165627002720137e-01
2.604878766119484435e-01
2.609209443449975740e-01
2.613250754028561551e-01
2.618465023159981531e-01
2.622227247655394833e-01
2.626835547327996401e-01
2.631712531238797337e-01
2.632794573485853773e-01
2.634179159402846304e-01
2.638653219580646136e-01
2.643587111473086337e-01
2.651850805282595092e-01
2.656624086618421532e-01
2.659739924758677265e-01
2.664831377953290059e-01
2.668062030434612542e-01
2.673257413506512359e-01
2.681691539525986046e-01
2.690152694463726624e-01
2.693996194034818936e-01
2.697192862659695267e-01
2.698553159326319562e-01
2.697697479635475237e-01
2.700401518791911704e-01
2.704183291941879563e-01
2.705354928076270649e-01
2.707179109990600629e-01
2.707037528455253916e-01
2.707268487989901162e-01
2.707026403963562200e-01
2.706286606192588318e-01
2.709806360900402500e-01
2.708947469860318868e-01
2.704757376194003582e-01
2.707601013034584003e-01
2.706623486906289955e-01
2.704808423370128057e-01
2.705014693558217553e-01
2.709243945658206809e-01
2.707310947656635935e-01
2.702874177098277264e-01
2.699625613868235074e-01
2.693075307458638878e-01
2.689974890708921040e-01
2.689936383962629463e-01
2.686888997018334058e-01
2.682623851776122503e-01
2.680331961512564254e-01
2.676407552987337679e-01
2.675902675569059586e-01
2.676818827807906365e-01
2.673195494771006819e-01
2.671549185812472360e-01
2.669885509550576352e-01
2.668100555449720579e-01
2.671629315376286007e-01
2.674287469685073249e-01
2.670824973225593424e-01
2.668742061138154043e-01
2.670018092155453937e-01
2.669463444024320897e-01
2.673259151518347365e-01
2.675599204301836731e-01
2.671700371921061357e-01
2.671209373235698403e-01
2.669175247669218765e-01
2.666034254878758003e-01
2.668645094364880954e-01
2.666825425922875192e-01
2.666634331941606928e-01
2.672081843912597621e-01
2.674345753520731561e-01
2.673557378590109002e-01
2.669120016217231273e-01
2.668766266763208939e-01
2.668000120818611043e-01
2.666022341609003976e-01
2.666551425695423694e-01
2.666979323923589495e-01
2.665305171042678944e-01
2.664371438741688358e-01
2.665806238174435183e-01
2.665066693603993508e-01
2.661543731510637167e-01
2.655740568637846022e-01
2.654118576258425732e-01
2.657966464459899925e-01
2.661260902851819710e-01
2.662662731736894495e-01
2.661022539854049906e-01
2.661114867180582877e-01
2.662101622432469505e-01
2.658833102792499958e-01
2.653673456013205256e-01
2.649432218074798673e-01
2.646630919039247853e-01
2.644977102905514688e-01
2.643574354737995291e-01
2.642367878437043571e-01
2.636115724503999003e-01
2.632770350575447948e-01
2.634361829042430880e-01
2.631680160522458234e-01
2.626891356855629023e-01
2.619594173669817505e-01
2.615433813154697806e-01
2.614617609977725743e-01
2.612235357731579333e-01
2.608587044745684924e-01
2.601355058789256991e-01
2.590207798004154349e-01
2.584261080265044530e-01
2.583905303388832064e-01
2.579433247506615623e-01
2.575051394939426030e-01
2.572311036229137371e-01
2.566408940970895669e-01
2.565265728235243681e-01
2.563832375317814383e-01
2.562027551829811900e-01
2.559297360599038229e-01
2.550105101138357977e-01
2.541300968974825047e-01
2.534012008458373932e-01
2.524943019926549348e-01
2.518617395550012406e-01
2.515220390766856329e-01
2.511601754456755375e-01
2.507960423827171881e-01
2.505523297041652997e-01
2.503755084097387673e-01
2.508323042869570196e-01
2.509687914848328094e-01
2.504138774514193533e-01
2.500927778244017019e-01
2.490352183401586539e-01
2.478942252248529377e-01
2.475743746310473670e-01
2.466172314465041593e-01
2.457113112092019769e-01
2.450394909381862774e-01
2.444051480650903940e-01
2.444910963028668338e-01
2.447378436326977658e-01
2.449043452262877896e-01
2.448670266866683487e-01
2.443533473968509118e-01
2.435515308082102370e-01
2.428649437278505852e-01
2.424255451858044197e-01
2.420605723619462801e-01
2.422439403235916999e-01
2.424726126760242129e-01
2.421883867532015899e-01
2.418753483772279889e-01
2.411512664616106971e-01
2.405622463703156466e-01
2.409492801308633636e-01
2.413788389056917560e-01
2.418847693502905183e-01
2.428315261155362670e-01
2.428074531972409800e-01
2.423882818788289928e-01
2.426103267669680041e-01
2.422656044125558461e-01
2.420036681056019212e-01
2.427759199261663725e-01
2.431808381080630688e-01
2.432412220984699336e-01
2.435131573230031321e-01
2.429638702780009818e-01
2.419770026445392519e-01
2.419596599042420360e-01
2.422265325665472202e-01
2.428874968588356220e-01
2.441143927574154493e-01
2.441774422645571485e-01
2.433903409481049662e-01
2.427625082671645840e-01
2.423307521283626087e-01
2.421986855447289255e-01
2.423166810512543679e-01
2.425701585829256879e-01
2.426193993687632833e-01
2.427773537725206043e-01
2.429471485465769243e-01
2.427975292205808988e-01
2.424219899177547655e-01
2.424830073833469934e-01
2.434090111434457082e-01
2.436972542166714328e-01
2.426398789167408809e-01
2.420437642782927168e-01
2.418175529539588753e-01
2.415179598927498505e-01
2.422378204524518741e-01
2.424351674318314109e-01
2.418317951709030023e-01
2.416787258177997832e-01
2.417042557567360139e-01
2.420841169863935383e-01
2.423726159691811100e-01
2.426220974564553823e-01
2.426689165949819926e-01
2.423830116510392874e-01
2.420764758467672251e-01
2.413984349727634759e-01
2.413495709180829008e-01
2.409436396121981960e-01
2.403541741371157392e-01
2.408297588527198718e-01
2.395906336605549414e-01
2.383731605529782749e-01
2.385216846466063911e-01
2.377377893447873702e-01
2.376880240887405960e-01
2.379336836278440614e-01
2.375616732984779100e-01
2.364348604202266280e-01
2.353686121433976319e-01
2.363359460949896185e-01
2.355170315355066546e-01
2.350351097226142938e-01
2.365625079631808458e-01
2.357807756632565310e-01
2.358666878700256819e-01
2.371385409891600682e-01
2.364654317706822717e-01
2.352937945783136753e-01
2.340336269795895152e-01
2.328676275372508764e-01
2.330220470309255498e-01
2.333128648996353194e-01
2.333257056355479420e-01
2.330295971631999030e-01
2.315408984541894588e-01
2.303161237120632532e-01
2.315324575096370796e-01
2.332868129998440787e-01
2.337683926761146280e-01
2.341545042037962154e-01
2.333528710752726665e-01
2.315092414617539729e-01
2.305831414118409417e-01
2.301602104067803911e-01
2.299797694429752959e-01
2.311979983225460611e-01
2.341212154150006663e-01
2.354416306972499096e-01
2.347379507482047767e-01
2.341922712862486988e-01
2.320878779947759818e-01
2.301921755194666075e-01
2.303776447594165500e-01
2.307986276149752991e-01
2.312344539120793352e-01
2.321860319018367591e-01
2.339442954808471642e-01
2.334086520820854438e-01
2.288781352162358174e-01
2.279863063082099572e-01
2.281334193706509583e-01
2.285781780034308042e-01
2.317314832806584568e-01
2.335268324434754961e-01
2.341468965500591581e-01
2.344305625647309377e-01
2.352936148047451437e-01
2.340777483582492657e-01
2.302799388170242434e-01
2.290406977534298616e-01
2.276177713871006258e-01
2.269733850181106516e-01
2.283670711219313865e-01
2.285282409176234153e-01
2.285369900956754352e-01
2.285616644337772341e-01
2.282426368340852163e-01
2.289162269443276998e-01
2.279850328803060822e-01
2.248892176464196424e-01
2.246342616051438812e-01
2.260468564152720850e-01
2.256750995039938923e-01
2.265464726462961542e-01
2.290607962802049813e-01
2.289536663174628617e-01
2.302649017423392397e-01
2.338390478700398400e-01
2.352726298749443223e-01
2.370482790648933968e-01
2.369172480821609972e-01
2.318781670778989334e-01
2.276465318039059271e-01
2.243360586762427611e-01
2.205839653551577295e-01
2.244053266882894693e-01
2.266324172422287120e-01
2.267071060091259971e-01
2.308454776406283770e-01
2.281417739868165095e-01
