4.075479530543094087e-02
4.277399861477317738e-02
4.725220675095918171e-02
4.628397667407986582e-02
3.875975419059400628e-02
4.021200049817565125e-02
4.471373957321050918e-02
4.654830873459577661e-02
4.246425555944446234e-02
3.996995298936965174e-02
4.213960081711411176e-02
4.549221868216996034e-02
4.242848917543889237e-02
3.961064978577200080e-02
4.018746117353435426e-02
4.290741841346029650e-02
3.970715156570075316e-02
4.089005778208372466e-02
4.333664316199721533e-02
4.223403591737151519e-02
4.200445891581474495e-02
4.050971595384176421e-02
3.908601003549992681e-02
4.066833322718736016e-02
4.095031701028346849e-02
4.046875554770226063e-02
3.986673307679595296e-02
3.909548244699839747e-02
3.987032080814242874e-02
4.128442750275134604e-02
4.202181224636728635e-02
4.169488509669898313e-02
4.144798994809388570e-02
4.146294081956150568e-02
4.130601900145411398e-02
4.011685607023541406e-02
4.043396066352721724e-02
4.215075702331964186e-02
4.195951543897390168e-02
4.122271606214344963e-02
4.087602987885474021e-02
4.116162637174126948e-02
4.073396161869172194e-02
4.100100427307185047e-02
4.092442161887881874e-02
3.939817805103960902e-02
4.140629361271858794e-02
4.261329691857103363e-02
4.160357102751727210e-02
4.055883748307827219e-02
4.091232049092648204e-02
4.111185677051547305e-02
4.031988538987938547e-02
4.083868210203946830e-02
4.152639132812614708e-02
4.153414148464802669e-02
4.053516274690632110e-02
4.022507705390455934e-02
4.053228026255963762e-02
4.102099379226564063e-02
4.106907869428395169e-02
4.057505000531669292e-02
4.077365875877436013e-02
4.179814593121407296e-02
4.071381100080909143e-02
4.023600935935976730e-02
4.033937945887448862e-02
4.014699872992936319e-02
4.050673174113034875e-02
4.074229098558428130e-02
4.058406351506713139e-02
4.026941899210212394e-02
4.082155755758280768e-02
4.120124874860046221e-02
4.077978626713156529e-02
4.080893044844269291e-02
4.095912707448009366e-02
4.104032529294492776e-02
4.099370845034715910e-02
4.117710443288086219e-02
4.104187281727789821e-02
4.074495623745025275e-02
4.121173226386305732e-02
4.106075337566431754e-02
4.085133242234589845e-02
4.109666114337742759e-02
4.101398956738414731e-02
4.097314537167549842e-02
4.106400799751282193e-02
4.124651652686295994e-02
4.148570654243231848e-02
4.135703170299525472e-02
4.100780531987550936e-02
4.142571557313205755e-02
4.165413313060994938e-02
4.141689025908706911e-02
4.092944063059981291e-02
4.146665417626502897e-02
4.151606301665308058e-02
4.101174806356432806e-02
4.091835949122902411e-02
4.099084867201741728e-02
4.082036642543972887e-02
4.038984391763804360e-02
4.050912334285679955e-02
4.032422205805782922e-02
3.998908254504203452e-02
3.990778574347498414e-02
3.979058523513373524e-02
3.979224902875717201e-02
3.987032585740087759e-02
3.978032272048292323e-02
3.966868857666844966e-02
3.966607114970679970e-02
3.977647061124442440e-02
3.965996411629024027e-02
3.948145667836065742e-02
3.931961999796335788e-02
3.921922728233039751e-02
3.929747086428105052e-02
3.941130548268561434e-02
3.941160738244650630e-02
3.917538922801613172e-02
3.915554483532910496e-02
3.915164551585914587e-02
3.898641231358051379e-02
3.915205054432151915e-02
3.919625350646674389e-02
3.909041990898549229e-02
3.910333794169126853e-02
3.912377439588305555e-02
3.907908335104585268e-02
3.896540245674548486e-02
3.882276706583800280e-02
3.901351970992979895e-02
3.920922478437428166e-02
3.899570506177846979e-02
3.890354394540187360e-02
3.896236684918401305e-02
3.905052725784483730e-02
3.895273091644044922e-02
3.897974975556139920e-02
3.907941932454705308e-02
3.915163059085605135e-02
3.924404839575295484e-02
3.920246109738950019e-02
3.908156695961956945e-02
3.903896513879302060e-02
3.896810991391536777e-02
3.899188122525815148e-02
3.912290858924383913e-02
3.920056712366644380e-02
3.920030806213615354e-02
3.922658532857899172e-02
3.937985075525939072e-02
3.947393471561375794e-02
3.944727488867939835e-02
3.933856675550344295e-02
3.925888167694210895e-02
3.934006440117950032e-02
3.944014720804991242e-02
3.946121228300035477e-02
3.959747122228146621e-02
3.950379320383071158e-02
3.934115145206450864e-02
3.945623888373372273e-02
3.963413314223292877e-02
3.964490287303926164e-02
3.954613791108135823e-02
3.978129571489990440e-02
3.975400890409950400e-02
3.971725380979480163e-02
3.994729693792760383e-02
3.995648898258800930e-02
3.991068162918087053e-02
3.994735186770562857e-02
4.013703187778592391e-02
4.027564589604732542e-02
4.036964900940652468e-02
4.043429434895515207e-02
4.043765652664006033e-02
4.059332055561241936e-02
4.077611082606022452e-02
4.078471002914015042e-02
4.095418814271685470e-02
4.114583308398723355e-02
4.126797623932361436e-02
4.136430441737179442e-02
4.157303395047780986e-02
4.180109541714191468e-02
4.194477539621289941e-02
4.203704907596112622e-02
4.216769131422044847e-02
4.235087651908393813e-02
4.252243870943789306e-02
4.273752630762753246e-02
4.295539246909317599e-02
4.314186231270430993e-02
4.333705684132876934e-02
4.358877729028466652e-02
4.385465505383912693e-02
4.407310433723030801e-02
4.434678412452343343e-02
4.462155443206432259e-02
4.487545994594688281e-02
4.511202486902470693e-02
4.544605358093974090e-02
4.587134273350241404e-02
4.632624263316395541e-02
4.669343283213675533e-02
4.703289467766878784e-02
4.744530950486656323e-02
4.802330881506208793e-02
4.856117239147419995e-02
4.907018955945965238e-02
4.961015221923587015e-02
5.021815878897908925e-02
5.089270144477485436e-02
5.159284003302455623e-02
5.229904597997661608e-02
5.307543474808337769e-02
5.385327068716286997e-02
5.460519928075370510e-02
5.536144456826151694e-02
5.619941398501399760e-02
5.706658465862269464e-02
5.791222431957721017e-02
5.876450835168365444e-02
5.963255309574303636e-02
6.052015551701189766e-02
6.138743099272251508e-02
6.235052791237830766e-02
6.324844630658629785e-02
6.402985941991208574e-02
6.497684585675599089e-02
6.593704808503385306e-02
6.688288211077454692e-02
6.784867823719983870e-02
6.883528596162800939e-02
6.982054168283938211e-02
7.078041272759434677e-02
7.167676303759212830e-02
7.249993525892493851e-02
7.325828605741262212e-02
7.397240046486258658e-02
7.464841852486130136e-02
7.532982297688727014e-02
7.605512393787504377e-02
7.684847279638050421e-02
7.750597446709869831e-02
7.814647293090823399e-02
7.885762226879594605e-02
7.955391874015334264e-02
8.018377634435897017e-02
8.073553656116129462e-02
8.125489115044479127e-02
8.179822959229356150e-02
8.231529367193581026e-02
8.279813310429458284e-02
8.331454697474841020e-02
8.375831474587321079e-02
8.414266226366164114e-02
8.449963449686768990e-02
8.480610468685630121e-02
8.506643957942726375e-02
8.530592344552280493e-02
8.555889915227894715e-02
8.571725464463231248e-02
8.587720610499377516e-02
8.609616404920818200e-02
8.627532216608527205e-02
8.644026509597896313e-02
8.659737927988170325e-02
8.680395369455218280e-02
8.707880007401111455e-02
8.727506719529631862e-02
8.739064926728602745e-02
8.760515180081125675e-02
8.780995291769506939e-02
8.800549594238404882e-02
8.820492544472213758e-02
8.837246514186264390e-02
8.860713154897095767e-02
8.885471347495912942e-02
8.897905120477075935e-02
8.917053042203185176e-02
8.939167543351654588e-02
8.960117578953502582e-02
8.981035842970010175e-02
9.001726533770561256e-02
9.021628845930095009e-02
9.040294282883402921e-02
9.057489360421891456e-02
9.080478039979930638e-02
9.107191031277175886e-02
9.131080500036480030e-02
9.149635498970742908e-02
9.169704603552818190e-02
9.197487471476196996e-02
9.226055148020388674e-02
9.258301681503655622e-02
9.290053808540105207e-02
9.317274928092957043e-02
9.357107853889463922e-02
9.393571972846981311e-02
9.422251164391633182e-02
9.459954115748402115e-02
9.493044911772012540e-02
9.526550524979832124e-02
9.569979045391086014e-02
9.612756611406804430e-02
9.655780664235355526e-02
9.699575092792508957e-02
9.738371920287608452e-02
9.788618288934233802e-02
9.842274885624652248e-02
9.890994874760510036e-02
9.944336552172891586e-02
1.000209138728681973e-01
1.006068256311115766e-01
1.011663922309880004e-01
1.016725217849017981e-01
1.022295468002556579e-01
1.028384730577472511e-01
1.034119795829053640e-01
1.040835389658809756e-01
1.048033363088970160e-01
1.054962558925152394e-01
1.061645091779534061e-01
1.068763408228751571e-01
1.076357003934682310e-01
1.084118271298709357e-01
1.092329005211591653e-01
1.100252249166368684e-01
1.107883047714830482e-01
1.116483522891997537e-01
1.124116717457770837e-01
1.132070939064029474e-01
1.141506175279618646e-01
1.151095267772677816e-01
1.159775942504409352e-01
1.168505363047122603e-01
1.179200149595740627e-01
1.189257172286514036e-01
1.199033999025817254e-01
1.208868891716005090e-01
1.218468339920041749e-01
1.228491114795209893e-01
1.238737646996974084e-01
1.248878181099891960e-01
1.259564460843799194e-01
1.270373805060987238e-01
1.281013890326022087e-01
1.290972353219989877e-01
1.301350856468077022e-01
1.311907939746973506e-01
1.322366042047735391e-01
1.332748835951091670e-01
1.343805262729526884e-01
1.355226987019186313e-01
1.366240951105953116e-01
1.376244058012959237e-01
1.386532605886459935e-01
1.397596952766181067e-01
1.408550767153501082e-01
1.418658053576944411e-01
1.428826598972086082e-01
1.439372316151855957e-01
1.448824249953034327e-01
1.458062961101531940e-01
1.467603043571109878e-01
1.477150753587483101e-01
1.487106224298473112e-01
1.496845365017649698e-01
1.506292415857310441e-01
1.515723190158601852e-01
1.524718641042709932e-01
1.533353788554663588e-01
1.541944249570374459e-01
1.551162097156043307e-01
1.559715861976142814e-01
1.567937141507866339e-01
1.576510142236948742e-01
1.584374609306455906e-01
1.592889044776554797e-01
1.601563122212885382e-01
1.608970124766233301e-01
1.616149722591038729e-01
1.623135797068472053e-01
1.629755609393122029e-01
1.636555908918377045e-01
1.643386654198169816e-01
1.649890103936197949e-01
1.656355529591444220e-01
1.663467696458106049e-01
1.669282267838716749e-01
1.674353445321326572e-01
1.680484521389011554e-01
1.686569135338069902e-01
1.692142744168635971e-01
1.696917725563047152e-01
1.701894384026529650e-01
1.706921022981405245e-01
1.711671700626614945e-01
1.716073461249474075e-01
1.721077400952579772e-01
1.726141261875625277e-01
1.731034680217507227e-01
1.735688709586854783e-01
1.740222452655429963e-01
1.743993198856712834e-01
1.747292120933531812e-01
1.751623019576068752e-01
1.755392278552060370e-01
1.758830078721045076e-01
1.761942265748976666e-01
1.764797039389612299e-01
1.767613496899602121e-01
1.770314643010494071e-01
1.773174010589715077e-01
1.775476297035809004e-01
1.777726218447090722e-01
1.780248023852710193e-01
1.783008578315375681e-01
1.785500503107908254e-01
1.787663001537327101e-01
1.789821653947230307e-01
1.792875541359182368e-01
1.795036116778853386e-01
1.796277197688816996e-01
1.797294913619758849e-01
1.799167629271746782e-01
1.800048367738723287e-01
1.800339629754426629e-01
1.801690618067978422e-01
1.803943402171132859e-01
1.805177950859071234e-01
1.805620583534242041e-01
1.807189769625663911e-01
1.808096634030339211e-01
1.809016369104380906e-01
1.810314235568045993e-01
1.810475488781925490e-01
1.811261043429377715e-01
1.812584059476849696e-01
1.813707949995995161e-01
1.814223368525502145e-01
1.814791305303568858e-01
1.815707785725589885e-01
1.816804159641266236e-01
1.817043080687522627e-01
1.817450356006625467e-01
1.818153804659839168e-01
1.817943583726883139e-01
1.818182504773139530e-01
1.818337396621704238e-01
1.818241064652802164e-01
1.818385023534293543e-01
1.819005836963655254e-01
1.819754574000838065e-01
1.819792010039093522e-01
1.819840691685681300e-01
1.820428126752375309e-01
1.821316677778957727e-01
1.821638671800490661e-01
1.821788252919908924e-01
1.822200895592570591e-01
1.823110662460327713e-01
1.824398418366904862e-01
1.824820720553401443e-01
1.824431415349248298e-01
1.823725457489492330e-01
1.824108400046820511e-01
1.824304754287007224e-01
1.824287065327168667e-01
1.823861612960700207e-01
1.823590803280474293e-01
1.823480208694930049e-01
1.823767621457577648e-01
1.824948500156406139e-01
1.824363906741142682e-01
1.824598360732193614e-01
1.825246214658022836e-01
1.824809575617312718e-01
1.824373380616309270e-01
1.824797734558586959e-01
1.825934302300211420e-01
1.826036737769837492e-01
1.826455202847722115e-01
1.826517973095179437e-01
1.826487920358781381e-01
1.827524725913998171e-01
1.827212915897368506e-01
1.827043512344364851e-01
1.827540148645642182e-01
1.826834285423162840e-01
1.827731465697284285e-01
1.829095649957655501e-01
1.829502595067026005e-01
1.829622694224118662e-01
1.829560349285598297e-01
1.829736869871621263e-01
1.830530323982237362e-01
1.831351914763454380e-01
1.832057217568163476e-01
1.832345573410392170e-01
1.832755965828894162e-01
1.832761593729262672e-01
1.832970122247929989e-01
1.833648580446834986e-01
1.834496023759249472e-01
1.835834871634840770e-01
1.836329534456128953e-01
1.835950984105467754e-01
1.837140692621467564e-01
1.836789985567329753e-01
1.837278131872414622e-01
1.839974172115330098e-01
1.840370534658428980e-01
1.840742902159694383e-01
1.841537208169701234e-01
1.842325124636293998e-01
1.843538329347963745e-01
1.843128891274336545e-01
1.843421304717656750e-01
1.846537122532728448e-01
1.846680341958997495e-01
1.846702707707877089e-01
1.847921863198279668e-01
1.850202753156425795e-01
1.849971564933655666e-01
1.850698452696208363e-01
1.852761374384167825e-01
1.854353477776055081e-01
1.854364601463076301e-01
1.854817157596352351e-01
1.856103743880988255e-01
1.857644300639624824e-01
1.859939956784253390e-01
1.860696685135363737e-01
1.860672250658272908e-01
1.863059565067295975e-01
1.865210026904942919e-01
1.866585031285883656e-01
1.867138811588289482e-01
1.867780198574070516e-01
1.869395362615582923e-01
1.871469020470978295e-01
1.873707875311370619e-01
1.875286902338266504e-01
1.876740240827202977e-01
1.878133325800298570e-01
1.879218481257557971e-01
1.879474151581528030e-01
1.881322729825970763e-01
1.882984345644710122e-01
1.883275072902441394e-01
1.885113286286591028e-01
1.887438068151478521e-01
1.888472879871729848e-01
1.888502334505317570e-01
1.890070534721016715e-01
1.892646489620206651e-01
1.893741085290909509e-01
1.893028029322624817e-01
1.896639864727855951e-01
1.899770158261057384e-01
1.900924281045792974e-01
1.901246588960286699e-01
1.904504000261423025e-01
1.906849685639142866e-01
1.908216756582262474e-01
1.909883198007944483e-01
1.913325285762548789e-01
1.915991974622006377e-01
1.917595065683130040e-01
1.919497940987353601e-01
1.924206595569847578e-01
1.926507802158595462e-01
1.926239964455365161e-01
1.926319859415294711e-01
1.930580332130195365e-01
1.932527105987067451e-01
1.932846833780404172e-01
1.934079435467716823e-01
1.938415512487288161e-01
1.939972428530451765e-01
1.940358291596175899e-01
1.941721846580509170e-01
1.944210915684699281e-01
1.946708565235139576e-01
1.949009456276896424e-01
1.951048495769505398e-01
1.952906902074817430e-01
1.956161997914315498e-01
1.958764240145686730e-01
1.959714536234741233e-01
1.961466102272273193e-01
1.963685107603671542e-01
1.966074521183967527e-01
1.968099598377945347e-01
1.969373962149026380e-01
1.970619315564633156e-01
1.973845948785546145e-01
1.978639824986462847e-01
1.982502318680290088e-01
1.983602317363020728e-01
1.986354015022519792e-01
1.989248285442595798e-01
1.987256744503973493e-01
1.989543038234116157e-01
1.994723026454445214e-01
1.997474151104685347e-01
1.993775913119316401e-01
1.997544992342589754e-01
2.001377665996554311e-01
2.003730955719945361e-01
2.006382695585490206e-01
2.004980068653817449e-01
2.007844184339051263e-01
2.013587944582104772e-01
2.016899855196472302e-01
2.018003329217435138e-01
2.019118932321667947e-01
2.020580718025561384e-01
2.021521430209282932e-01
2.021899644345049041e-01
2.027728012442586158e-01
2.030402163118120162e-01
2.026199989706279070e-01
2.026122914448384715e-01
2.028232068121431364e-01
2.032762306094165194e-01
2.037653555721043730e-01
2.037872557640079130e-01
2.034624962806703685e-01
2.035233387947085748e-01
2.039707884788508896e-01
2.041608104705806837e-01
2.044258213043216310e-01
2.044624142497779573e-01
2.043412292435760336e-01
2.042888620674613298e-01
2.044511561304335201e-01
2.045815214395518555e-01
2.047836090981958734e-01
2.051053261190650678e-01
2.050443542301650934e-01
2.047178605526690509e-01
2.047645721718666101e-01
2.051460086166856100e-01
2.047250553965571096e-01
2.047695311307904942e-01
2.048755045413966080e-01
2.050070503503088892e-01
2.052769361659889102e-01
2.053272433429960686e-01
2.051873140409592455e-01
2.051956631451847535e-01
2.051956188261507275e-01
2.051340449154374634e-01
2.051542100757362264e-01
2.051668410003189558e-01
2.050026389807463045e-01
2.050564093515277464e-01
2.053213218107815541e-01
2.054199364855890109e-01
2.054878411680463590e-01
2.055269118413325380e-01
2.054486670941118864e-01
2.050749086380002639e-01
2.050594444155690588e-01
2.051994495391848417e-01
2.051662760496135995e-01
2.052154307126994037e-01
2.052330956697460684e-01
2.051514469385149753e-01
2.050568892002108401e-01
2.049835559964177378e-01
2.048545102357868242e-01
2.049200448632242932e-01
2.047662325322626153e-01
2.048023416146634579e-01
2.051107973590494682e-01
2.051046328693632292e-01
2.049282552152869308e-01
2.049114798456429798e-01
2.048999172449109119e-01
2.048238078653810412e-01
2.047448893323536301e-01
2.046980086773634022e-01
2.045258127093311784e-01
2.044686256930236534e-01
2.045798841923472944e-01
2.046078501641746816e-01
2.044935204282399277e-01
2.043954918712373170e-01
2.042905844300990092e-01
2.040648405253885356e-01
2.039542796164752481e-01
2.038705799728630641e-01
2.037662655264141365e-01
2.036832156330351251e-01
2.035661841586232090e-01
2.035299199417234528e-01
2.034348887935277794e-01
2.032362329408523571e-01
2.031184775948521315e-01
2.029618149966005425e-01
2.028903939798474554e-01
2.029706300362941196e-01
2.029518149137494454e-01
2.028121468067164701e-01
2.025588544130327573e-01
2.023678663969038227e-01
2.019896552026267944e-01
2.018885656118391825e-01
2.020063828945160012e-01
2.020199658393856401e-01
2.022164165616038567e-01
2.021370744466782221e-01
2.018110247135162238e-01
2.016368677377697038e-01
2.013082638204098662e-01
2.011678575098510280e-01
2.013370537579060593e-01
2.013385006368161034e-01
2.012346058726312559e-01
2.011010796189311445e-01
2.009367702782150766e-01
2.005038729667668329e-01
2.004219619035720323e-01
2.005378267362717681e-01
2.006068114355203658e-01
2.009400406077503920e-01
2.009932704538108517e-01
2.009305168211460157e-01
2.008527707159517006e-01
2.005047408640388551e-01
2.003481939971444303e-01
2.001305943161248158e-01
2.001190305486318100e-01
2.000619206011298168e-01
2.000931708335877135e-01
2.001002440452577802e-01
2.000795955419542582e-01
2.000983682513235440e-01
2.001959686160086627e-01
2.001892039418217417e-01
2.001162842988964963e-01
2.001220446109772677e-01
2.001642573595047714e-01
2.001246441364288309e-01
2.000693008303645604e-01
2.000814496770499107e-01
2.000060558333994765e-01
1.999659363821145730e-01
1.999680930241946042e-01
2.000912579670549307e-01
2.000774318233127513e-01
1.999956714540724600e-01
1.999475901529197130e-01
1.998837328672413427e-01
1.998018690973517586e-01
1.996532528236508730e-01
1.996513963580128503e-01
1.997210067868235295e-01
1.996856845170257300e-01
1.996963506311176251e-01
1.996619295150046103e-01
1.995154255628584228e-01
1.993904754340652674e-01
1.992836370170119609e-01
1.991500003576277544e-01
1.990739341229200154e-01
1.990110018581155438e-01
1.988952988713979519e-01
1.987653554648161625e-01
1.986288085222242539e-01
1.984107293307785236e-01
1.982208370447159917e-01
1.980449052542444244e-01
1.979230574578041690e-01
1.977664044469595317e-01
1.976744129061700495e-01
1.978444755300884372e-01
1.977445851266385057e-01
1.974448548182841934e-01
1.972694667130707180e-01
1.971011999174948071e-01
1.968067884296182402e-01
1.966151040494445446e-01
1.965116382166741948e-01
1.964198001563547680e-01
1.964011418431994282e-01
1.962291987657545922e-01
1.960509180665018503e-01
1.958900104284282684e-01
1.955402593880891382e-01
1.953602797925468315e-01
1.954313379764558989e-01
1.952998434036966324e-01
1.950278722673658427e-01
1.948602872282270415e-01
1.946832031428814280e-01
1.944939313232894873e-01
1.942695736020799147e-01
1.942212215363979810e-01
1.942584790706635978e-01
1.940692781060933125e-01
1.938620336651798171e-01
1.936304309859871176e-01
1.934496275678273258e-01
1.930971347600225763e-01
1.929408963814375211e-01
1.930369851261375114e-01
1.928947353780264828e-01
1.926156274870040597e-01
1.924631853893397082e-01
1.922604314908380463e-01
1.921151535809040301e-01
1.921737522050738500e-01
1.920680176571007425e-01
1.918598278388377876e-01
1.916567785099151655e-01
1.914587219551209807e-01
1.911989499852065344e-01
1.910256504997607518e-01
1.909296946987508459e-01
1.907703986153009845e-01
1.906517833009361562e-01
1.904386202931405703e-01
1.901249491453169682e-01
1.899402351379396170e-01
1.897881776690481248e-01
1.895744695976372129e-01
1.894056061014533221e-01
1.892833225831390132e-01
1.892234361499549322e-01
1.890442247539758924e-01
1.888390070497988904e-01
1.887037408649916981e-01
1.885724174827341781e-01
1.883521226197484022e-01
1.883077033311132131e-01
1.883174348175521706e-01
1.881253893226381146e-01
1.877428784072397439e-01
1.875932438820601678e-01
1.874624373465778315e-01
1.872970020771025368e-01
1.872656368613239142e-01
1.871690160483121534e-01
1.869173353359104839e-01
1.867675830200316300e-01
1.867550175279380220e-01
1.866348996922374548e-01
1.864414206147194941e-01
1.862554819107059834e-01
1.860332235932346256e-01
1.857511707901953191e-01
1.856383289992813712e-01
1.855196258723735558e-01
1.854000879853961725e-01
1.854210065618158154e-01
1.852443870499732859e-01
1.849661862224343811e-01
1.847912644073369526e-01
1.845981255680326227e-01
1.844915397375821164e-01
1.844910820975899091e-01
1.844346595153210921e-01
1.844253276407717690e-01
1.843033272296190905e-01
1.840823979914192055e-01
1.838945483565333217e-01
1.835714052915568273e-01
1.834171527102593791e-01
1.833348826989530667e-01
1.833025591745977012e-01
1.832506201416249925e-01
1.831318053603172846e-01
1.829655730962749804e-01
1.828063626050948076e-01
1.826823206901552199e-01
1.826411160469059158e-01
1.825655692815777720e-01
1.823882801055912162e-01
1.822788037881256373e-01
1.821642545312638639e-01
1.820371300950648086e-01
1.818994230255482347e-01
1.817879290059209729e-01
1.816976888105276133e-01
1.815495176792140397e-01
1.813936867952350429e-01
1.813028653860095374e-01
1.812480390071873337e-01
1.811222365424033365e-01
1.810341395214199178e-01
1.808532823875543538e-01
1.806148291110987458e-01
1.804779015064243430e-01
1.803937382459641636e-01
1.802764643996949967e-01
1.801496568664905651e-01
1.799474139735102729e-01
1.797061572968963461e-01
1.795657020807266135e-01
1.794423003494734770e-01
1.793983389437200648e-01
1.792933478951452275e-01
1.791580729678268480e-01
1.790279131487012565e-01
1.788374231323603680e-01
1.787200078830127048e-01
1.786982359096403183e-01
1.785813790738584039e-01
1.784822351574899546e-01
1.783284160703418608e-01
1.782622365474696990e-01
1.781646117955442976e-01
1.779724891155955724e-01
1.778456020116810088e-01
1.777679181367163019e-01
1.776841428548102397e-01
1.776566209048034417e-01
1.776610899031166591e-01
1.775715329468255110e-01
1.773102514117960993e-01
1.771271257251504083e-01
1.771606948345900712e-01
1.770434705793854369e-01
1.768646844640371085e-01
1.767481630504134094e-01
1.765952591121197623e-01
1.764681636124846020e-01
1.764881327122445609e-01
1.763768649786710274e-01
1.761908337056636298e-01
1.760170589923857332e-01
1.758955405861138965e-01
1.757862456724047784e-01
1.757610861316320217e-01
1.756823925152421750e-01
1.755753975033762515e-01
1.754616934955120222e-01
1.753934117406601989e-01
1.754255321860316574e-01
1.752474982023243533e-01
1.751030594319105127e-01
1.751131615921857065e-01
1.750542037189003197e-01
1.750701475709677546e-01
1.750265342772009680e-01
1.749796466678376350e-01
1.748795409351591446e-01
1.748373983010651778e-01
1.748402599290009574e-01
1.748367197707296761e-01
1.748187977194782805e-01
1.747699552774424625e-01
1.746942472457889417e-01
1.746886119246486846e-01
1.747184880062934986e-01
1.746733123615386851e-01
1.746502301901581566e-01
1.746377030849455281e-01
1.746123242616656190e-01
1.745245607495310713e-01
1.744883221507076143e-01
1.745029002189634748e-01
1.744754114121198629e-01
1.744575724601749034e-01
1.743715205430983461e-01
1.742150276362894323e-01
1.741554021567107979e-01
1.741842882201071196e-01
1.742349227115514432e-01
1.742298327058555141e-01
1.741791464388370014e-01
1.739992587268349711e-01
1.738604326233269270e-01
1.738635155111547814e-01
1.737610721811650993e-01
1.734389041900639139e-01
1.733984472185375048e-01
1.735877970546479687e-01
1.734811310619120139e-01
1.733526510477066684e-01
1.731886631906036089e-01
1.728978094607595828e-01
1.726307879805566992e-01
1.725299875929953430e-01
1.724493767783043252e-01
1.722383791446689683e-01
1.720500703096387862e-01
1.719464046001429880e-01
1.718494631528853511e-01
1.717042574286458401e-01
1.715655842661854280e-01
1.713756164684894223e-01
1.711494327858089082e-01
1.710255428284410406e-01
1.708566679507491082e-01
1.705535549759862879e-01
1.703591166198252238e-01
1.701640444338324010e-01
1.699501342356208589e-01
1.697482478007670825e-01
1.696351427212360041e-01
1.694685802370309025e-01
1.692576075941319980e-01
1.690600695163010925e-01
1.688347811996939452e-01
1.686367106184366305e-01
1.684719501048323742e-01
1.682914665699005996e-01
1.680733738467094229e-01
1.679246169865131477e-01
1.676892854511739805e-01
1.674351292178032080e-01
1.673072156533600141e-01
1.671267471611495581e-01
1.669939567387107027e-01
1.668516330510380896e-01
1.666251198694108648e-01
1.664935357540844874e-01
1.663996522918340382e-01
1.662325176388022019e-01
1.661163377746938952e-01
1.659962700307372752e-01
1.657897997558115954e-01
1.655953124523159570e-01
1.655157776400445480e-01
1.653541033789510950e-01
1.651644458144906624e-01
1.650404820263381422e-01
1.648939224764700562e-01
1.646377194657917820e-01
1.644761898994444027e-01
1.643488268852238143e-01
1.642181781291964238e-01
1.641685973167414936e-01
1.640374033927913255e-01
1.638883957386016443e-01
1.636460759639739859e-01
1.634826107338071266e-01
1.633675477370619411e-01
1.632361313566566274e-01
1.631237644582982649e-01
1.628964082270860925e-01
1.625983641266818547e-01
1.624231619298456275e-01
1.623318923696872584e-01
1.622182437196374172e-01
1.620761838912962438e-01
1.618453568458553815e-01
1.615535299301147643e-01
1.613010438337925956e-01
1.611152701288463829e-01
1.609541346117853433e-01
1.607648537963627944e-01
1.605642706543203013e-01
1.603745542615648279e-01
1.601587862074372315e-01
1.599670840799811422e-01
1.598315898180003303e-01
1.596661494672295123e-01
1.594172962903976087e-01
1.592384450435633536e-01
1.591610434412958908e-01
1.589896171733736208e-01
1.588147906422619493e-01
1.586488598883147860e-01
1.584923019424082091e-01
1.582410883128637924e-01
1.580519668027762503e-01
1.579223242700100172e-01
1.577765876501800446e-01
1.576476086974139268e-01
1.575122228711847983e-01
1.573933758139610395e-01
1.572924086570742508e-01
1.571550184130672267e-01
1.570383616805081373e-01
1.569519044041637890e-01
1.568810637116428985e-01
1.567612656712536745e-01
1.565509274750943314e-01
1.563938374519346086e-01
1.563230776414275824e-01
1.561903163716201748e-01
1.560389383077624148e-01
1.559456875115636521e-01
1.556802507787946599e-01
1.554234683096405167e-01
1.553972696274520116e-01
1.554024444937706362e-01
1.553380461573598825e-01
1.552314527571204139e-01
1.550785951673985807e-01
1.549128225266930836e-01
1.548231141567230074e-01
1.547855888977650307e-01
1.547106268480418767e-01
1.546087262332434820e-01
1.545129741579298055e-01
1.543982456549999049e-01
1.543590542450546665e-01
1.543166632354261991e-01
1.541848013922570426e-01
1.541018329709764600e-01
1.539921176657081392e-01
1.539272988080975513e-01
1.538975409984587595e-01
1.538450150728229715e-01
1.538093145489689839e-01
1.537071824431422151e-01
1.534482152089473583e-01
1.533879536241292418e-01
1.534476254209880541e-01
1.534003244265917110e-01
1.534011058956384899e-01
1.533750667572025272e-01
1.532868934571738895e-01
1.531393874883650030e-01
1.531192019954326078e-01
1.531098902553321706e-01
1.529084980219603818e-01
1.527761482357981870e-01
1.527702656954523508e-01
1.526467829406265020e-01
1.525324903950097954e-01
1.524277357414362266e-01
1.522606806337833962e-01
1.521967227816583279e-01
1.522326594591136284e-01
1.522431954279537814e-01
1.521555736273527137e-01
1.519900575935839715e-01
1.518868276178833299e-01
1.518581931442025135e-01
1.518905414044854907e-01
1.519435660243037556e-01
1.518562183529141019e-01
1.517320570349697528e-01
1.516384755074981494e-01
1.515587469935417986e-01
1.515773737370972318e-01
1.516228335514668846e-01
1.516017024740580754e-01
1.515452792555090078e-01
1.514305024340744099e-01
1.513384776234627804e-01
1.512576519891623283e-01
1.512157287567852670e-01
1.512318067073823713e-01
1.512300680637359840e-01
1.512069057941434203e-01
1.511517112255095496e-01
1.510609186649326252e-01
1.510482766628262752e-01
1.510798650652171449e-01
1.510356872618201229e-01
1.509764347776768045e-01
1.509508092939852164e-01
1.509219124719500260e-01
1.508959333300587957e-01
1.508381838932637553e-01
1.507822174832221529e-01
1.507324842989443692e-01
1.506615463584662362e-01
1.506067502200605923e-01
1.505409778803590837e-01
1.504889259189367834e-01
1.504214735329154062e-01
1.503580886274576423e-01
1.503855883330109666e-01
1.502862118586893725e-01
1.500264204397798729e-01
1.499548341259358264e-01
1.500228691220281962e-01
1.499204850733276972e-01
1.497980161860582859e-01
1.497268866807226761e-01
1.495746957689518819e-01
1.494351923450824293e-01
1.494357965111729747e-01
1.494647375404834777e-01
1.494314199909570484e-01
1.493022021263839261e-01
1.492471640691162837e-01
1.492775934100149804e-01
1.492321188598872139e-01
1.492253404110672477e-01
1.491762703359124642e-01
1.490638807073237648e-01
1.490006053611632186e-01
1.489385678187009898e-01
1.488871252864603645e-01
1.487719063922764151e-01
1.486370580196378077e-01
1.485465713143348521e-01
1.484547942906614126e-01
1.483800983637571513e-01
1.483763989403840688e-01
1.483035306170583378e-01
1.482457813739773422e-01
1.482435555994510434e-01
1.481739374995226510e-01
1.480733354389662804e-01
1.479763889551167222e-01
1.478701856076718724e-01
1.478235579103229780e-01
1.477687629416588599e-01
1.477052703589203653e-01
1.476666028305885503e-01
1.476019603937861746e-01
1.475022179245951970e-01
1.474335067734120763e-01
1.473963904380798107e-01
1.473489711225028642e-01
1.472578028082842938e-01
1.472239150226118121e-01
1.471944640457635012e-01
1.470935966610908419e-01
1.470090614497658876e-01
1.469639121294026296e-01
1.469155936598776635e-01
1.468940287053590033e-01
1.468743652403355360e-01
1.467643589138982463e-01
1.467006074249745939e-01
1.467164236903192309e-01
1.466531981155272113e-01
1.465305051863195207e-01
1.464172265291212860e-01
1.462993931412691906e-01
1.462768700718876658e-01
1.463514261484148149e-01
1.463816730976109093e-01
1.462489815592770415e-01
1.461586576759811296e-01
1.461581269741054068e-01
1.461036858066920852e-01
1.460075550585980542e-01
1.459464064091439972e-01
1.459176453158257392e-01
1.458930708706378532e-01
1.459144905880096488e-01
1.459015915840863320e-01
1.457564003959299082e-01
1.456365840196610084e-01
1.455884866535659405e-01
1.455218460798263225e-01
1.454917170524599179e-01
1.453719526946546658e-01
1.451772820472720105e-01
1.451504280656580881e-01
1.451329184442756159e-01
1.450800063729282829e-01
1.451343677639958252e-01
1.451022847741839372e-01
1.449589502960444143e-01
1.449472636580464990e-01
1.448533726483581252e-01
1.446459164023395083e-01
1.445156243890527714e-01
1.444288219958545227e-01
1.444257124364376477e-01
1.444150289416318012e-01
1.444196412339804614e-01
1.443705442428585006e-01
1.442074653625489422e-01
1.441350464344023641e-01
1.441235340878363191e-01
1.441148270159960942e-01
1.441111585542563522e-01
1.440305276364084175e-01
1.439693191349506740e-01
1.439454397171738564e-01
1.438967082366347516e-01
1.438474860250947007e-01
1.438428304672240698e-01
1.437641574323178240e-01
1.437492590904239642e-01
1.438101263523098028e-01
1.438445487946272972e-01
1.439117143809791055e-01
1.440081325024363534e-01
1.439832673609259539e-01
1.438250983595845967e-01
1.436749286726113628e-01
1.436059607684616046e-01
1.435757250562307574e-01
1.436019116416578090e-01
1.435775091648104629e-01
1.434461352229118303e-01
1.433087007403370527e-01
1.432330591499808015e-01
1.431514307454230528e-01
1.431195972263810123e-01
1.431016347229478458e-01
1.431047169864179958e-01
1.431624444335695689e-01
1.432026923626660009e-01
1.431428194761280859e-01
1.429816716492178508e-01
1.429164178758864090e-01
1.428520116806029916e-01
1.427996056318286411e-01
1.429314071089026195e-01
1.428361191302539301e-01
1.425274047106501185e-01
1.423517182141540716e-01
1.423197161704302938e-01
1.422785622507329317e-01
1.422526380360122078e-01
1.422338305085892873e-01
1.421271413400773675e-01
1.420086846590043195e-01
1.421080079555514797e-01
1.422323782727117902e-01
1.422273872941737238e-01
1.421344752877954642e-01
1.419547273769971862e-01
1.418562959074969598e-01
1.416582888722422440e-01
1.416303634598854166e-01
1.418325117260222645e-01
1.418142745107407454e-01
1.416818196922536577e-01
1.416653798148033994e-01
1.415055640339847876e-01
1.414541566193106559e-01
1.415896457210187587e-01
1.415856122821572971e-01
1.414976596757772931e-01
1.414268966108556680e-01
1.413577293723823625e-01
1.412706720173354524e-01
1.410923994332552167e-01
1.410279217436911370e-01
1.410363710537555770e-01
1.409754408001902271e-01
1.409996488809580895e-01
1.409446625620122406e-01
1.407749149501325014e-01
1.406884764879946237e-01
1.406332385256882922e-01
1.405690844357009861e-01
1.405747686028480659e-01
1.405119378939268249e-01
1.404413727596405259e-01
1.404013809293512827e-01
1.403267328053709184e-01
1.402830104559658064e-01
1.402690261527900772e-01
1.402103124633427567e-01
1.401057192564005571e-01
1.400275160312649536e-01
1.399510247468952473e-01
1.398332139775160798e-01
1.396865331754090778e-01
1.395976929664612676e-01
1.395228697031737075e-01
1.394784862726928532e-01
1.395306442245839162e-01
1.394787409201261874e-01
1.393213048309090707e-01
1.393070121109487858e-01
1.393593527376656149e-01
1.393554434180257762e-01
1.394421288654204560e-01
1.393875071734194393e-01
1.391566281646488268e-01
1.390823985680935126e-01
1.390408586859703532e-01
1.389741551578047574e-01
1.389556578218935079e-01
1.389334250628949385e-01
1.388224413305519933e-01
1.387679559379819405e-01
1.386454409718513858e-01
1.384965351819995028e-01
1.383803064286707185e-01
1.383081897810104766e-01
1.382277857661247111e-01
1.382040145844218026e-01
1.381483077853922214e-01
1.380521137699485812e-01
1.379970757126809389e-01
1.379892510250211313e-01
1.378863906383511750e-01
1.376965690612793891e-01
1.376312667846681659e-01
1.375855905532838430e-01
1.375186381518840595e-01
1.375636025905612736e-01
1.375826668053860835e-01
1.375244281336663321e-01
1.375439490646123419e-01
1.376879914358255241e-01
1.377013918101788748e-01
1.377228405654429000e-01
1.376506719857449601e-01
1.374840169250960420e-01
1.372980512157081223e-01
1.369964586049317312e-01
1.368567759320141464e-01
1.367252830266948993e-01
1.366968704104418730e-01
1.368947894096370632e-01
1.369131114244465652e-01
1.369445121765138496e-01
1.368361991971726588e-01
1.365622803896666404e-01
1.364606506213544013e-01
1.363795500367883384e-01
1.362894881576302564e-01
1.362657067537311195e-01
1.362983822554351687e-01
1.363361232697967440e-01
1.364725394487378562e-01
1.365296237662436407e-01
1.365055502921344310e-01
1.364974816292527926e-01
1.364390882253650183e-01
1.363264033794403529e-01
1.361126348972317712e-01
1.360017461776731051e-01
1.359737604707479675e-01
1.358843754261732928e-01
1.358205605104569613e-01
1.357326706469056954e-01
1.355302204728126569e-01
1.354290689826012639e-01
1.353692035496235069e-01
1.353458315610884255e-01
1.354376416772600511e-01
1.354190581262109672e-01
1.353899691253904192e-01
1.353379519656296714e-01
1.351834984093904235e-01
1.350714583933351753e-01
1.349989874929186928e-01
1.348757359743115170e-01
1.347187496468420509e-01
1.345753522276881831e-01
1.343427396565671228e-01
1.342710399106147590e-01
1.342796677291394902e-01
1.342864464879034159e-01
1.343823900863532761e-01
1.344189027756456656e-01
1.344588451012969643e-01
1.343873471975328693e-01
1.342517232522371928e-01
1.340697890549895077e-01
1.338483032628896285e-01
1.337231986522672000e-01
1.336728619933126860e-01
1.335442151844506153e-01
1.333818204134699925e-01
1.333456547051667940e-01
1.332275783464310359e-01
1.331976133346556568e-01
1.331799430847165622e-01
1.331234649121760816e-01
1.330592873498796513e-01
1.330315427005290263e-01
1.329310244679453024e-01
1.328030050694938569e-01
1.326801260396841542e-01
1.323951502889395837e-01
1.323083870932455774e-01
1.323471027866008065e-01
1.323196068406104209e-01
1.324328588292005005e-01
1.323775409653783208e-01
1.323993535816671563e-01
1.323801411762837721e-01
1.324197506979108152e-01
1.323787964224820146e-01
1.319790583714841037e-01
1.319336193457249506e-01
1.321414919704194946e-01
1.323365030899646411e-01
1.321392398312686844e-01
1.320157538652419194e-01
1.317140534222121517e-01
1.314291676878925341e-01
1.313692678987976592e-01
1.315972191274161762e-01
1.316878605306146532e-01
1.319572020694614600e-01
1.318991201788186629e-01
1.315569685578347470e-01
1.313859758719804760e-01
1.311506834864613613e-01
1.310614314839246286e-01
1.311829187721014478e-01
1.313265555053951261e-01
1.312737824022768285e-01
1.308198652803901352e-01
1.307276997923853268e-01
1.307514569163326368e-01
1.308531960010528017e-01
1.307768329262732065e-01
1.308754551172259528e-01
1.308300169706346494e-01
1.302633327126498375e-01
1.301231806129214685e-01
1.303314752578734748e-01
1.303288914799692333e-01
1.302289582639930554e-01
1.303682115554808951e-01
1.305498537302012818e-01
1.301756265163424020e-01
1.302073611840609546e-01
1.303491024926305419e-01
1.299867431104182181e-01
1.298653745591635822e-01
1.298230446487669831e-01
1.296197838395831969e-01
1.295628076791759120e-01
1.298011003687973564e-01
1.298800394028421512e-01
1.298407834053038057e-01
1.300073091268543479e-01
1.299834557846188121e-01
1.297452915683389996e-01
1.292315932273861989e-01
1.288858081415292234e-01
1.288094481974844108e-01
1.289878586947914019e-01
1.290431013166907226e-01
1.291414979070426294e-01
1.290057824134825393e-01
1.285051525354382607e-01
1.281913510724900507e-01
1.280751638859507768e-01
1.281437162995338885e-01
1.280903606802229755e-01
1.279191004335883119e-01
1.277397414416077404e-01
1.275342335283752848e-01
1.271980094119903870e-01
1.270809048727153667e-01
1.270269580364225548e-01
1.269278798997406643e-01
1.271278840675947319e-01
1.271923758029940288e-01
1.269995432138441016e-01
1.270024959847326496e-01
1.268070316553112364e-01
1.264799975126981169e-01
1.258775078326467289e-01
1.255905043035748514e-01
1.252392734229567650e-01
1.247603294849396610e-01
1.247772720336918356e-01
1.249469449639317997e-01
1.249537722513083954e-01
1.249602196574207125e-01
1.248295941501857548e-01
1.245968709856273421e-01
1.244151687949891505e-01
1.241690895929933453e-01
1.242262895107270199e-01
1.242814522907139813e-01
1.242699181139472198e-01
1.243638641953464796e-01
1.242549757838253000e-01
1.240371376529340181e-01
1.237010205760599169e-01
1.234455688744787449e-01
1.235192906051874040e-01
1.234683259412642231e-01
1.235135318741203414e-01
1.234551823139192483e-01
1.233943554282192212e-01
1.232490723431107077e-01
1.230553722858427623e-01
1.230128710269932091e-01
1.230368203297256408e-01
1.231170110106469817e-01
1.232586431533094912e-01
1.232568893074993815e-01
1.232545374944808286e-01
1.231808044016364789e-01
1.232173884302373845e-01
1.231977335631849607e-01
1.231622633233666192e-01
1.232453753829001603e-01
1.229475045949225270e-01
1.227392788410186786e-01
1.228564606472851845e-01
1.229504616588349974e-01
1.230868687748912227e-01
1.230583316043018793e-01
1.230507167011498371e-01
1.229951331511136697e-01
1.228742734551427629e-01
1.227916020154951743e-01
1.228266799062489173e-01
1.226571652114392119e-01
1.225737566590305583e-01
1.225867937162523069e-01
1.224354827880863167e-01
1.223753988876935261e-01
1.225432106316087788e-01
1.226642795652148760e-01
1.228734919846059259e-01
1.230312829166649996e-01
1.233192181557414696e-01
1.232681111097338189e-01
1.230157448470596548e-01
1.228721943110223785e-01
1.227994463056328589e-01
1.227078893125056747e-01
1.227309334158897952e-01
1.227941401064398946e-01
1.227872287750239461e-01
1.227489499151702829e-01
1.226951627403496808e-01
1.226318319693206899e-01
1.226736086875197113e-01
1.227500141263003636e-01
1.227205348953606390e-01
1.227715796262030395e-01
1.229395861923690270e-01
1.228855089455842403e-01
1.227668928459288850e-01
1.228716934621336548e-01
1.228394898533824442e-01
1.225095747768882581e-01
1.224552569389345119e-01
1.224653367400173887e-01
1.226322497248651527e-01
1.224561187475918939e-01
1.223350814789536389e-01
1.224291005238894031e-01
1.223029894441361592e-01
1.223095651745799428e-01
1.225714219361548202e-01
1.224708580657841439e-01
1.222016167446973028e-01
1.222054345965384037e-01
1.221255032122138123e-01
1.219618220776321343e-01
1.219034369468693091e-01
1.219752584561702713e-01
1.218293020606042026e-01
1.217133101820948859e-01
1.216798466324807843e-01
1.214679227858778965e-01
1.213478203862904115e-01
1.213488634854559406e-01
1.213120855420832256e-01
1.214000789523121682e-01
1.213623132050032638e-01
1.211024061292409193e-01
1.209614375233646621e-01
1.208179077744482577e-01
1.205906609058381013e-01
1.204128889113660061e-01
1.202875915408136848e-01
1.201442922696471377e-01
1.200455597117541934e-01
1.199665710300211047e-01
1.196682061895731897e-01
1.194799101606009717e-01
1.194303738221529354e-01
1.192884653285144481e-01
1.193102775029833695e-01
1.193153650045397085e-01
1.192719633415345315e-01
1.191001501604917051e-01
1.190332186594608155e-01
1.190186190515754860e-01
1.188989736936985064e-01
1.189406569987533080e-01
1.188429258465768940e-01
1.188041652143003446e-01
1.188072457812722887e-01
1.184622629731895277e-01
1.181854246184233237e-01
1.178312968790529019e-01
1.173921349346638970e-01
1.173832934685048457e-01
1.174515344649555565e-01
1.173084785185753015e-01
1.171321528673168744e-01
1.170058314710855224e-01
1.167940796323118230e-01
1.164077101945878295e-01
1.161904761515554080e-01
1.162582491323352896e-01
1.163032055556774552e-01
1.161393177479503602e-01
1.160123888969425143e-01
1.159400564827023777e-01
1.157678965479136957e-01
1.155881166651849534e-01
1.156291201896962745e-01
1.155936954095958674e-01
1.154141552448275237e-01
1.150891331553455521e-01
1.150311536014075736e-01
1.150518344163892759e-01
1.148454411394896763e-01
1.147108999274673163e-01
1.145364488303663580e-01
1.142098597928883907e-01
1.139853536605839601e-01
1.140310188062490238e-01
1.140077730447054960e-01
1.137639623209834722e-01
1.135005569681527826e-01
1.135071626007557039e-01
1.134929180294274031e-01
1.133335650630298425e-01
1.132038444839421343e-01
1.130912198290230930e-01
1.127936720475551657e-01
1.124458865880967606e-01
1.126034621357920040e-01
1.126572980202738411e-01
1.126638177797201074e-01
1.126820339515808012e-01
1.126350960597398004e-01
1.124196327365938330e-01
1.120522672705352440e-01
1.120496388807893373e-01
1.121134123414752881e-01
1.119223352432253960e-01
1.117472279526291329e-01
1.115797316700223585e-01
1.113927343226965017e-01
1.109442957997318485e-01
1.109062500298019921e-01
1.111625686377287481e-01
1.112544892579313272e-01
1.113102862805125243e-01
1.113797105610372373e-01
1.113007880166174274e-01
1.111995294772092774e-01
1.110480615735050802e-01
1.108297586992385148e-01
1.107810030579566563e-01
1.108404125414786112e-01
1.107423310682175144e-01
1.108112557671963455e-01
1.108197392046456203e-01
1.105981422275301579e-01
1.104222884774209296e-01
1.104083982296288208e-01
1.103623464636504098e-01
1.101986707739530946e-01
1.101472754478454719e-01
1.101922250203783704e-01
1.100314149737360442e-01
1.098936652205882297e-01
1.097989570468661247e-01
1.098813911437990232e-01
1.099153636068108536e-01
1.097021246850486409e-01
1.097964851289991439e-01
1.097649246454236449e-01
1.095792299509048967e-01
1.096262569539247222e-01
1.094389191925525112e-01
1.093235878065225014e-01
1.092057786472139663e-01
1.092203228145834926e-01
1.093896956436334611e-01
1.093917585693300054e-01
1.093727943301202044e-01
1.092616302780810705e-01
1.090658240318295724e-01
1.088658809661861154e-01
1.089451922111210058e-01
1.091023133441805931e-01
1.093130759201940555e-01
1.097057480767367477e-01
1.099614815987648569e-01
1.100261009857054634e-01
1.098113965235648776e-01
1.096265202313665976e-01
1.096063684478398997e-01
1.096569967269893087e-01
1.096007818490263158e-01
1.095945103317498975e-01
1.096220457971091994e-01
1.096225397899745352e-01
1.096179104849698827e-01
1.096926820412276737e-01
1.097472474887970229e-01
1.098813834190370681e-01
1.097150299765169701e-01
1.097303196519610058e-01
1.100555397123098716e-01
1.099613756552336175e-01
1.099102617695925238e-01
1.099579063393176792e-01
1.100174295887350745e-01
1.102248592369257096e-01
1.102086505785588033e-01
1.104108503758909898e-01
1.106933538883924234e-01
1.107529489964251268e-01
1.107603155493737807e-01
1.107588204145434907e-01
1.104486835777760967e-01
1.103634175658224359e-01
1.104631604053084026e-01
1.104490216076371017e-01
1.105182922929525968e-01
1.103850565910339671e-01
1.102665550522502341e-01
1.102344721972945696e-01
1.101735588461158488e-01
1.101482244990767828e-01
1.101613327741622766e-01
1.099188455387949542e-01
1.101047719001771175e-01
1.107188468590377811e-01
1.109286165475849573e-01
1.110992475226523363e-01
1.112011849470440766e-01
1.110212380439039581e-01
1.110388071775440105e-01
1.113328121714295821e-01
1.114503968752923319e-01
1.113405926272277580e-01
1.113688465937968525e-01
1.115869470298289923e-01
1.116211026594045169e-01
1.116925769433377152e-01
1.116352487027647555e-01
1.114728078804910344e-01
1.108977716892960569e-01
1.108398632295427289e-01
1.108781638421117849e-01
1.108605995401735905e-01
1.110091840624805593e-01
1.109775316506625281e-01
1.108906663544473870e-01
1.108047376938164630e-01
1.107998301520944084e-01
1.104611867591735741e-01
1.101679437160492520e-01
1.106829418517644714e-01
1.109844298496840548e-01
1.111234669186171170e-01
1.114081779122352012e-01
1.112209667019544435e-01
1.108213590681557253e-01
1.108455386951568561e-01
1.114120429038997079e-01
1.114953667357564543e-01
1.116118717134001459e-01
1.117435078874234183e-01
1.116089360892768140e-01
1.115627588145432919e-01
1.117277130603787222e-01
1.114365540683265321e-01
1.112182807341218216e-01
1.112424840822818367e-01
1.109472560368478106e-01
1.109913743451239609e-01
1.112544430479405627e-01
1.108142517887052564e-01
1.105762070074673836e-01
1.107692114561796559e-01
1.107132068246600154e-01
1.107395750306547494e-01
1.108340534605085914e-01
1.109770210981371186e-01
1.107183305919171440e-01
1.103459826476875516e-01
1.100729319870474010e-01
1.096520210243758370e-01
1.094491015344862400e-01
1.095798106446864290e-01
1.096622616603968314e-01
1.099321104258296489e-01
1.098972776949406482e-01
1.098106703817845614e-01
1.097248296253387351e-01
1.093356392443182029e-01
1.091442487955089080e-01
1.091008013516661795e-01
1.090346889019009613e-01
1.087945434272290096e-01
1.092320544406770039e-01
1.096791919559240713e-01
1.095316279873252002e-01
1.093631812199952064e-01
1.091314527511594440e-01
1.089768475033339873e-01
1.087104582101107580e-01
1.084181361570953211e-01
1.086059932351116086e-01
1.083662293851376940e-01
1.082732717424630814e-01
1.087921101048592437e-01
1.083919093489648100e-01
1.077985264547166172e-01
1.077394966490562295e-01
1.074818674921990541e-01
1.076166592426595625e-01
1.080714270368221125e-01
1.079490412399168181e-01
1.076466654874381340e-01
1.073270964927975774e-01
1.069495408236977724e-01
1.072000989139078320e-01
1.072431202039122733e-01
1.071563595257698093e-01
1.071955061048268931e-01
1.070497116520998104e-01
1.070291768923401360e-01
1.073697240203623643e-01
1.074758121103049496e-01
1.076015271484849906e-01
1.075465078577398509e-01
1.072201824374492685e-01
1.070260885722933847e-01
1.067093293905261170e-01
1.065667739979922896e-01
1.067418268248434277e-01
1.067975454144181879e-01
1.067383904412387563e-01
1.069510701000693093e-01
1.070188624285160206e-01
1.067177558638159746e-01
1.068572593733669029e-01
1.071528949178753992e-01
1.071050222791728457e-01
1.072297559782860038e-01
1.071161903381345343e-01
1.067682961747052767e-01
1.067777585282926184e-01
1.066927739091213245e-01
1.064336000002917837e-01
1.063060500383372908e-01
1.059699590139091818e-01
1.058423760160807914e-01
1.060734750926494718e-01
1.062879138961430187e-01
1.062002602294090797e-01
1.059912235952912007e-01
1.060962429448964461e-01
1.058890247344967117e-01
1.055644630163909553e-01
1.055064616143707029e-01
1.055090540200471910e-01
1.055230513155461375e-01
1.056794221222404073e-01
1.057637543588872964e-01
1.054024991720916848e-01
1.050032945394514111e-01
1.044736022397876329e-01
1.040946244075897364e-01
1.042283957481385248e-01
1.038772290132938397e-01
1.040528188198806825e-01
1.050359932295975157e-01
1.050376385338604723e-01
1.047761702254414451e-01
1.045558493845162723e-01
1.036583840459583128e-01
1.030422809444364179e-01
1.027351378537716131e-01
1.027421995006499444e-01
1.029569702222943722e-01
1.028907276377080265e-01
1.029900101117785377e-01
1.029033392727373708e-01
1.025964651703839131e-01
1.025903114438056207e-01
1.029215772137044710e-01
1.031748085021970268e-01
1.031958762332796653e-01
1.028348763898018076e-01
1.019609381146724669e-01
1.017468037605285258e-01
1.016981530785558141e-01
1.019120521709321742e-01
1.029398875713348344e-01
1.027658705115314375e-01
1.019885623902079819e-01
1.019497439414265155e-01
1.018013161897655672e-01
1.016558711305264595e-01
1.017688236445190852e-01
1.011115386709568187e-01
1.002457858994602324e-01
1.004344483129684246e-01
1.004289531864227536e-01
1.001528624318541588e-01
1.004632858514784011e-01
1.003889409497383950e-01
1.001894998714323998e-01
1.006840550333264611e-01
1.012111125446855664e-01
1.012261127531527277e-01
1.010722318649294876e-01
1.010207499369976392e-01
1.010588195592168614e-01
1.012975263595584097e-01
1.015924620240928750e-01
1.010417056649925566e-01
1.004089657343926884e-01
1.004927502483133339e-01
1.000796311743561845e-01
9.984481759518396005e-02
9.978884149789847557e-02
9.893535324707616874e-02
9.864745420217498062e-02
9.948618584275277510e-02
1.002391336321830917e-01
1.004064949601890522e-01
1.004435936808582147e-01
1.004357596635819250e-01
1.001612680882213308e-01
1.001798675574362835e-01
1.004102870300408179e-01
1.002294269680972932e-01
1.000728632569309190e-01
9.999724704846785217e-02
1.000208311893047708e-01
1.002490481168031161e-01
1.010781088471411071e-01
1.019010913074018115e-01
1.019447367280724714e-01
1.017191581562160024e-01
1.009215578153732640e-01
1.002559763729575781e-01
1.003745667859909235e-01
1.004931361258034200e-01
1.009844011723991242e-01
1.016017888493834093e-01
1.005248996324838717e-01
9.891914642676666314e-02
9.830745487958165996e-02
9.738851492851971492e-02
9.752256089299918274e-02
9.907962325215335930e-02
9.959297938942895945e-02
9.919172861874120395e-02
9.867359549775757410e-02
9.807680756971212666e-02
9.805848325863511517e-02
9.872588094770935740e-02
9.917594990730244087e-02
9.972690294235965480e-02
1.000750240616504055e-01
9.954403489828148044e-02
9.949314684346345639e-02
9.902089824676556240e-02
9.739533250331909586e-02
9.681520729959010307e-02
9.741150349974628253e-02
9.792211183533099106e-02
9.899213303923563856e-02
1.002079915165905305e-01
9.991365364939010230e-02
9.929765561074001268e-02
9.887593023180947516e-02
9.793911032527699567e-02
9.765633201971683774e-02
9.843616008758526714e-02
9.873263848274958787e-02
9.822040030062237359e-02
9.876050672009548115e-02
9.844642272591580534e-02
9.711429281830753768e-02
9.742942817509152309e-02
9.607264322787512079e-02
9.464995306581239221e-02
9.510471764802920502e-02
9.460707024335829329e-02
9.471044367849845713e-02
9.389678623452739348e-02
9.240006553679699919e-02
9.252635102271999923e-02
9.329528198242192927e-02
9.537842297628493227e-02
9.601575694978232989e-02
9.467068612948061068e-02
9.326036002635999800e-02
9.152330178320407239e-02
9.223344122469422091e-02
9.389104682281594616e-02
9.404501876085992473e-02
9.375330115705710066e-02
9.304020295590186007e-02
9.291142249256335861e-02
9.398558586686890648e-02
9.548808665871658108e-02
9.573558383360526725e-02
9.489328598603624654e-02
9.376350541263851757e-02
9.224278561770918317e-02
9.259169164672481633e-02
9.501144158244131943e-02
9.538007467910630810e-02
9.570428207367678852e-02
9.514027971178300180e-02
9.250273970961572778e-02
9.201112127378585637e-02
9.191472173854704775e-02
9.133174392804502273e-02
9.236086000502105597e-02
9.152218867838383953e-02
8.835003650188449908e-02
8.849081544578077385e-02
9.001937603950496691e-02
8.957060040459041694e-02
8.994954055398701742e-02
8.953698368892069881e-02
8.673296182304617019e-02
8.706309839487079427e-02
9.024289331808683923e-02
9.365033247023811513e-02
9.167364612892273112e-02
8.933228190243244771e-02
8.779841881319883079e-02
8.724748383164400434e-02
9.112380750179294164e-02
9.032240611687304688e-02
8.890347682088613201e-02
8.757512968182563917e-02
8.195476774126290997e-02
8.100995266064998923e-02
8.236714872494337036e-02
8.212245808839796490e-02
8.296527819633479905e-02
8.428021212145690721e-02
8.532599607184532253e-02
8.795268559455868274e-02
8.913207565844055713e-02
8.758518830090758489e-02
8.887713889107105858e-02
8.861004425212738733e-02
8.772991555929179897e-02
9.269953994750976256e-02
