1.103240558445456182e-01
1.149264727704227690e-01
1.223629623398187205e-01
1.216664244204759687e-01
1.121756577178832509e-01
1.183073944509028669e-01
1.195562146469947434e-01
1.156029187291864602e-01
1.134840626478192671e-01
1.150546730414036406e-01
1.165211013406515089e-01
1.173785326182840150e-01
1.196492397844790279e-01
1.173140050895516567e-01
1.158801316380497909e-01
1.175045202091335866e-01
1.151879315413536498e-01
1.167254572033882415e-01
1.191020422376691812e-01
1.181202092193062159e-01
1.173258486308155352e-01
1.171777164526281168e-01
1.172369829140599840e-01
1.166392864629625936e-01
1.159612937718633996e-01
1.161511542767287852e-01
1.172298209868375685e-01
1.180139949768778812e-01
1.193552942387758470e-01
1.206398410856726472e-01
1.211350170008841654e-01
1.208152493387463777e-01
1.196267013251785666e-01
1.191870845809580581e-01
1.210090106949210792e-01
1.204695470072325442e-01
1.205031856849785726e-01
1.216301028005778023e-01
1.209322114884852639e-01
1.205590463556351355e-01
1.209283569931988017e-01
1.216570389389990264e-01
1.213150390319522598e-01
1.220149786770347022e-01
1.226047155261036498e-01
1.214446872107682179e-01
1.225364971876148068e-01
1.236702452063559443e-01
1.235738410949702853e-01
1.224949074476953531e-01
1.235848363861443422e-01
1.248023232698440288e-01
1.244125832095746148e-01
1.236138498708602013e-01
1.243542534112930670e-01
1.254354425191882005e-01
1.249066858768465571e-01
1.240609317541120221e-01
1.243189969658850536e-01
1.253812936902048425e-01
1.254125337302682552e-01
1.251431295990944603e-01
1.255815985336896645e-01
1.267664040267463543e-01
1.265806085318326446e-01
1.261670131683344798e-01
1.260550096347924642e-01
1.265047291025523379e-01
1.278746585369107958e-01
1.285210644111033917e-01
1.283013263344762456e-01
1.285842606723307247e-01
1.292144511446359223e-01
1.296539306968450267e-01
1.296991611003873723e-01
1.300487736999983990e-01
1.306686547279360955e-01
1.310797278285026068e-01
1.309678901657462258e-01
1.318054931819436504e-01
1.326396701782938392e-01
1.329593772813675856e-01
1.328600985944273227e-01
1.335316391497847754e-01
1.343549321293829590e-01
1.347231917455792294e-01
1.351111105203625096e-01
1.358314282417297236e-01
1.366096686363217072e-01
1.370582291498776972e-01
1.377469380944968125e-01
1.382658540904524169e-01
1.385672435104851608e-01
1.393442444503311950e-01
1.400234476447102527e-01
1.404126077771183090e-01
1.406202182382349508e-01
1.412870999589562471e-01
1.415026478022334278e-01
1.412715243011708477e-01
1.413217301040885221e-01
1.414861915200949227e-01
1.414559843212364332e-01
1.412207450240845763e-01
1.414148100838065469e-01
1.415361415147780855e-01
1.415585930943492332e-01
1.416434379816057243e-01
1.417881244942546526e-01
1.417948532879357293e-01
1.418250371545554112e-01
1.422926367819307703e-01
1.424727709740401249e-01
1.426413465231656519e-01
1.430258984506126430e-01
1.430761579930777960e-01
1.431873749196525547e-01
1.433463803693648397e-01
1.434037707775833448e-01
1.439015372127296077e-01
1.442354236215355467e-01
1.442156455054875164e-01
1.443084833636875675e-01
1.445970904886725028e-01
1.449366516232491187e-01
1.452193467617038380e-01
1.455264467060570222e-01
1.458445745185013576e-01
1.461178711876272296e-01
1.463447837233540494e-01
1.466002977013590447e-01
1.468711471617223652e-01
1.471742946416139119e-01
1.474121553435924492e-01
1.478124596565964233e-01
1.481873385429381407e-01
1.483014967799189954e-01
1.485406728729605774e-01
1.488694644272325340e-01
1.492296982079742984e-01
1.496157824456690877e-01
1.499162767469884305e-01
1.502420695498589420e-01
1.506406239151951987e-01
1.510418161153791183e-01
1.513129173889759538e-01
1.514975839734075680e-01
1.517592529267068335e-01
1.520640137180682971e-01
1.523628279119733364e-01
1.526858904615045198e-01
1.532849589943889035e-01
1.536005468666552520e-01
1.538092602789405405e-01
1.542481375053525450e-01
1.545330302879212858e-01
1.547708884671327167e-01
1.550369443744417652e-01
1.553114045441149893e-01
1.555258851110936646e-01
1.557731820166109726e-01
1.560941237434743945e-01
1.565055973336097195e-01
1.567944409847262244e-01
1.569496520280833918e-01
1.571353385686870274e-01
1.574997163057332006e-01
1.578686542987818575e-01
1.581312748670577750e-01
1.583040915429591855e-01
1.585220317989584071e-01
1.589143419712783223e-01
1.594348245114091123e-01
1.595679173111914373e-01
1.597845953553918563e-01
1.602301588654518882e-01
1.607175995886324371e-01
1.610937269300226626e-01
1.615265596613291998e-01
1.620322518527509414e-01
1.623052857771515312e-01
1.626611377775671607e-01
1.631041480526329024e-01
1.635275093331932106e-01
1.639665779992943162e-01
1.644986899197104779e-01
1.650627955257890633e-01
1.655256786644461742e-01
1.660613205581898677e-01
1.665653134390711054e-01
1.669775531262158164e-01
1.674100511625407905e-01
1.678872950911521889e-01
1.684065031588077299e-01
1.688599815845489016e-01
1.693133041292424479e-01
1.698835530847307151e-01
1.705231123551722017e-01
1.709270460799341418e-01
1.714011906370525584e-01
1.719945282682780185e-01
1.726241227969528558e-01
1.731151852712035089e-01
1.735552607595923780e-01
1.740362066030506083e-01
1.745046793252232054e-01
1.749524717599150181e-01
1.754562825322155684e-01
1.760386961102485825e-01
1.764506869733338257e-01
1.768275608882305672e-01
1.772652271091935683e-01
1.777630951330068099e-01
1.782785874903197731e-01
1.788596422493462790e-01
1.795111659169199014e-01
1.799253571510315008e-01
1.804596026301380496e-01
1.810458839803931463e-01
1.815484550297263022e-01
1.819857369363308552e-01
1.823850970566269492e-01
1.827422767624258815e-01
1.829672164082531971e-01
1.831985874295236350e-01
1.834118814468382042e-01
1.836211580157281753e-01
1.838776080429552762e-01
1.841199496179815043e-01
1.844074658721681637e-01
1.847508792907003872e-01
1.851253012597564584e-01
1.854817444741728161e-01
1.858091519773006350e-01
1.860987617522479876e-01
1.862942284047599262e-01
1.864387230277058938e-01
1.866312480628487258e-01
1.867065760672096675e-01
1.867570951819416680e-01
1.868690715625880572e-01
1.870422045364973362e-01
1.873769144937396935e-01
1.878283370003108466e-01
1.883193040475249491e-01
1.888041679948565255e-01
1.892587528824801746e-01
1.896575527772308978e-01
1.899927699118854341e-01
1.902477515101430039e-01
1.904071574985979620e-01
1.904904517829421606e-01
1.906186445832251664e-01
1.908911097049714456e-01
1.912481417819859586e-01
1.916170911639932806e-01
1.919254676491023992e-01
1.922639163091783843e-01
1.926186054214832633e-01
1.928353615209464078e-01
1.929581328377126814e-01
1.930826626747850217e-01
1.932633026093242279e-01
1.933506523028015456e-01
1.934108853176234322e-01
1.934768815502525274e-01
1.935527786955242024e-01
1.935422571286554150e-01
1.934847431704401766e-01
1.934334505319593445e-01
1.934041044831275313e-01
1.934169736400246087e-01
1.934198404714468633e-01
1.934598135590553103e-01
1.935296667143699134e-01
1.935861905813219264e-01
1.936231195077297851e-01
1.936727866232397788e-01
1.937875780999664954e-01
1.939329441860313807e-01
1.940542968645688759e-01
1.941201453223823370e-01
1.941999732777473509e-01
1.943038589730858579e-01
1.944058088183399369e-01
1.945805377602572994e-01
1.946994225993753380e-01
1.947314454019069829e-01
1.948769740402698514e-01
1.950640421792865786e-01
1.952442831218239860e-01
1.953807827189566193e-01
1.954632706210018001e-01
1.956453275442120165e-01
1.958964518308637659e-01
1.961078354626895892e-01
1.963085930138826207e-01
1.965429875046010300e-01
1.968367601603265571e-01
1.970247528538108250e-01
1.973323638245460254e-01
1.977321605354550593e-01
1.980845708847048525e-01
1.982826194763184779e-01
1.985902910232547613e-01
1.990843560576443239e-01
1.994704256460071712e-01
1.998315311998130894e-01
2.002608412742619137e-01
2.008437224388124331e-01
2.012606400504706738e-01
2.017215771913528632e-01
2.023081054687499991e-01
2.028495648801329487e-01
2.034852676570416685e-01
2.041779799386862770e-01
2.048290242254734161e-01
2.054673939943311434e-01
2.061899598315357907e-01
2.069480498135085333e-01
2.076814374625683968e-01
2.084312765538690604e-01
2.092453820735218351e-01
2.101018339186903616e-01
2.109609300479292626e-01
2.118955867499110468e-01
2.129070307105781767e-01
2.139568609043952241e-01
2.150217349514364495e-01
2.161271992966535826e-01
2.172593638926742232e-01
2.183949011519552286e-01
2.196536885440351916e-01
2.209162184089425718e-01
2.221243270978327522e-01
2.233629515409467359e-01
2.247097413420681977e-01
2.261432528257368291e-01
2.275840281009674226e-01
2.290623502254487964e-01
2.305524186849598756e-01
2.320733767509460532e-01
2.336563803195948752e-01
2.352098405241968004e-01
2.368089694142345436e-01
2.384875561952595757e-01
2.401965443849565507e-01
2.418926914930345229e-01
2.436027300477029423e-01
2.453647394776345414e-01
2.472084106117489744e-01
2.490654653877022728e-01
2.509171642422681203e-01
2.527125519454483382e-01
2.546595033466812485e-01
2.565959796309472130e-01
2.584246569007633831e-01
2.602787526041266397e-01
2.622009069770572243e-01
2.641728033602239178e-01
2.661329818159342553e-01
2.680356416702272537e-01
2.699643226861956902e-01
2.719454141557214877e-01
2.738520182669165193e-01
2.757902580499649869e-01
2.777112742960449188e-01
2.795831649899480076e-01
2.814829625487329512e-01
2.833867552578453464e-01
2.853291634261609366e-01
2.872360678017140678e-01
2.891920934021472989e-01
2.911226684153083166e-01
2.930182932615285063e-01
2.949008376896381511e-01
2.967215312719343467e-01
2.985157088935375680e-01
3.003371127247805861e-01
3.022510264813901837e-01
3.040967267453673628e-01
3.058943964242933355e-01
3.077245895862580904e-01
3.095524008303883745e-01
3.113974713623526847e-01
3.131975639909502784e-01
3.149430025488139107e-01
3.166726396590466286e-01
3.184439405113460020e-01
3.202215141057966896e-01
3.219485804080960412e-01
3.236663485437626386e-01
3.253547361820939843e-01
3.270808815866704244e-01
3.288109338283542460e-01
3.304759053289892945e-01
3.321496661603450806e-01
3.338887107074265392e-01
3.355111560523514891e-01
3.371849848628045154e-01
3.388919737488029216e-01
3.404588389992712627e-01
3.419890111684795730e-01
3.435553172528745258e-01
3.452003187298776643e-01
3.468809535980220682e-01
3.484514221936468870e-01
3.499520270854231674e-01
3.515103338927029197e-01
3.530337236434216153e-01
3.545371396541594500e-01
3.560447279572482859e-01
3.575731777220964025e-01
3.590899591922763201e-01
3.605954724550249346e-01
3.620210100412369347e-01
3.634713125705723025e-01
3.649217334508897403e-01
3.663266126632692132e-01
3.677426874607803153e-01
3.690919006884101350e-01
3.704384217023846682e-01
3.718136399388314306e-01
3.731953964084384623e-01
3.745755848854780967e-01
3.758661019384865187e-01
3.770873018860818049e-01
3.784780521243810147e-01
3.798316438972947351e-01
3.811171907097102851e-01
3.823661115825172652e-01
3.836246179193262829e-01
3.848166472882036948e-01
3.859718732088801563e-01
3.871763873487711338e-01
3.884318898677825982e-01
3.896411114454272351e-01
3.908485281705858516e-01
3.920730762004849268e-01
3.932414666891097532e-01
3.943328402757649287e-01
3.953792996644977520e-01
3.965155874490741694e-01
3.976164882898330921e-01
3.986962930679321948e-01
3.997929628610611963e-01
4.008408720493317756e-01
4.018493111848833732e-01
4.028475425481798378e-01
4.038650947093963550e-01
4.049344254255298203e-01
4.059402904272081947e-01
4.068590195178984348e-01
4.077862107038494610e-01
4.086909743785861471e-01
4.096123959541317916e-01
4.106042859137055134e-01
4.115065663278103525e-01
4.123455817699435699e-01
4.132065017223356396e-01
4.140515500009061545e-01
4.148630686104295417e-01
4.157404628098014809e-01
4.165979108512404827e-01
4.172368991702791741e-01
4.179670503318312358e-01
4.187585430681707854e-01
4.196015532583000085e-01
4.205135724842546940e-01
4.212989302575589901e-01
4.219691685140128934e-01
4.225577873289588782e-01
4.232079314589501373e-01
4.239082073271275286e-01
4.246480173259976065e-01
4.252941721826792865e-01
4.258945705622437794e-01
4.266083915710453534e-01
4.273271602749825204e-01
4.280055550336842041e-01
4.285423745870592382e-01
4.292008724480869120e-01
4.299066291511060012e-01
4.305520556598903537e-01
4.311138546913857450e-01
4.316773706763986640e-01
4.323000340759758919e-01
4.328464059233660954e-01
4.334901150017980709e-01
4.340346765071153023e-01
4.344968076497313647e-01
4.350675390243529672e-01
4.356246514320372132e-01
4.361651900231842127e-01
4.365554507970813569e-01
4.369487322568891274e-01
4.375588435828685063e-01
4.381376000881195276e-01
4.385192221939559487e-01
4.389052573144439084e-01
4.393080855846407951e-01
4.397008735060688456e-01
4.400614079177382343e-01
4.405543327689169231e-01
4.410807371467352911e-01
4.415049623519177735e-01
4.419289209723477052e-01
4.423362328559162782e-01
4.427446703195574984e-01
4.431879415243868414e-01
4.436924087405200723e-01
4.441366278022531033e-01
4.445212207406754046e-01
4.448784739315504999e-01
4.452872668415307489e-01
4.456870254904027884e-01
4.460426199316981921e-01
4.464087648987767887e-01
4.467577298283574305e-01
4.470769231319430270e-01
4.474290681242939494e-01
4.477832824230197906e-01
4.482002456247806133e-01
4.485773315727714650e-01
4.489186287224293803e-01
4.492742650926115355e-01
4.495657718181606533e-01
4.499152107238774123e-01
4.502807055711746664e-01
4.505866459250447709e-01
4.508111695289612197e-01
4.510909354180099862e-01
4.514332302421332210e-01
4.517635879933834531e-01
4.519875652015211687e-01
4.522259864628317971e-01
4.525192298054692142e-01
4.529225023388860905e-01
4.532870647370811912e-01
4.534940025448798151e-01
4.536857169330123507e-01
4.541229012340310400e-01
4.543654741585251844e-01
4.546165464639662090e-01
4.548753813743591223e-01
4.550028000354764401e-01
4.552760261535649944e-01
4.555672992914910902e-01
4.558921649307010604e-01
4.562271863222122636e-01
4.563885532319546523e-01
4.566038966327909399e-01
4.569689115434883431e-01
4.572591351121660930e-01
4.575368475675584690e-01
4.577882585525511194e-01
4.579559744298454249e-01
4.583187617838380135e-01
4.585645476996900172e-01
4.587036399453877644e-01
4.589389217823739431e-01
4.592637516260150710e-01
4.596659504175183986e-01
4.599417009115219224e-01
4.599897411704060857e-01
4.603465933233495400e-01
4.606681909173725997e-01
4.608115276694300655e-01
4.609443280011412680e-01
4.615556475579736806e-01
4.619289505630729820e-01
4.621228976488115925e-01
4.623644362062219182e-01
4.626887172460557029e-01
4.628020907342432211e-01
4.629701829850670913e-01
4.633865960240368675e-01
4.635947581529621941e-01
4.637777656316756092e-01
4.639033381283280688e-01
4.640823620200159039e-01
4.643409849643704290e-01
4.647181779474017782e-01
4.649996153414253097e-01
4.651122968256474199e-01
4.654187679737803451e-01
4.657613989889617945e-01
4.658397552311420164e-01
4.657115606069564540e-01
4.662578095674518308e-01
4.664574084997176739e-01
4.666399057149883123e-01
4.669783303499223659e-01
4.669711701154709016e-01
4.672591476440425273e-01
4.675392548322680475e-01
4.676117730438706932e-01
4.679007866173986452e-01
4.681446538388725487e-01
4.681737060785292615e-01
4.681682033121585818e-01
4.686678012460470111e-01
4.687309594631190457e-01
4.688664144575598880e-01
4.692381687521935962e-01
4.695470025897021671e-01
4.696392681777480926e-01
4.697717058300968085e-01
4.699662443250422483e-01
4.701525316387412667e-01
4.703434924036262177e-01
4.705149311572310311e-01
4.706173034012317014e-01
4.706415580213069716e-01
4.708439066261050354e-01
4.711135765910149931e-01
4.712646355479957472e-01
4.712022538483141565e-01
4.712970539182427809e-01
4.713784547895196742e-01
4.716528277844191375e-01
4.721523405432703213e-01
4.720310796618459315e-01
4.719420835077761667e-01
4.720620901107784317e-01
4.721985392153261740e-01
4.721748158276081186e-01
4.722730764865871733e-01
4.723895521819587162e-01
4.725114391624931631e-01
4.727847059547899411e-01
4.727075659543278907e-01
4.728680254340174582e-01
4.733766054064030837e-01
4.733878116607664888e-01
4.730891571044925081e-01
4.731764888763428933e-01
4.736074714660647444e-01
4.736783657073970755e-01
4.736588830947876527e-01
4.735101846694946826e-01
4.734073717772965262e-01
4.734420467406508792e-01
4.737778893470759867e-01
4.738805736422536108e-01
4.741203772366050506e-01
4.747739715903993019e-01
4.748235943734642195e-01
4.741073002874849895e-01
4.740553131073711457e-01
4.749790027022358641e-01
4.740500065684321584e-01
4.742518466115001052e-01
4.746296391606331100e-01
4.747616980075839987e-01
4.747588613033290605e-01
4.748210915029049684e-01
4.748616622835395984e-01
4.747752705574034837e-01
4.746105810284613757e-01
4.746667775630946107e-01
4.746656548142435539e-01
4.747685636103152196e-01
4.751026995778088735e-01
4.754687047392134880e-01
4.754975092053418395e-01
4.754569466084239693e-01
4.753506802856925506e-01
4.751613093853001013e-01
4.752654190659524880e-01
4.756642983913421108e-01
4.757760484457018713e-01
4.758341537475582750e-01
4.758989646434784726e-01
4.756666025161740419e-01
4.757440860986707487e-01
4.762148660659790700e-01
4.764149409055711826e-01
4.767399702072147027e-01
4.766914063453672190e-01
4.763633934974667583e-01
4.761968314647676004e-01
4.762419345885516853e-01
4.764984050691125628e-01
4.765501230657098186e-01
4.767892606854434723e-01
4.768914782106873917e-01
4.767645406425000121e-01
4.767778605222704469e-01
4.769304137080906947e-01
4.769659396469598245e-01
4.767925624340768609e-01
4.768400780081747392e-01
4.769473055094481384e-01
4.770531450480218760e-01
4.774467653632163966e-01
4.777151441931721254e-01
4.778012171387668316e-01
4.776213544607159078e-01
4.777485873699193197e-01
4.778798959851262573e-01
4.779076875746249842e-01
4.780399117469790182e-01
4.781360512644050598e-01
4.781079376369713474e-01
4.781831534028057606e-01
4.785961166024207403e-01
4.787044367551802071e-01
4.786575118035076848e-01
4.784139686465265773e-01
4.783215362370011325e-01
4.781469729542731084e-01
4.782505576729773056e-01
4.785711447000499663e-01
4.787985409140587123e-01
4.791983814716341272e-01
4.793132754683491203e-01
4.792230965256688568e-01
4.792585007667540253e-01
4.791672588109968656e-01
4.792163936376568900e-01
4.795282403349879208e-01
4.796261261224747385e-01
4.796105647921566351e-01
4.796503687262532734e-01
4.798096435189243003e-01
4.796153778791429345e-01
4.795397267818455322e-01
4.794336026430128239e-01
4.794604437232021787e-01
4.794491344451903281e-01
4.795245788455012592e-01
4.798948657840494958e-01
4.800085015386338916e-01
4.799486419558530170e-01
4.800440865397457846e-01
4.802883975058794830e-01
4.803364539444450743e-01
4.801081258058544909e-01
4.801950299203395223e-01
4.802312423825260690e-01
4.802328669220212176e-01
4.802564965873958314e-01
4.804806830376381899e-01
4.806633630752565889e-01
4.806642788171770486e-01
4.807770923137660857e-01
4.810796416282652199e-01
4.812231767892837797e-01
4.812246537923809409e-01
4.813367583274844597e-01
4.816191317796710836e-01
4.816903528690334446e-01
4.816011418819432510e-01
4.816956099122766122e-01
4.816936009854075884e-01
4.816988596469161110e-01
4.817573844134804828e-01
4.819679672181608199e-01
4.820222968727352897e-01
4.819397536128763870e-01
4.819996669024231295e-01
4.821298926323654976e-01
4.821521680861710624e-01
4.821354467242959796e-01
4.822214886724944249e-01
4.822025792181488524e-01
4.822229364275927854e-01
4.823242792844769644e-01
4.823988238990302713e-01
4.824490225911139407e-01
4.824897665560248239e-01
4.826241714119907655e-01
4.825499518036837632e-01
4.825810046732426639e-01
4.825899368852377136e-01
4.826246441483501570e-01
4.825763954937453137e-01
4.826017459809779364e-01
4.826143030405046219e-01
4.825995004832748236e-01
4.826118507206442754e-01
4.826523287713528898e-01
4.826541015326976103e-01
4.827030888378621154e-01
4.829463876038787573e-01
4.830265835970635746e-01
4.829666286706926770e-01
4.830327888876201348e-01
4.832213115245100887e-01
4.832599616199727555e-01
4.833150705099111266e-01
4.834402105361219615e-01
4.834280300438399958e-01
4.832802112936975814e-01
4.833473398566250356e-01
4.835538370072839931e-01
4.836478229045862998e-01
4.838385424792766565e-01
4.838478494763372995e-01
4.836784621298308440e-01
4.835807534337039915e-01
4.833608128428455442e-01
4.833007162332536577e-01
4.834098592400551397e-01
4.833950566828253415e-01
4.833794563829898472e-01
4.833747881114485168e-01
4.833252689778805289e-01
4.832199127167461916e-01
4.831273543655867364e-01
4.829835388362405668e-01
4.829937016427521268e-01
4.830945320457222247e-01
4.830258149296045023e-01
4.829617656141514948e-01
4.829143194884063517e-01
4.826438824802638528e-01
4.825535694003108000e-01
4.827228805750612417e-01
4.826981235057118402e-01
4.826158165901903718e-01
4.825308508008722685e-01
4.823078894615177026e-01
4.821809725522994139e-01
4.822691289901733791e-01
4.822597343027594796e-01
4.822400881797076488e-01
4.822840777695177605e-01
4.823319079548122335e-01
4.823395300596953761e-01
4.822540658712389794e-01
4.822395321607589325e-01
4.822486009597778400e-01
4.821696994543070436e-01
4.820625414490695149e-01
4.820742085963491408e-01
4.820928760319951878e-01
4.821239785790444321e-01
4.820723502933981774e-01
4.821135503649716103e-01
4.821151747405529875e-01
4.821131368875502532e-01
4.820796156823634049e-01
4.821022683382029661e-01
4.821927017569546114e-01
4.822538373470305340e-01
4.823305374085903874e-01
4.823502957224842791e-01
4.823353514671324116e-01
4.823797707557676007e-01
4.824043431282045713e-01
4.824834649860854641e-01
4.826306288570169634e-01
4.827112783491607217e-01
4.827105991333728308e-01
4.827494030267000524e-01
4.827363547444341041e-01
4.828064545512202876e-01
4.829181299805641592e-01
4.829656998157506043e-01
4.831409493327135651e-01
4.834102459788319761e-01
4.836185021370653647e-01
4.838222552716732183e-01
4.838919937014581896e-01
4.838722413688894552e-01
4.839882752507924657e-01
4.841580449253318208e-01
4.843348120629783482e-01
4.846046720325947743e-01
4.847760065406563901e-01
4.848713487625118668e-01
4.849894670069222480e-01
4.850148856043812184e-01
4.851361036777493974e-01
4.852071842998266216e-01
4.853630751967425994e-01
4.855947123616937144e-01
4.858071030080317043e-01
4.859552303552631680e-01
4.860999334752558743e-01
4.861046062946318691e-01
4.862253276348115771e-01
4.864131983757014610e-01
4.864817350387576345e-01
4.866021612167353849e-01
4.868451387405395847e-01
4.870867603421214498e-01
4.873019257932905135e-01
4.874629530310635728e-01
4.876143865287300150e-01
4.877735540568830519e-01
4.879293268769982483e-01
4.880031781196595975e-01
4.880526768207550381e-01
4.881958304882046407e-01
4.883764107227323015e-01
4.884870319426058427e-01
4.885891772657633414e-01
4.886516272813078432e-01
4.886267474889757767e-01
4.887275250256064574e-01
4.889863890230660148e-01
4.891889690935611323e-01
4.893288335978986936e-01
4.894354433983569286e-01
4.894165769219396833e-01
4.894481170177463758e-01
4.895402294397354082e-01
4.896610495448116551e-01
4.897614821791645423e-01
4.898608159750701407e-01
4.900231617331501366e-01
4.901726449161770138e-01
4.902502923876044805e-01
4.903471452176570988e-01
4.904067540526385049e-01
4.904403231620791948e-01
4.905476086199286323e-01
4.907384038746353538e-01
4.907824153959753355e-01
4.907983739972119341e-01
4.909921485841271527e-01
4.911010859489440272e-01
4.911207908391952426e-01
4.912523829281334464e-01
4.913174562633039755e-01
4.914139453291893611e-01
4.916087818562988043e-01
4.917004331946370765e-01
4.917203150749210883e-01
4.917879098653793468e-01
4.919786563485858966e-01
4.920857244998221303e-01
4.921960666358471403e-01
4.922844052344559906e-01
4.923014323472975073e-01
4.923319041311745026e-01
4.923873610079293472e-01
4.924566821038726672e-01
4.924777144193649425e-01
4.924905482947829483e-01
4.926612084388733992e-01
4.928680298924441594e-01
4.929818833589556526e-01
4.931527780830858299e-01
4.933034403741363705e-01
4.934202419936658535e-01
4.933812491297718816e-01
4.934644555360078733e-01
4.935967127233739649e-01
4.936554355919364201e-01
4.937456415116783792e-01
4.938100953817363137e-01
4.938635168731216885e-01
4.938867724657054481e-01
4.939219380378727098e-01
4.940158407360319415e-01
4.941144341439005494e-01
4.941798975706104269e-01
4.942460766434667030e-01
4.942612123489378839e-01
4.943305474519728016e-01
4.944333273679022422e-01
4.944745785444979447e-01
4.945402789056305148e-01
4.945510206401350639e-01
4.944333632349968144e-01
4.943330578625200200e-01
4.944875735819337925e-01
4.945282092094421267e-01
4.943880059659480075e-01
4.943976263105864799e-01
4.943069117724898653e-01
4.940937296569347104e-01
4.941543437302109432e-01
4.941790336340661782e-01
4.941084227144721397e-01
4.941064162194725995e-01
4.939661398530008629e-01
4.937354457378383410e-01
4.935523750156164957e-01
4.934717184096574782e-01
4.934020952969789264e-01
4.933533726036551381e-01
4.932566770493985175e-01
4.930939347147942353e-01
4.929541420876983326e-01
4.927411640822892402e-01
4.926090311497449692e-01
4.924661261379721933e-01
4.923093878030772030e-01
4.921685179710389990e-01
4.919454445749524285e-01
4.916882296800614838e-01
4.915853012800218691e-01
4.915588466167449821e-01
4.914355979681016562e-01
4.911720835685731701e-01
4.909612130641939354e-01
4.907318925857542258e-01
4.904747450351710225e-01
4.902429805219174486e-01
4.900998800516130349e-01
4.897907350778582525e-01
4.894870568871497185e-01
4.893195194482805599e-01
4.890868007183071242e-01
4.888065788894890851e-01
4.885693146765237027e-01
4.883981684446339067e-01
4.882134729921821514e-01
4.880117200613023343e-01
4.877896002531049713e-01
4.876044740080836548e-01
4.874593562603000141e-01
4.872755393028260773e-01
4.870721254944803125e-01
4.869171072036026504e-01
4.867251717329029725e-01
4.864473020285371985e-01
4.863310839235781002e-01
4.862261531114581148e-01
4.859887327909471200e-01
4.857217539221049818e-01
4.854984364598985969e-01
4.852023979723457114e-01
4.849086274147036413e-01
4.845762431412939386e-01
4.842804108291868803e-01
4.839105615317818576e-01
4.834826817750927930e-01
4.831113516807555852e-01
4.827742207199335334e-01
4.823048115223642074e-01
4.818879470944405496e-01
4.813582394421105359e-01
4.809626192212109741e-01
4.805337185859678284e-01
4.801688481330867453e-01
4.798532990455627312e-01
4.794717109680178280e-01
4.790129447937010454e-01
4.785885389328007333e-01
4.782027368545533896e-01
4.777776532173153567e-01
4.772181068807842541e-01
4.766087886452678446e-01
4.758951034098861110e-01
4.751757607877249434e-01
4.743945994287726564e-01
4.735131667822601864e-01
4.725735101968048246e-01
4.715888891726732757e-01
4.705592153131962219e-01
4.695052456855768885e-01
4.683857654571529916e-01
4.672359621047971756e-01
4.660570524841545215e-01
4.648735942631960771e-01
4.637943473249668824e-01
4.626619337707761348e-01
4.614959816306832829e-01
4.605192652344708426e-01
4.594734511375424546e-01
4.583223541378972921e-01
4.572590911388402235e-01
4.563284044265750183e-01
4.553234125077720296e-01
4.542833754122255763e-01
4.534160967797036812e-01
4.524325807571411562e-01
4.514600970864292573e-01
4.504825546026232641e-01
4.495931748867035282e-01
4.486003496110442246e-01
4.475615596562623755e-01
4.466220419883726311e-01
4.455785176634792233e-01
4.445109179019929857e-01
4.433964840620752135e-01
4.422388014793396938e-01
4.409293103933335511e-01
4.394981927394867038e-01
4.380042150288820935e-01
4.364125526666637334e-01
4.348916012287144528e-01
4.333970749616622431e-01
4.319440699219700974e-01
4.307274553179746279e-01
4.296540117412805948e-01
4.286844593137498771e-01
4.278715699553490293e-01
4.273573268294338923e-01
4.270200022101399151e-01
4.269294494211676727e-01
4.271348223209381345e-01
4.275548563420775716e-01
4.281318465650080229e-01
4.288138084352018931e-01
4.296058725893497354e-01
4.304275411069397594e-01
4.312531333267693445e-01
4.321222448647025205e-01
4.330916498452420660e-01
4.339198300987477386e-01
4.346617243736981551e-01
4.354124949574466052e-01
4.359730884134774276e-01
4.364340371936563656e-01
4.369975795894857074e-01
4.375023791044950205e-01
4.378043505400419089e-01
4.381513053178784367e-01
4.384330460071563795e-01
4.387087702512745824e-01
4.388961648225784828e-01
4.391239049673083539e-01
4.393494180589915254e-01
4.394909966588017580e-01
4.395086313188075189e-01
4.396087773144248256e-01
4.397112824618813476e-01
4.398182699978352983e-01
4.398390895128254097e-01
4.398155274838210782e-01
4.398187123388054842e-01
4.396688203275200268e-01
4.394934056282043811e-01
4.394350814938544625e-01
4.392663012385369381e-01
4.388041826546191793e-01
4.385640695393089317e-01
4.384246423631903977e-01
4.381416814088822664e-01
4.380771192073824039e-01
4.380400622725482140e-01
4.378951144337649426e-01
4.380585965216163835e-01
4.383881547152995162e-01
4.386288217008116885e-01
4.390610062479968212e-01
4.395100502073764903e-01
4.399913982152934278e-01
4.407641900479788988e-01
4.416066301167015373e-01
4.424069511294368984e-01
4.432812236547465923e-01
4.440585399270061684e-01
4.448175198942423969e-01
4.456733727365735920e-01
4.465296676516532504e-01
4.473191506385806315e-01
4.480664598852391878e-01
4.487179867029187919e-01
4.493618214547635548e-01
4.499043371200560637e-01
4.504099877357487514e-01
4.509037919998167276e-01
4.513185027122495474e-01
4.517070453643798889e-01
4.520584576606747618e-01
4.523625523328779763e-01
4.526325998395685501e-01
4.528141443818809453e-01
4.529231005787847653e-01
4.530697508454319400e-01
4.532387405216690146e-01
4.533038725733755103e-01
4.533344345360992289e-01
4.533958826482300530e-01
4.534266509115692512e-01
4.534458575844766415e-01
4.533922729492187442e-01
4.533549877107147519e-01
4.533052052855494063e-01
4.531818545162675793e-01
4.530519898831843473e-01
4.528826656579968968e-01
4.526234636694188573e-01
4.524985633820291508e-01
4.524594546794891703e-01
4.524013957917688566e-01
4.523511173844339539e-01
4.523909923464056737e-01
4.524447778642179396e-01
4.526756577253341352e-01
4.529831635296341918e-01
4.532868380367755523e-01
4.536306232780222270e-01
4.540097448676826408e-01
4.544639893531795538e-01
4.550289583265786364e-01
4.556224851995703262e-01
4.562160415440802974e-01
4.568848681420089042e-01
4.575701693177223750e-01
4.581692957788702225e-01
4.589060247510671764e-01
4.596631480127574276e-01
4.602319482833142628e-01
4.609769746959209158e-01
4.616707159280774575e-01
4.622820080816744670e-01
4.629675068110227221e-01
4.636192243516449318e-01
4.641954500734803979e-01
4.648119730830193586e-01
4.653138483881950060e-01
4.658828506946564585e-01
4.665160909175876669e-01
4.670955882668499926e-01
4.675745867371561282e-01
4.679922551155086263e-01
4.683975049644705790e-01
4.688521690547466370e-01
4.692509620308876750e-01
4.695718007981778963e-01
4.699144867926836056e-01
4.702620375543831721e-01
4.705172670245172384e-01
4.709571449279789657e-01
4.714630295753475253e-01
4.718628140568733587e-01
4.721856545448306908e-01
4.724825522303580660e-01
4.727729347348214040e-01
4.730607819199558750e-01
4.734256025791167555e-01
4.738566363453869390e-01
4.741946003079413052e-01
4.744697414159770310e-01
4.748159599065784886e-01
4.751278631448741518e-01
4.754301008701323772e-01
4.756474856853485922e-01
4.758773448109629434e-01
4.761837057232859993e-01
4.766219622015951396e-01
4.770784965634345953e-01
4.774905743956563420e-01
4.778841974616053201e-01
4.783381407648328865e-01
4.787243443131445897e-01
4.791798339396719508e-01
4.796686103671791157e-01
4.799893901675940655e-01
4.802956346333027704e-01
4.807148006647827820e-01
4.811387724965812129e-01
4.816204139322040056e-01
4.821448358356951180e-01
4.825900154590611058e-01
4.829684266090392142e-01
4.832869629502294928e-01
4.837179967164997318e-01
4.841069618701936417e-01
4.844692629128699024e-01
4.849477413207295973e-01
4.853165635138744771e-01
4.856622458875179404e-01
4.859253383278842042e-01
4.862485556602478276e-01
4.866719568073747948e-01
4.870326067507266821e-01
4.873388172984125521e-01
4.877166213989255206e-01
4.881023541390895892e-01
4.884021687209609275e-01
4.886821174919604993e-01
4.889197288513186246e-01
4.892269694119686929e-01
4.894624583244318594e-01
4.897097582817077632e-01
4.900699816703794065e-01
4.903297489851711211e-01
4.905173856467008320e-01
4.907902661621574847e-01
4.909976577162745159e-01
4.912370411455633246e-01
4.915504345655444252e-01
4.919447266519065276e-01
4.923011125534776933e-01
4.925391647815706708e-01
4.926576457828286126e-01
4.928752979278567814e-01
4.930981979370115398e-01
4.934346178382638115e-01
4.937194895178077525e-01
4.939381571412088667e-01
4.940680432498453234e-01
4.941247160673145622e-01
4.942542143344883510e-01
4.946343632340430840e-01
4.950010727345944828e-01
4.951982388496399268e-01
4.954396390616897516e-01
4.955610213279723064e-01
4.955363067150114209e-01
4.957144499659542625e-01
4.958272992074490571e-01
4.960723229765894304e-01
4.962879438161852397e-01
4.963246250152587580e-01
4.964910174965854184e-01
4.966233871519568632e-01
4.967797829985614033e-01
4.970444548666476114e-01
4.972394193291661546e-01
4.973010826110842997e-01
4.972927590370174733e-01
4.974683679044243356e-01
4.975918172001841944e-01
4.976368577241893632e-01
4.976597669363019838e-01
4.978008829593654205e-01
4.977981078743934917e-01
4.978640083909030567e-01
4.979993517279628357e-01
4.979815185308461012e-01
4.979892636299131370e-01
4.980911453604699446e-01
4.981373910963535212e-01
4.981296573281291384e-01
4.980672091782090694e-01
4.980141605794430881e-01
4.980341011047362265e-01
4.980293156146999856e-01
4.980824559211727287e-01
4.981479823887345892e-01
4.981497198104862800e-01
4.979115197777747581e-01
4.979077863693236461e-01
4.980222592055797981e-01
4.979542804479596962e-01
4.977621097862722777e-01
4.976072730123994869e-01
4.971515682935713776e-01
4.968891683101653856e-01
4.969943521499632366e-01
4.968725634455679607e-01
4.966727801203727477e-01
4.964654470503329087e-01
4.961318470180031137e-01
4.957565032482146861e-01
4.954137499094013464e-01
4.950041547298427713e-01
4.945099283158776449e-01
4.941006049454215732e-01
4.937537914574150477e-01
4.933725092530253931e-01
4.931550049662591362e-01
4.927749926269058833e-01
4.924139884859322081e-01
4.920530433952812199e-01
4.915442177116873257e-01
4.911327670812601909e-01
4.907454585880042797e-01
4.902937853038313865e-01
4.897588028907776114e-01
4.892247364044189917e-01
4.886456871986387118e-01
4.879227978229520590e-01
4.871842880219222072e-01
4.864025592207907311e-01
4.855777769744392125e-01
4.848078247904776816e-01
4.840376177638772703e-01
4.832652942329644374e-01
4.824066914170980769e-01
4.816802251338956897e-01
4.811356642842287701e-01
4.804113632440567550e-01
4.797215961754321967e-01
4.788543459028006266e-01
4.776599319338802885e-01
4.767280222624544206e-01
4.758138096332550915e-01
4.749666539877657745e-01
4.742642022728922879e-01
4.734090371847154977e-01
4.725541979223488731e-01
4.717936431676147957e-01
4.708927890896794644e-01
4.700014769434932016e-01
4.691904675185680773e-01
4.684198378354306747e-01
4.676795047521588033e-01
4.671985988616946806e-01
4.666329243183135467e-01
4.659097243726252335e-01
4.653866933673623252e-01
4.649374590396880835e-01
4.644767641067509278e-01
4.641754777908327356e-01
4.638913716316223068e-01
4.634694411277771597e-01
4.633103643804792338e-01
4.634936401396989591e-01
4.635638270944361650e-01
4.638842355519529614e-01
4.639817960083484349e-01
4.637302780210975084e-01
4.637750625252722303e-01
4.640242275297642993e-01
4.642008262097838123e-01
4.645677236676218902e-01
4.647440349161620632e-01
4.647247683405877350e-01
4.649564975202089001e-01
4.654127971977000677e-01
4.655732363224031056e-01
4.657586657166477018e-01
4.659307218074799639e-01
4.659014124751089114e-01
4.659838715404271969e-01
4.662859774768355892e-01
4.664013768196109688e-01
4.664061777621509863e-01
4.664755801320079054e-01
4.665762130200858393e-01
4.666574968278403568e-01
4.668070472538469184e-01
4.669606128334999884e-01
4.670239547818900716e-01
4.671934261500835239e-01
4.674058027803897342e-01
4.675235368013380688e-01
4.677479053735729697e-01
4.682377767562862503e-01
4.685763612985615612e-01
4.687944988042120342e-01
4.691270135253666207e-01
4.693984072476625746e-01
4.696780745685102954e-01
4.700477661907668803e-01
4.705103958964346744e-01
4.710083260059360066e-01
4.715069382399322273e-01
4.722110414713616144e-01
4.726003678679470688e-01
4.727516952902074410e-01
4.730234500020737975e-01
4.730561783611777482e-01
4.732875306844707697e-01
4.737481607884171386e-01
4.740228939056392865e-01
4.743228315949439833e-01
4.746227762222290369e-01
4.747634784579275458e-01
4.749601133078334980e-01
4.751582866430281715e-01
4.754487586617465733e-01
4.757109870225192383e-01
4.759603915750978964e-01
4.762528067827221379e-01
4.763574824094776727e-01
4.764528972983360089e-01
4.766004227697847040e-01
4.766918948650354926e-01
4.767802531719207426e-01
4.768397285938265617e-01
4.766733102500438912e-01
4.765065926849842426e-01
4.764832068979736879e-01
4.763851090282205658e-01
4.764213741302488758e-01
4.765058479160067528e-01
4.766744318008420689e-01
4.768388900279996179e-01
4.771143199324606732e-01
4.772453591823573871e-01
4.772998184412715061e-01
4.772448010474446001e-01
4.768198731541637980e-01
4.766428725868462890e-01
4.765471840649841417e-01
4.764230774641038391e-01
4.765461118280883146e-01
4.764338033586743570e-01
4.768715512633326936e-01
4.766896488219499184e-01
4.762378362119198405e-01
4.760107391595839732e-01
4.759608583509922219e-01
4.759022188335657599e-01
4.758139787614348859e-01
4.757357478022579134e-01
4.757787726610895329e-01
4.757477574348444871e-01
4.757326901286845211e-01
4.754361779391765297e-01
4.750970389962200224e-01
4.744113466501233001e-01
4.740433670520779463e-01
4.737066096216435707e-01
4.733874075114726798e-01
4.732823983669282031e-01
4.729448880583043135e-01
4.724986396074290496e-01
4.720370317518709502e-01
4.715726956427100935e-01
4.711273426711560242e-01
4.702882778555154686e-01
4.689246779322625014e-01
4.680336237698794477e-01
4.671214938908815895e-01
4.662001537322996714e-01
4.654511566877360673e-01
4.647173774778838862e-01
4.636708475947377561e-01
4.624664292097093732e-01
4.613021863222126484e-01
4.602190664440390377e-01
4.589124233722686186e-01
4.574937424659725749e-01
4.558526972115037879e-01
4.541918195366860256e-01
4.525113708078857266e-01
4.511308984875678219e-01
4.495140479832889224e-01
4.477479903697968999e-01
4.460522102951999801e-01
4.442411501467229407e-01
4.420251341164116443e-01
4.400551360845568194e-01
4.382715266793965059e-01
4.362743214368821065e-01
4.340595274358987066e-01
4.320864970207214384e-01
4.298001406788822809e-01
4.272240915358064273e-01
4.247156301498410391e-01
4.221203964561225930e-01
4.196675108671189536e-01
4.173495490282769782e-01
4.149749653220173307e-01
4.123925144195557668e-01
4.097908965110781399e-01
4.069522714376452854e-01
4.040771021693941312e-01
4.012772012293335799e-01
3.983013005793091255e-01
3.949822089433666084e-01
3.916200676560402383e-01
3.885762427538633768e-01
3.856417270362376137e-01
3.828616214990617772e-01
3.801702567368749897e-01
3.773108956813815973e-01
3.741052105277777873e-01
3.710744285583493784e-01
3.681737768948081246e-01
3.651661128222946084e-01
3.621935110062356467e-01
3.594771209478376806e-01
3.568022508859632347e-01
3.542113123029470012e-01
3.517267399728295496e-01
3.493841041058302066e-01
3.467901311159132804e-01
3.442100604057311553e-01
3.420746297121051160e-01
3.398816644161934963e-01
3.375586188763377571e-01
3.354515817046168635e-01
3.334730273365973385e-01
3.315853968262674756e-01
3.298518015593288055e-01
3.283393140882254757e-01
3.266003551036124053e-01
3.247702211976054021e-01
3.229071876168252420e-01
3.208961856842044158e-01
3.191279181838035939e-01
3.176159732580187134e-01
3.162108898043631822e-01
3.152282146275044439e-01
3.139963079184292516e-01
3.128356150478123765e-01
3.113740234374999805e-01
3.101488293796775264e-01
3.090166776835922002e-01
3.080183364301918858e-01
3.071850784778593635e-01
3.063318378627304939e-01
3.056954474329950378e-01
3.052867113053798764e-01
3.051120405912404188e-01
3.050313219904898787e-01
3.051858320832252502e-01
3.051807960450644841e-01
3.053357401490212064e-01
3.056852117121217072e-01
3.061882259607314749e-01
3.069581460356708424e-01
3.076689807415008415e-01
3.084513829946515240e-01
3.094774118065833357e-01
3.104014427483086647e-01
3.115359295099976444e-01
3.127874169230465684e-01
3.142272030860189247e-01
3.155089004039760558e-01
3.170251554697749996e-01
3.185275991648435223e-01
3.199071168780329710e-01
3.214128741562367608e-01
3.226479798138141009e-01
3.236316421508791952e-01
3.247747073233127613e-01
3.257185145437713758e-01
3.265633765608073613e-01
3.274785947203636138e-01
3.281869841873650828e-01
3.286659801661972469e-01
3.291575338840482257e-01
3.297082101255652264e-01
3.301092068433758575e-01
3.307653869032861071e-01
3.315324419736863093e-01
3.319357634961604409e-01
3.325691971957679405e-01
3.334004415512081820e-01
3.336700989305974030e-01
3.341734358727928011e-01
3.346915118753910900e-01
3.356304547429088125e-01
3.363830042600629011e-01
3.373457806468009856e-01
3.384912408858538058e-01
3.395037811994549015e-01
3.403739719867705515e-01
3.415024476498367267e-01
3.427522080093618473e-01
3.438199466645713853e-01
3.450125028610225852e-01
3.466087781488892960e-01
3.482491752147675590e-01
3.500811149150132029e-01
3.520702999234202046e-01
3.542221694827076273e-01
3.563918736398219433e-01
3.586766163289542564e-01
3.610025462388993245e-01
3.631727776676413888e-01
3.653575421988963789e-01
3.677852048844100774e-01
3.702892316401005801e-01
3.726842408895497116e-01
3.750830996274948648e-01
3.771900152206418833e-01
3.789982026904825663e-01
3.805789862543347279e-01
3.825506803393368682e-01
3.840592754125595754e-01
3.852760623723268107e-01
3.866792127490046860e-01
3.880232209801673937e-01
3.893579109907153724e-01
3.904846711158755923e-01
3.915520934492349725e-01
3.924819649755954543e-01
3.930792070060967758e-01
3.937621392369271556e-01
3.945324841260910431e-01
3.951334314018492000e-01
3.955262049585582806e-01
3.959749150514603744e-01
3.963111658394338210e-01
3.964732269287113975e-01
3.966070290386676800e-01
3.967858054697509518e-01
3.970380062520501574e-01
3.971573314070697136e-01
3.971553762853147762e-01
3.971531161308288205e-01
3.971786193519827868e-01
3.970914485931392179e-01
3.971373736858365699e-01
3.972879108011719840e-01
3.972761503905056779e-01
3.973073134303088394e-01
3.971208884716035392e-01
3.969908288687469811e-01
3.968078743845224188e-01
3.965523402392867047e-01
3.964537173002956050e-01
3.962346268236637825e-01
3.958142350316047331e-01
3.953797043681148149e-01
3.947659657180306314e-01
3.943218264162542952e-01
3.941206713438035192e-01
3.937514336287972760e-01
3.933262255311015809e-01
3.927715480327603204e-01
3.921802986592051732e-01
3.914462700784206439e-01
3.908586223602299459e-01
3.903838033884762249e-01
3.897778962790967583e-01
3.891491554915907369e-01
3.887403517961501298e-01
3.882478944301605006e-01
3.877831847816702870e-01
3.873568580657240079e-01
3.868219457864762179e-01
3.861532068729404132e-01
3.855657104551791781e-01
3.849494787901637238e-01
3.844903165936469636e-01
3.838602906554939298e-01
3.831568191170690585e-01
3.826546034932140627e-01
3.820907730102536259e-01
3.814774895608421534e-01
3.811958918422460041e-01
3.807895591109989319e-01
3.801955456137660061e-01
3.798428950309750141e-01
3.793256063520909493e-01
3.787079805314544356e-01
3.778068084865812692e-01
3.772413449048999112e-01
3.765650908648963680e-01
3.762415810585018616e-01
3.759713522315028533e-01
3.755541998207571064e-01
3.750598721265788749e-01
3.740060374915595287e-01
3.733916665881873986e-01
3.732582362294196154e-01
3.726653858005997133e-01
3.722881057560442630e-01
3.718979768753050141e-01
3.709274481773376375e-01
3.703081140190358500e-01
3.699557715237136168e-01
3.693811555802820612e-01
3.686739020347599149e-01
3.681695165634157885e-01
3.676766110986475211e-01
3.670354348301888003e-01
3.665108463943008155e-01
3.658699271261688923e-01
3.652348239898683402e-01
3.646006149679421049e-01
3.638964669227600646e-01
3.633928096830845722e-01
3.628592053651810700e-01
3.621593679428101176e-01
3.615851163387302503e-01
3.610563452422622666e-01
3.605425518274307795e-01
3.601640386104582592e-01
3.596010525226595034e-01
3.588327326029539521e-01
3.583263810485600165e-01
3.578548731535671767e-01
3.573719310760501977e-01
3.570731533288960535e-01
3.568101710975165597e-01
3.563477557599545320e-01
3.559392402052883320e-01
3.554754008293156131e-01
3.548228165745730966e-01
3.543406213521961279e-01
3.540349542498589797e-01
3.537251729965211755e-01
3.535780622810129614e-01
3.533011488318441584e-01
3.528777244865898277e-01
3.525019447922705940e-01
3.521923067271706675e-01
3.518614166498182927e-01
3.515620874673127116e-01
3.512741627544161971e-01
3.509045904755594414e-01
3.504713454991574828e-01
3.501887674331669031e-01
3.501272869110110264e-01
3.501494000136854412e-01
3.501848831057545186e-01
3.502718855679038401e-01
3.502068030834197820e-01
3.499598822385067698e-01
3.499145401507618991e-01
3.499149825125933977e-01
3.498996395707131279e-01
3.498700989067554112e-01
3.499334697723390786e-01
3.498527592301372557e-01
3.495717995762823715e-01
3.493902394413944124e-01
3.492272793948647536e-01
3.489932084739208462e-01
3.487242542535066159e-01
3.486530768394472957e-01
3.483589454174044753e-01
3.481250914454456225e-01
3.481404274821282563e-01
3.480643250226977958e-01
3.478558225750923993e-01
3.477576918452975896e-01
3.476738982379438681e-01
3.475157629847524521e-01
3.472042097210883416e-01
3.469800052911039545e-01
3.468634095668793327e-01
3.467368094444276405e-01
3.468277586817737346e-01
3.472984478116040163e-01
3.475357789993287483e-01
3.478332252323627638e-01
3.479172087192538010e-01
3.477406484961507727e-01
3.476218599557875932e-01
3.474076806187632593e-01
3.472817303359511110e-01
3.470123042464253182e-01
3.470299814224241386e-01
3.474803467988963890e-01
3.474184549748896567e-01
3.476095352232452806e-01
3.479171475470069219e-01
3.479640775680538090e-01
3.482054273664950128e-01
3.484475906610492446e-01
3.487200276553635292e-01
3.486418030411008728e-01
3.483809200525285754e-01
3.484713769435879849e-01
3.486432763785122235e-01
3.486437893241640107e-01
3.486527543723585421e-01
3.486174565553668003e-01
3.483567240715024216e-01
3.480785413742064072e-01
3.479656187713143778e-01
3.477851139009003889e-01
3.474975016027686547e-01
3.470729165464638277e-01
3.466502907127137489e-01
3.460426940530539341e-01
3.455476138740780634e-01
3.451848243713374620e-01
3.450832457184787594e-01
3.450149039030072640e-01
3.447903547227381682e-01
3.444125400364400069e-01
3.441839903295038638e-01
3.443711024761202943e-01
3.442425678044555015e-01
3.436839400172237990e-01
3.433794093638655176e-01
3.429031302332881115e-01
3.424729529768223979e-01
3.425870535135271400e-01
3.425017814755441092e-01
3.423056635856630003e-01
3.421347138404842170e-01
3.420898457050327024e-01
3.420482954442505275e-01
3.420035065650935402e-01
3.419967675209049096e-01
3.420445285320279916e-01
3.419498941898349575e-01
3.421229172855617673e-01
3.425981077849868939e-01
3.429011919289822741e-01
3.432842213302847445e-01
3.437993987292048415e-01
3.441941016793254038e-01
3.448124858081345612e-01
3.458185804545876318e-01
3.465330248594284401e-01
3.466908750236031289e-01
3.464553569555284263e-01
3.465052865743640242e-01
3.467683470726011796e-01
3.469133820950984770e-01
3.470914841651920879e-01
3.471615052223202547e-01
3.467256930649276203e-01
3.466249830007554489e-01
3.465895775645974064e-01
3.468115676522251500e-01
3.464521881580357454e-01
3.457709685802455857e-01
3.455164101302619084e-01
3.453860615581274551e-01
3.449754530906677941e-01
3.446985866099591678e-01
3.441464029908178346e-01
3.429642614364629138e-01
3.422006634056571350e-01
3.420731251627203706e-01
3.419085557818408172e-01
3.415769132316108236e-01
3.408395403742786600e-01
3.398383614867924174e-01
3.388890919148921377e-01
3.381079306095843284e-01
3.374391999721526592e-01
3.369560015201564229e-01
3.363684312462802972e-01
3.355136826217171020e-01
3.344670710086824483e-01
3.334906215757135195e-01
3.329088254034519023e-01
3.323064134716985363e-01
3.321992870032784428e-01
3.321328240931036291e-01
3.315630926966665060e-01
3.309210515916343187e-01
3.304218448698517108e-01
3.297275063991548794e-01
3.289570495605466105e-01
3.288246047794823879e-01
3.289495138972993171e-01
3.289604739129541322e-01
3.292692446529862371e-01
3.292164001882080249e-01
3.286273196935657892e-01
3.286411138862373460e-01
3.288247616767884240e-01
3.289405260086057381e-01
3.294813894093038820e-01
3.298632379978894691e-01
3.300901147842404404e-01
3.301900721669200900e-01
3.304195998430249914e-01
3.308169743567700993e-01
3.308873174875976431e-01
3.310487906634805300e-01
3.314650200694801985e-01
3.317429772108791419e-01
3.318746918141841640e-01
3.320133533477787058e-01
3.319948361754420096e-01
3.319415615111588336e-01
3.320464524835353148e-01
3.320371979176999222e-01
3.319856166839595391e-01
3.317451742738481424e-01
3.311795304000380025e-01
3.308929797649387550e-01
3.302905092895028205e-01
3.296887207031249933e-01
3.295001499414440538e-01
3.291165692985055236e-01
3.285462905615572637e-01
3.282308124393225612e-01
3.281704183220866544e-01
3.277731795310970253e-01
3.272731526494030430e-01
3.266730431199074136e-01
3.256114026665687944e-01
3.243931383311753347e-01
3.238724500179295807e-01
3.233495578408245308e-01
3.223590457409616916e-01
3.217200509071352355e-01
3.211735479652882419e-01
3.202453296691175622e-01
3.197990388393404659e-01
3.195112700581551612e-01
3.190073164999487343e-01
3.187493465095760925e-01
3.185637040764098260e-01
3.178877121448517307e-01
3.170090174525974080e-01
3.155224265962840446e-01
3.148843632370235679e-01
3.144191801488402938e-01
3.139989459306001263e-01
3.144560381770134527e-01
3.142936911612751461e-01
3.136833748757840712e-01
3.132232743144038878e-01
3.129981472492214811e-01
3.125019634366034693e-01
3.116942868888378793e-01
3.107311927318576750e-01
3.101133164763449912e-01
3.099722530275582644e-01
3.099116429120301608e-01
3.096227292537688802e-01
3.092262521743777692e-01
3.090019168496130342e-01
3.088234136492010173e-01
3.089540500640870491e-01
3.093802761554717562e-01
3.085273223072289017e-01
3.073891754150387401e-01
3.072256560921668989e-01
3.062773221582170691e-01
3.050302456021311559e-01
3.046800184369086173e-01
3.040263000130654092e-01
3.033426994323727977e-01
3.036678798526522560e-01
3.034953104495998755e-01
3.029534379780294828e-01
3.029214506059882961e-01
3.030553400874137493e-01
3.029843757033346963e-01
3.021438495814802727e-01
3.020397921770811567e-01
3.016861730456355528e-01
3.002776680201291182e-01
3.001266136169434273e-01
2.996254283666606733e-01
2.985846278160813050e-01
2.986709617227317204e-01
2.980529723435638156e-01
2.969793256491420341e-01
2.961293346226215872e-01
2.954386080980301865e-01
2.955378757148982016e-01
2.952319682836529458e-01
2.944599644660946813e-01
2.937105239033701576e-01
2.923674289584164421e-01
2.917375057697296215e-01
2.913792530536649106e-01
2.905220251739024095e-01
2.902009962648157138e-01
2.893478914082053266e-01
2.878323355197909272e-01
2.865322384119031174e-01
2.858963116049766384e-01
2.861191258460284437e-01
2.857375016033647519e-01
2.847736224532131377e-01
2.839922147989272783e-01
2.820854872405525460e-01
2.802656902670863648e-01
2.799996579408641217e-01
2.780855385541911584e-01
2.762373963743446903e-01
2.762999113082889591e-01
2.748878183484075310e-01
2.741685231178996873e-01
2.744185841828588601e-01
2.730988021343950245e-01
2.725572421014307856e-01
2.729144958257676556e-01
2.721731350719930886e-01
2.706803825497626770e-01
2.691572991728787279e-01
2.668283365488053893e-01
2.649050377100710674e-01
2.639961298197507356e-01
2.629457290172573791e-01
2.632182721495627820e-01
2.631838057637210793e-01
2.620571311146021043e-01
2.621397036492823518e-01
2.614365510642531198e-01
2.594213797330852112e-01
2.583288905143734659e-01
2.580051843643189624e-01
2.570907383441928262e-01
2.556973262250424317e-01
2.546808762699362960e-01
2.545786973476409920e-01
2.532857636958356640e-01
2.527920249938961361e-01
2.540875259131195607e-01
2.528070590972899545e-01
2.532318222641946615e-01
2.546635216593742257e-01
2.537082573890684367e-01
2.536592179030177641e-01
2.531321671843532739e-01
2.518211956948046559e-01
2.499481760501864047e-01
2.478874308228496692e-01
2.467566469609739910e-01
2.455243220865724330e-01
2.463421061217782870e-01
2.478876512646678021e-01
2.468258105814458425e-01
2.453057540237903456e-01
2.431256993621585538e-01
2.405981156855825087e-01
2.404862569212913859e-01
2.406353521347042168e-01
2.394178149551157986e-01
2.387409590184685071e-01
2.387538660317659878e-01
2.376350044369696102e-01
2.371716823697088694e-01
2.377626103788613721e-01
2.368398592919111201e-01
2.367020493149757931e-01
2.379959489226340652e-01
2.377185310661790729e-01
2.357176971793171760e-01
2.328446476519106245e-01
2.294535528898243582e-01
2.282189120739696875e-01
2.288989522144199151e-01
2.289955197095873973e-01
2.288229570910331745e-01
2.267569926381111656e-01
2.246826315164562327e-01
2.243399990484116202e-01
2.267409421622755272e-01
2.271183525145055726e-01
2.258540919631719379e-01
2.251381688937549030e-01
2.240984280928967620e-01
2.233281424120071856e-01
2.229505199193956566e-01
2.227786737084392621e-01
2.229438828527931793e-01
2.216166351139548241e-01
2.198365490138529110e-01
2.190529776871205092e-01
2.174205659821625281e-01
2.159308597192171608e-01
2.153088538795706608e-01
2.140890473395588300e-01
2.116314529046416371e-01
2.130637789115311376e-01
2.134086124464872336e-01
2.137689157426358733e-01
2.156778107255692689e-01
2.147876907348630349e-01
2.141350954651828342e-01
2.155135287791490606e-01
2.130807560965417569e-01
2.094741335928444470e-01
2.094513326883319093e-01
2.108406775876883743e-01
2.130440556839111599e-01
2.166953544259074271e-01
2.172466996610162016e-01
2.149281105548138948e-01
2.137736020177605500e-01
2.119003447294235121e-01
2.095763943672178664e-01
2.094309540778401812e-01
2.087210605368021443e-01
2.072460954263808941e-01
2.071654487550260992e-01
2.096313766479488971e-01
