2.063145445883273199e-01
2.108004404157399481e-01
2.170473850518465642e-01
2.192094389498234763e-01
2.172351410865784038e-01
2.243797214984893096e-01
2.253928744196896650e-01
2.225858129203316660e-01
2.237534115076061092e-01
2.276541649729010575e-01
2.309259985655545966e-01
2.329182660937313409e-01
2.351543570369483416e-01
2.369819901868702727e-01
2.380552635729316358e-01
2.388721385985613233e-01
2.411751246079799071e-01
2.441801759779454462e-01
2.457113318979736727e-01
2.451585739284754262e-01
2.492999001234771916e-01
2.517387166768310647e-01
2.514284675806763847e-01
2.512755496978763547e-01
2.543309013247485040e-01
2.569063406229022961e-01
2.571257745802397188e-01
2.569906159341339702e-01
2.587140316367151360e-01
2.612492395162582803e-01
2.630403987079862893e-01
2.638972833395001327e-01
2.645742425322531455e-01
2.654357374012473181e-01
2.663868217468258748e-01
2.667548319697382597e-01
2.684834862947459433e-01
2.712985857814552704e-01
2.722067594647403221e-01
2.727378809183831909e-01
2.732103267610076491e-01
2.738367207288743277e-01
2.755461009144780649e-01
2.770353750288488959e-01
2.776711255908017595e-01
2.776434197098018863e-01
2.791565900802608358e-01
2.808620954155922056e-01
2.815344529151911357e-01
2.805440147876741563e-01
2.821994654953478010e-01
2.843635466814043999e-01
2.848554543107748582e-01
2.842826126068834780e-01
2.846990849733356810e-01
2.859032333284619587e-01
2.867939054250721043e-01
2.865223130822184827e-01
2.875971573591232788e-01
2.897036579936741463e-01
2.898366530299187893e-01
2.900957366824150618e-01
2.912046110779050734e-01
2.927942695796494910e-01
2.928455111682418122e-01
2.930827774047849998e-01
2.939731763064862835e-01
2.952900796979667231e-01
2.963717511713508945e-01
2.968231840908532315e-01
2.972049422860145174e-01
2.988106023669247491e-01
2.999196555912498341e-01
3.007030984222890946e-01
3.016043876647946376e-01
3.026462296843531186e-01
3.038338046550749794e-01
3.049301367759706949e-01
3.059068479239941407e-01
3.076000366032126121e-01
3.087341974139210521e-01
3.092690964818000654e-01
3.104115979313847862e-01
3.115343244850636295e-01
3.128146124482151236e-01
3.143930976569648816e-01
3.158120098978279833e-01
3.173444084644319596e-01
3.188303086280819265e-01
3.201596664547922688e-01
3.217000629544254364e-01
3.232350327193735384e-01
3.245931095719341020e-01
3.260642759501933274e-01
3.272119142532347036e-01
3.278872198104854085e-01
3.282990228831768609e-01
3.291710276544093650e-01
3.295388375759124022e-01
3.292391512632367179e-01
3.289198289573187495e-01
3.287019308298824716e-01
3.281871718972924623e-01
3.273756993681191663e-01
3.272534868121149687e-01
3.269767075777051391e-01
3.264975835084918954e-01
3.261432166099551000e-01
3.260219212412832079e-01
3.260643847882744861e-01
3.261967520862818493e-01
3.262555001974101754e-01
3.264330624818799764e-01
3.266449010431767275e-01
3.268370076656342826e-01
3.268286698281767655e-01
3.268132361233238026e-01
3.268413643449546435e-01
3.268589187115431560e-01
3.271284489274027818e-01
3.275156758695843551e-01
3.278446140676741782e-01
3.279472305327651438e-01
3.281440155386929347e-01
3.284759032249453536e-01
3.289485051631929058e-01
3.292561500549316955e-01
3.297021321058275500e-01
3.302392394542691956e-01
3.307506285756824371e-01
3.312923473238941208e-01
3.317489288628096555e-01
3.321345113098618795e-01
3.322834596961736220e-01
3.328270402759310742e-01
3.335226845741267598e-01
3.338988441705702526e-01
3.342373540103433793e-01
3.346627216041090924e-01
3.351327383279795735e-01
3.355760160326954344e-01
3.361154199600219772e-01
3.366941639453168156e-01
3.371880971789356640e-01
3.377954584121702908e-01
3.382271169424054813e-01
3.386080109596252830e-01
3.392782065331931829e-01
3.397147083431483194e-01
3.401976145982745781e-01
3.408018324136730115e-01
3.413553361594673929e-01
3.416611710190773366e-01
3.419830924272536099e-01
3.426926446974277174e-01
3.431195265084507340e-01
3.434496244430542689e-01
3.438414164721961264e-01
3.442830670177939867e-01
3.446275402784344521e-01
3.450706302702430395e-01
3.456081253945824106e-01
3.459133513212204747e-01
3.463618037223810675e-01
3.468083546161652153e-01
3.470890538692474880e-01
3.476097199916840519e-01
3.481115252494811352e-01
3.484527917861942048e-01
3.487352866828444808e-01
3.489922513216737743e-01
3.493113538771872029e-01
3.496865724325183833e-01
3.500728656828404617e-01
3.504782347440716372e-01
3.509399616479874640e-01
3.513979687571529564e-01
3.517574013054373117e-01
3.522855086177586470e-01
3.529650892436507759e-01
3.533581281840804666e-01
3.538221456110480223e-01
3.543039371848105135e-01
3.546577371865511918e-01
3.552354560077191636e-01
3.557795513868333148e-01
3.561209557533259740e-01
3.565003037810324238e-01
3.569071366578342452e-01
3.572561649799346761e-01
3.575871497869488880e-01
3.579351445198060144e-01
3.583168159604068759e-01
3.587816774845124512e-01
3.592035165071492675e-01
3.595228046059607552e-01
3.599292184442284270e-01
3.604276326835151312e-01
3.608240079671141687e-01
3.611760364592078165e-01
3.615180263966317753e-01
3.618616992682216482e-01
3.621259789824481379e-01
3.623191975772381834e-01
3.625260299742221193e-01
3.626673821747299353e-01
3.627704145848746897e-01
3.629241070568564043e-01
3.631808319389818740e-01
3.634283338248732731e-01
3.635912241369489983e-01
3.637715638190511247e-01
3.640930632948872758e-01
3.646495391964911237e-01
3.652642855644230857e-01
3.658525156617166707e-01
3.662761559009551360e-01
3.668722954005002590e-01
3.674422165095803661e-01
3.677965534925462521e-01
3.680900633931162846e-01
3.681263608038423119e-01
3.679240801781420434e-01
3.677350428551431905e-01
3.674810883522030003e-01
3.672439111948017643e-01
3.672181522607798065e-01
3.672887019068001302e-01
3.673996064871553613e-01
3.676123495399953867e-01
3.678035713970661535e-01
3.680293916463850401e-01
3.681735466897490539e-01
3.682386663258078174e-01
3.683666430562735905e-01
3.685122900903226029e-01
3.686330568641420502e-01
3.687573258876801763e-01
3.688395986080166833e-01
3.690568056821824650e-01
3.694837948501112912e-01
3.699438474059109083e-01
3.706150701731447672e-01
3.714956011891363263e-01
3.725032185465099177e-01
3.734443076819183305e-01
3.739836857587096608e-01
3.742139484763147284e-01
3.745805743038657099e-01
3.747702180683611384e-01
3.749096133291725530e-01
3.751513381898402000e-01
3.756326597392555811e-01
3.762795648872848120e-01
3.770705243259671047e-01
3.780890474647288779e-01
3.790920246928927151e-01
3.798578233420850103e-01
3.803251464188097675e-01
3.806617774486542038e-01
3.809139403939249546e-01
3.810173827648165590e-01
3.809325600206851514e-01
3.808413534045223536e-01
3.807974642843009461e-01
3.807637125164268777e-01
3.806466157525776883e-01
3.803808870792385610e-01
3.800227104812862189e-01
3.796560516089200199e-01
3.793307298421855767e-01
3.791893196314577441e-01
3.791246238172055194e-01
3.791609173119067644e-01
3.791424750149249290e-01
3.792161850929259836e-01
3.793981845557685140e-01
3.795048188626763408e-01
3.795798293590543770e-01
3.797643409937624392e-01
3.801006469190118531e-01
3.802298021078105439e-01
3.803501203626397098e-01
3.805170467942948775e-01
3.806839436709882896e-01
3.808409100800754787e-01
3.809100982487197973e-01
3.809139699488876540e-01
3.810704634785651579e-01
3.812461086243389974e-01
3.814421466946605332e-01
3.816659368753430037e-01
3.816905266046525247e-01
3.818388819873333451e-01
3.821133570492266651e-01
3.823837826728819778e-01
3.826240591943267377e-01
3.828344230771065781e-01
3.830698396682737372e-01
3.832892704039811416e-01
3.835455931723120160e-01
3.838134742617606565e-01
3.840791606903078415e-01
3.842757606506348456e-01
3.845406827926634574e-01
3.849544437646863493e-01
3.854241432845590953e-01
3.858059143245217149e-01
3.861033280193808537e-01
3.864919647455213880e-01
3.869701336622236032e-01
3.873768194198609627e-01
3.877760912418365957e-01
3.881368275761607478e-01
3.886099520444873390e-01
3.892236493527887475e-01
3.898340079933401703e-01
3.903724309802060755e-01
3.909768738597630966e-01
3.915676809102298095e-01
3.920742003798482478e-01
3.926108435451980960e-01
3.931882504105569942e-01
3.938118048608302835e-01
3.945831996381283235e-01
3.953409246504310803e-01
3.960949515670540433e-01
3.968382096290590244e-01
3.975322386413814857e-01
3.983201401144267351e-01
3.991972988247874943e-01
4.000799307167528518e-01
4.010454295367006372e-01
4.019745390951631747e-01
4.028504256606099121e-01
4.038724916458131253e-01
4.048299215078350888e-01
4.058267918348316683e-01
4.069207691431043217e-01
4.080654006719592886e-01
4.091240797996523737e-01
4.101966947555537590e-01
4.114766606330870213e-01
4.125235046625135293e-01
4.135875983476636208e-01
4.148160519599914386e-01
4.160631458520889225e-01
4.172602364540102804e-01
4.184827429294590839e-01
4.198044275283814852e-01
4.211704239547252038e-01
4.225465406626464637e-01
4.239202901124958789e-01
4.251604078441853507e-01
4.265345715641978841e-01
4.278770436167720903e-01
4.291135216891766579e-01
4.304857620120050021e-01
4.318227301895621317e-01
4.332026345103978104e-01
4.347015231400723767e-01
4.361305263340476412e-01
4.374485412240023963e-01
4.387515521049502598e-01
4.400752193927769951e-01
4.415049209296698640e-01
4.429065380394453522e-01
4.441850749254225850e-01
4.454165282249452074e-01
4.467624795734886356e-01
4.482408382803204083e-01
4.496062275767321870e-01
4.508998276591297261e-01
4.521727417409416860e-01
4.534674663841724573e-01
4.547636411190036365e-01
4.559962189793584919e-01
4.572270212173458193e-01
4.585144658088686764e-01
4.598555046021937098e-01
4.611570357978344581e-01
4.623654356002810384e-01
4.634984306395057430e-01
4.647210778385398866e-01
4.660896785020833266e-01
4.674178582340476895e-01
4.685283685863017578e-01
4.697130332976575673e-01
4.709921516060825986e-01
4.722216043472292624e-01
4.732631817579271982e-01
4.743595762133597793e-01
4.754787270575761005e-01
4.766645458072428232e-01
4.778972779512403735e-01
4.790733318328855850e-01
4.802538543641570179e-01
4.814713690280915115e-01
4.827183294296266136e-01
4.839832765668631298e-01
4.851232521355153815e-01
4.861093242466451025e-01
4.871268742382521832e-01
4.881390085816383340e-01
4.891151988178491505e-01
4.902869619727130979e-01
4.913332604497672174e-01
4.923102278560399503e-01
4.934545604079961789e-01
4.945849853187802014e-01
4.955818672835828886e-01
4.964897699356077831e-01
4.975416018784045158e-01
4.985422711372378690e-01
4.995456507682798364e-01
5.005052997112275914e-01
5.014843582153324375e-01
5.024709320068360130e-01
5.034006412982945378e-01
5.043426202297213168e-01
5.051687452197076711e-01
5.060404899179939964e-01
5.069936518907544043e-01
5.079111938059326370e-01
5.087612824559208935e-01
5.095542725086210645e-01
5.103393930137160028e-01
5.112082384049896344e-01
5.121027042031286447e-01
5.129760464787482821e-01
5.138063133358952150e-01
5.146518459320071903e-01
5.154005180060866609e-01
5.161155226171012522e-01
5.169469728648660167e-01
5.178744899272915703e-01
5.186592161178590343e-01
5.193510959625247114e-01
5.200949318885800254e-01
5.209145124435429208e-01
5.216744441032408197e-01
5.223289842128756577e-01
5.231380315303805206e-01
5.238235795974733877e-01
5.244500705242158833e-01
5.251449683189389761e-01
5.257624053955081145e-01
5.264426868438725204e-01
5.272009024143223810e-01
5.279456259727479672e-01
5.286527730941774639e-01
5.292893238544467138e-01
5.298637403488154485e-01
5.304241322517392332e-01
5.311249475955960309e-01
5.318036904811859200e-01
5.324308431565760724e-01
5.331472346305844434e-01
5.336715822935101938e-01
5.341842110753061146e-01
5.347717053294178680e-01
5.352676366567608035e-01
5.358065972328186488e-01
5.363915464282034140e-01
5.368758436381815269e-01
5.373129578411577345e-01
5.377571146368985699e-01
5.382944230377672001e-01
5.390002908110614888e-01
5.395420331954952076e-01
5.399831569790836117e-01
5.403680527210237283e-01
5.407674493789671466e-01
5.412430202364917342e-01
5.417582280993458177e-01
5.421404397070407333e-01
5.425980636715893590e-01
5.430589262962338681e-01
5.434916142225270086e-01
5.440351824998853614e-01
5.443595948457714551e-01
5.447663789749144225e-01
5.452123724520204773e-01
5.456611485779289117e-01
5.461112864255905919e-01
5.465313479840753219e-01
5.469906049966813955e-01
5.474582554817200020e-01
5.478016936480997190e-01
5.480829754173752733e-01
5.485013450384136346e-01
5.490577005386354514e-01
5.494774744033815717e-01
5.498647553861142345e-01
5.501561035037041414e-01
5.504774215638642554e-01
5.508964625597003728e-01
5.512708876013756587e-01
5.516137995719914144e-01
5.520314662337304501e-01
5.523106412410733190e-01
5.525238875865939869e-01
5.528625346302989962e-01
5.532385590195658676e-01
5.536168548166756631e-01
5.538813068926335959e-01
5.541629388749598206e-01
5.544290497004983331e-01
5.546879923582073157e-01
5.549631670653818460e-01
5.552731162726879388e-01
5.555847834706304500e-01
5.559101353526118006e-01
5.562257717013359137e-01
5.564954962313172215e-01
5.567933010220526002e-01
5.571135581731796460e-01
5.575066084861750593e-01
5.578676598072055404e-01
5.581548300981521438e-01
5.583699582338329526e-01
5.584712215721602258e-01
5.587658866286282500e-01
5.589959659397598646e-01
5.592224900722506664e-01
5.595531809389590050e-01
5.596260520219797918e-01
5.598380378484728581e-01
5.601660293340678942e-01
5.604179650604729224e-01
5.604691493332382146e-01
5.605403570830818083e-01
5.607390515863894809e-01
5.610537400782108497e-01
5.612102997660634029e-01
5.613885381698604515e-01
5.615788605332376893e-01
5.617553811192508295e-01
5.619679758787151647e-01
5.621585351824762711e-01
5.623724331140521615e-01
5.626649415493012452e-01
5.628331522941589782e-01
5.629658255577089099e-01
5.630854794502255789e-01
5.632815081596377338e-01
5.635011669158939140e-01
5.636222239136692291e-01
5.637829986512665759e-01
5.640678334534166005e-01
5.641624033451075881e-01
5.641811752021309578e-01
5.642510515153406070e-01
5.643680647313590315e-01
5.645200967788693847e-01
5.646424864411353495e-01
5.646390521883963842e-01
5.648607391238211761e-01
5.649926617980007837e-01
5.650366729795933685e-01
5.651749173402781379e-01
5.652792370676997802e-01
5.654170344591141761e-01
5.655182061195372922e-01
5.654791345596309471e-01
5.656358875632281347e-01
5.660620206534857646e-01
5.663598225116724949e-01
5.664039215743540412e-01
5.666572100162505787e-01
5.668069692492486711e-01
5.668962328553198704e-01
5.670463472485537393e-01
5.672551184892659082e-01
5.672910452485082633e-01
5.674573618769646055e-01
5.679537075161928961e-01
5.682504732012746418e-01
5.681704518198967824e-01
5.680148154973979624e-01
5.681998167157169544e-01
5.684932975351806306e-01
5.685246637046332818e-01
5.684181962728505066e-01
5.684188472688198601e-01
5.687509143948557000e-01
5.686034342169766775e-01
5.685034767448903237e-01
5.687881950378419482e-01
5.690526503086088539e-01
5.689077887058259231e-01
5.687881358623503303e-01
5.688223984718322468e-01
5.684174014091489813e-01
5.682926002979278302e-01
5.682254952907566103e-01
5.679496292352681497e-01
5.676978628814217664e-01
5.677069158196450527e-01
5.676665621995925504e-01
5.674847934007644090e-01
5.675282830059528161e-01
5.676206783413885182e-01
5.678650238871578715e-01
5.680907329082492963e-01
5.680711497664451270e-01
5.682031436920167433e-01
5.684312784194948120e-01
5.684982424974440729e-01
5.682834412157539150e-01
5.679423384368421646e-01
5.676398655772206814e-01
5.672168886661527187e-01
5.664534597098830337e-01
5.660544416308405102e-01
5.661854757368562918e-01
5.666919240355489107e-01
5.673585711419580901e-01
5.685434389114384368e-01
5.698011296987530727e-01
5.710846723616123111e-01
5.722686663150789999e-01
5.725808687210079961e-01
5.730483858585361245e-01
5.736740289568903473e-01
5.740053631067271178e-01
5.740284794449805883e-01
5.742626727700237410e-01
5.743978661894797444e-01
5.742722534060477058e-01
5.741992956161494632e-01
5.741332431972023809e-01
5.742946192502972336e-01
5.747172482907770830e-01
5.749883651733397327e-01
5.751003532409669772e-01
5.750325927734374343e-01
5.749813880920413567e-01
5.752070789337154766e-01
5.756501827239989266e-01
5.754319332659246777e-01
5.751711467981343029e-01
5.756667061209679304e-01
5.755238971710205931e-01
5.751511715054511420e-01
5.751655957818028186e-01
5.758000764727592147e-01
5.761170830070968529e-01
5.758172183513642350e-01
5.755904135644439590e-01
5.757212690591813065e-01
5.755595015048985408e-01
5.753519874811170443e-01
5.756039476871493976e-01
5.759809201061723005e-01
5.762012374699115869e-01
5.763593246340751319e-01
5.764424755275248113e-01
5.764582612514494997e-01
5.764956074237821415e-01
5.764729751706121341e-01
5.763741732716561872e-01
5.763386589527131898e-01
5.762363706231121707e-01
5.761106526434425223e-01
5.762786343812942302e-01
5.762791661560536793e-01
5.763350025057796255e-01
5.764624511897561421e-01
5.765299274981025013e-01
5.765133018493654449e-01
5.765930600166324638e-01
5.767152377128599294e-01
5.767130517482753627e-01
5.767533443927762571e-01
5.766965683937073095e-01
5.763713323116306242e-01
5.762346209049222789e-01
5.761632521152501019e-01
5.760605117797849006e-01
5.761528540134428500e-01
5.762493242979046526e-01
5.764472818195822690e-01
5.765257913827894765e-01
5.765500802993779317e-01
5.766722924113274473e-01
5.766763090491299204e-01
5.764701610207553228e-01
5.765436418652533090e-01
5.766422741532327700e-01
5.766994464039799650e-01
5.768616903841492505e-01
5.770139528453347433e-01
5.770816381752491564e-01
5.771891905188561989e-01
5.772640223801134285e-01
5.774427447259430357e-01
5.775390592217445329e-01
5.774055650830273168e-01
5.774197414517405758e-01
5.775388820171359905e-01
5.774718986749646232e-01
5.772808721065523230e-01
5.772120476067067463e-01
5.770921512544155974e-01
5.771877139627928921e-01
5.776361735701560640e-01
5.778239915013315686e-01
5.779312485337259053e-01
5.780579370439051790e-01
5.782348284602162325e-01
5.782565542697908345e-01
5.783326778173443206e-01
5.785104962825775576e-01
5.785262643098830759e-01
5.782466918706891112e-01
5.783410047531132303e-01
5.786879604101181629e-01
5.787804425477978132e-01
5.790975747823714492e-01
5.790193842649464795e-01
5.783724226951597602e-01
5.781327723026280507e-01
5.778478847980498267e-01
5.777386306762698487e-01
5.780053879022597485e-01
5.782100179195406309e-01
5.782594480276109783e-01
5.782388373851774510e-01
5.782707868337634283e-01
5.782759837865830699e-01
5.781914742469784763e-01
5.781328279674050608e-01
5.780602995336054928e-01
5.778163134098053266e-01
5.777372881293292295e-01
5.779372728824615502e-01
5.779563760757444602e-01
5.777306174039844588e-01
5.777203891158102511e-01
5.776203765571114035e-01
5.775171149194240350e-01
5.773628132045272032e-01
5.773058066368098595e-01
5.772030622959132273e-01
5.768276081085206286e-01
5.767411738872523230e-01
5.769262128353118690e-01
5.768082298278812692e-01
5.765577301025391899e-01
5.765075710773471807e-01
5.764200143337244731e-01
5.763693235874174370e-01
5.765503450870513857e-01
5.766976138055321943e-01
5.767434055209157417e-01
5.767090174198151731e-01
5.766554263412956294e-01
5.765904907345766883e-01
5.765484805285929770e-01
5.763900707364079112e-01
5.763589914560313110e-01
5.764246360957623327e-01
5.764359806239607309e-01
5.764047831714148584e-01
5.765009847998621151e-01
5.765757362365725447e-01
5.766444602847095036e-01
5.767333347201351046e-01
5.768356230497362347e-01
5.769454751610753052e-01
5.770492407917978683e-01
5.772826543688777123e-01
5.772776315450671714e-01
5.772944727778437368e-01
5.771977775096893692e-01
5.772987864971157457e-01
5.773119049310679873e-01
5.773854745268823807e-01
5.775944830894466087e-01
5.776186517357821959e-01
5.775119315028188760e-01
5.775350364923473867e-01
5.775736826896662457e-01
5.775948967337610762e-01
5.777436954081062170e-01
5.778151448965072046e-01
5.778957545757296144e-01
5.778907312452794542e-01
5.778167405426500869e-01
5.777990111410613583e-01
5.778424481749531161e-01
5.778352973163132233e-01
5.778338058710100755e-01
5.780649739503860296e-01
5.780933972239493679e-01
5.779726130843161336e-01
5.779694221138951260e-01
5.779865588068960891e-01
5.779523445129393089e-01
5.779116891860964778e-01
5.778960297942159485e-01
5.778174373745919024e-01
5.778049098610882339e-01
5.779823632717132620e-01
5.779641629219052223e-01
5.778440287947655962e-01
5.776854257464412168e-01
5.775986195325854000e-01
5.774540929436687842e-01
5.774062923014161575e-01
5.774806816816325794e-01
5.775028980493545072e-01
5.775079794526102317e-01
5.774494251430031255e-01
5.773750948488712842e-01
5.772764801740648544e-01
5.770444491207601390e-01
5.769119190335277869e-01
5.768598641932005666e-01
5.767637311339379735e-01
5.766252924382685441e-01
5.765590569376944918e-01
5.765359542787077407e-01
5.765231325984004895e-01
5.764355079352859734e-01
5.763335253536697733e-01
5.762324881494041984e-01
5.760166466832161714e-01
5.759645918428899503e-01
5.760516847312453503e-01
5.759493229866028408e-01
5.758819716453552617e-01
5.758288586139680421e-01
5.757354529380798169e-01
5.755936010837550132e-01
5.754940020442006476e-01
5.754361684381961162e-01
5.754806512832643106e-01
5.753430215716357488e-01
5.751756222844123245e-01
5.751662304401400361e-01
5.750781006813050489e-01
5.748491523265834013e-01
5.748339717984197739e-01
5.749080433249478261e-01
5.747928603291516669e-01
5.746059685349462764e-01
5.745063204765318288e-01
5.743223820924763245e-01
5.742022373676296532e-01
5.742337207198145999e-01
5.741488397121424780e-01
5.738759759008886796e-01
5.737657066941260764e-01
5.737495827019210015e-01
5.736476412713527040e-01
5.734828578233722718e-01
5.733756706714626672e-01
5.732606290340425126e-01
5.730385774135586807e-01
5.728106201648709428e-01
5.726734324216841143e-01
5.726309273600578287e-01
5.725905369400983158e-01
5.723095164597038487e-01
5.720844756841664269e-01
5.718728983819481027e-01
5.714815719008448092e-01
5.712216914355753294e-01
5.711912805199623744e-01
5.709704323172569707e-01
5.705262358546261403e-01
5.702076324820524178e-01
5.698858997583384767e-01
5.695887294888497543e-01
5.692941319048405724e-01
5.690031316280365070e-01
5.687536943852902205e-01
5.682912465929982337e-01
5.677744244337086243e-01
5.673736717700956778e-01
5.669987366676332297e-01
5.667355700492857640e-01
5.665630182266238046e-01
5.664551659584045051e-01
5.663808441162111462e-01
5.662481982231144517e-01
5.662597942650319238e-01
5.663655320405963645e-01
5.663411491811271015e-01
5.661890072226521964e-01
5.662854759693143336e-01
5.664976009428499548e-01
5.664986728668208738e-01
5.666281900405887306e-01
5.668033983230589268e-01
5.668905302047733130e-01
5.669356435775755321e-01
5.672500186085702722e-01
5.674525974869728540e-01
5.674376731395724960e-01
5.675746007442478147e-01
5.677495965838436076e-01
5.678725492000575858e-01
5.680826410293581263e-01
5.681912868320938559e-01
5.681465274095532925e-01
5.681688916683196311e-01
5.682312047481538064e-01
5.683583682775498191e-01
5.683869874477386341e-01
5.683026104152206770e-01
5.683581909000873233e-01
5.684547192156319539e-01
5.683991387307643084e-01
5.683742986202243719e-01
5.682189467906956226e-01
5.679403054833408460e-01
5.677224897503856393e-01
5.675907501697537993e-01
5.674255594730376329e-01
5.672986576199529063e-01
5.671429653882980038e-01
5.669216098546985272e-01
5.666632044076923558e-01
5.663706988811492149e-01
5.660312319993977548e-01
5.656419719219203390e-01
5.653022100567818287e-01
5.649928314805031659e-01
5.645409169316288889e-01
5.639579198420048289e-01
5.632896140098576643e-01
5.627084964573381143e-01
5.621094457268713818e-01
5.614975940108302144e-01
5.608916774511342185e-01
5.603190557003024930e-01
5.597726284742355896e-01
5.591154054880140833e-01
5.584718697309491997e-01
5.579920116662975271e-01
5.575461598277091646e-01
5.569565476119517911e-01
5.564491569042208097e-01
5.561313264727593131e-01
5.557324312448502779e-01
5.552796185016631858e-01
5.546993858098981933e-01
5.541308922708036988e-01
5.534968010544776273e-01
5.529422881484030716e-01
5.524251232743262463e-01
5.518299057960509568e-01
5.512456027030948613e-01
5.506421178579330444e-01
5.501638424754146106e-01
5.497603234350683099e-01
5.494543357551101570e-01
5.493891968429093220e-01
5.491442245244976261e-01
5.487926512956623482e-01
5.483977657556537988e-01
5.479129992127413917e-01
5.474335649371144807e-01
5.470303252577779496e-01
5.464713419198985456e-01
5.459071057558062545e-01
5.454188880205157464e-01
5.449408808350565403e-01
5.444189623832702551e-01
5.439217735290525768e-01
5.434130166530606321e-01
5.429037285923953293e-01
5.424405945777893701e-01
5.420715392708773672e-01
5.417351191401477140e-01
5.413774318993093138e-01
5.410732708632941534e-01
5.407349681854246581e-01
5.403962588310237125e-01
5.400863689362999098e-01
5.400086624622343345e-01
5.398438090920452126e-01
5.396191864848134401e-01
5.394670340538020303e-01
5.392958846926687588e-01
5.391037915110583612e-01
5.389211377978326833e-01
5.386717849910260814e-01
5.383665080308912554e-01
5.379694415152072029e-01
5.374989315569405068e-01
5.367515781641005734e-01
5.357021535873415230e-01
5.346873798370361808e-01
5.334730016708372213e-01
5.321473192691800191e-01
5.310006556034091441e-01
5.298336421966557408e-01
5.284071346223351284e-01
5.271947075128560201e-01
5.261024451971055838e-01
5.249136872291561007e-01
5.239884193181992833e-01
5.233771715164180494e-01
5.226692278146740644e-01
5.221077430248256546e-01
5.216662722051141898e-01
5.214368195235725700e-01
5.212221645355223920e-01
5.212168629169467993e-01
5.210282261371609325e-01
5.207747454643247842e-01
5.204297313213346321e-01
5.200959958672524142e-01
5.195866991043086580e-01
5.188661088168625701e-01
5.180539202272891330e-01
5.168974421739581659e-01
5.154602018594738322e-01
5.139720209240917770e-01
5.122496589422226299e-01
5.103169514894481118e-01
5.081714619517324616e-01
5.059223234593869245e-01
5.033848338782784815e-01
5.006987212538717147e-01
4.978723504185677551e-01
4.948005129873755403e-01
4.916426120340828820e-01
4.884577862977976803e-01
4.849713307499883275e-01
4.813942743390803303e-01
4.778118402063847858e-01
4.742836562514307630e-01
4.707964068412777148e-01
4.675815440714359283e-01
4.643694743305445405e-01
4.616789328575138240e-01
4.591094238281254736e-01
4.570706136703487354e-01
4.554897445678710022e-01
4.543383204460147429e-01
4.535988369941712506e-01
4.532366686820982760e-01
4.532918395668267264e-01
4.536306050658221456e-01
4.540945697128771497e-01
4.546890373080970660e-01
4.552755786687132655e-01
4.555374685317276628e-01
4.556106904387478562e-01
4.553625020593404793e-01
4.545798968881370472e-01
4.536201132774355105e-01
4.522007906913759201e-01
4.506010617256160922e-01
4.491652464389802035e-01
4.480113481491799776e-01
4.475356778711079841e-01
4.480108766049143987e-01
4.495358507603405274e-01
4.522673198282720075e-01
4.563159661889075736e-01
4.613966620564456944e-01
4.675196350812907409e-01
4.743375577926639552e-01
4.813289084434509979e-01
4.884893248081206840e-01
4.955063083112243860e-01
5.021110907793040479e-01
5.080713308095927694e-01
5.136441395759581141e-01
5.183983192682267704e-01
5.222147143900395250e-01
5.256809052407742655e-01
5.285153187632561922e-01
5.310480841040607913e-01
5.331886635720731737e-01
5.349973663091662779e-01
5.367199945449830922e-01
5.381601073741911767e-01
5.394482164859770723e-01
5.406444935560228426e-01
5.414907996177672489e-01
5.423413008213039399e-01
5.431578268051147074e-01
5.437601409256455076e-01
5.444217650592331204e-01
5.449897898435588361e-01
5.453289179205895731e-01
5.456484018087384147e-01
5.460527195692058688e-01
5.462969850540161376e-01
5.466066514134411136e-01
5.470631601333618699e-01
5.473703496336937979e-01
5.475449681997300866e-01
5.478834722757343068e-01
5.482667957067494102e-01
5.485519883394237572e-01
5.489025611281390660e-01
5.491326963901520530e-01
5.493369989395142650e-01
5.496267617642874859e-01
5.499467217326166057e-01
5.502529986202721046e-01
5.504771770238878759e-01
5.506230905652045315e-01
5.507971369922157745e-01
5.509363859295844934e-01
5.509658163487912708e-01
5.511489636421208482e-01
5.513414309024814441e-01
5.515095374584193522e-01
5.516919183254241910e-01
5.518649206161496679e-01
5.519429180622102971e-01
5.520647682547571433e-01
5.521941677331925202e-01
5.523449175357819652e-01
5.525278697609901091e-01
5.525491611063481079e-01
5.526048960685732148e-01
5.526993211209771939e-01
5.527979336678985334e-01
5.528297598838809446e-01
5.528880250453951373e-01
5.529236446380614289e-01
5.529370314717291235e-01
5.528760152578356957e-01
5.529687701523300358e-01
5.530798637449739763e-01
5.530264928817744119e-01
5.530879891157147732e-01
5.531401105642321792e-01
5.530962784051898229e-01
5.532313442051410846e-01
5.533115229427818527e-01
5.531482359170918350e-01
5.530914090871810185e-01
5.531043778657916965e-01
5.530937670469282530e-01
5.532932504415511987e-01
5.536041474342341395e-01
5.536776568293567680e-01
5.537529936432835642e-01
5.538104088366030409e-01
5.538032767295834047e-01
5.539993212580677229e-01
5.543460241794585519e-01
5.545614020228381014e-01
5.547986477315423048e-01
5.550091333031651475e-01
5.551644481956954369e-01
5.553973360061645881e-01
5.556810590744022393e-01
5.558410142898558837e-01
5.560137588500978501e-01
5.561275074005125330e-01
5.561855014801023733e-01
5.563843332111836348e-01
5.564657335400583493e-01
5.564995078980922161e-01
5.566363736212248670e-01
5.567349853157999018e-01
5.567968165576456796e-01
5.568648368179799357e-01
5.569301456987857391e-01
5.570677187383177298e-01
5.572831555247308444e-01
5.574571715593342747e-01
5.575560290217400627e-01
5.576093778610233809e-01
5.575969985723497890e-01
5.576026576757429076e-01
5.576768744587893289e-01
5.576122344791890617e-01
5.574397671639917951e-01
5.573795273840430609e-01
5.573442794501782815e-01
5.573003668904302765e-01
5.573438668489461012e-01
5.573772875487803535e-01
5.573722184479231734e-01
5.574392956197262716e-01
5.575498727500444174e-01
5.576560880959036126e-01
5.577593562901017599e-01
5.577986712932582192e-01
5.578713480532164759e-01
5.579021163165567287e-01
5.578731752872471139e-01
5.580090979218487179e-01
5.582167542278764216e-01
5.582859533488755410e-01
5.582663253188130392e-01
5.582974472403527955e-01
5.582758151471612917e-01
5.581911140084266920e-01
5.583226017355918946e-01
5.583556721210479745e-01
5.582514175057408101e-01
5.582502384066583279e-01
5.583775811076167050e-01
5.584255704402926179e-01
5.585981813907620053e-01
5.586504797220228635e-01
5.585674627542491777e-01
5.586187587499618079e-01
5.586808445930476763e-01
5.586930495023727516e-01
5.588687008380889276e-01
5.589034323275092753e-01
5.588732412874701794e-01
5.589227144956586679e-01
5.588323772430416891e-01
5.587563689410687262e-01
5.588757768630979728e-01
5.589055446386332893e-01
5.589815452575684906e-01
5.591674490213396354e-01
5.593532938241960739e-01
5.593690953493122286e-01
5.593650860071183173e-01
5.594647889137267516e-01
5.594575956821437046e-01
5.595000475406648466e-01
5.597386623620989043e-01
5.598506880998611601e-01
5.597910196542738026e-01
5.598192029714584850e-01
5.599364762306212606e-01
5.600581216752524849e-01
5.599980314254764391e-01
5.600128895759580727e-01
5.600901873350148108e-01
5.601772726058961149e-01
5.603492615938189259e-01
5.605617567300794635e-01
5.606414129257204504e-01
5.607173713386055525e-01
5.608431476831433615e-01
5.609899162352083302e-01
5.610340234577654295e-01
5.611433480441573307e-01
5.613605820119378365e-01
5.614437253057961152e-01
5.614715576708321221e-01
5.616294119954107211e-01
5.616732243835922400e-01
5.615215224981308095e-01
5.615346707820892957e-01
5.616316025257114264e-01
5.617617882251743078e-01
5.619607223510743044e-01
5.620817208766932804e-01
5.620820746064184581e-01
5.619602147161957273e-01
5.619105156898501763e-01
5.618587160706522976e-01
5.618832388520238474e-01
5.619949471950534958e-01
5.620748230814931468e-01
5.620636227726937273e-01
5.620880276560784594e-01
5.621889483332630499e-01
5.621699667572978010e-01
5.621052997112272465e-01
5.621033399522304963e-01
5.621115330338479765e-01
5.620391904830934759e-01
5.620947681427002074e-01
5.621251796722410710e-01
5.620835936009883627e-01
5.621134716749189852e-01
5.622075257301335505e-01
5.622745230913157588e-01
5.622950290441509624e-01
5.623058123469351077e-01
5.622886149406437495e-01
5.622163653969766139e-01
5.622889685273168014e-01
5.622199012637134619e-01
5.623700632095337548e-01
5.625698009490970319e-01
5.625939817607399362e-01
5.627067987263197901e-01
5.628798894882205417e-01
5.628430651545525132e-01
5.628453719139100420e-01
5.629032144308088181e-01
5.629821104407305432e-01
5.631292493641378849e-01
5.632223179042336048e-01
5.632824172973638355e-01
5.633900701522823740e-01
5.633331498622893285e-01
5.633538549005985274e-01
5.633986878454682046e-01
5.634889471769329861e-01
5.636090685784819199e-01
5.636769211292264048e-01
5.636817483365540449e-01
5.636432708442210560e-01
5.636713967442515960e-01
5.637532309234143391e-01
5.638634333610539340e-01
5.638755073547361274e-01
5.637879032135013624e-01
5.638670269250869449e-01
5.639036307334901466e-01
5.638471967697142873e-01
5.636456783652309399e-01
5.636053510665892663e-01
5.634707889676093817e-01
5.634780094146729645e-01
5.636414016544816219e-01
5.634914138376714288e-01
5.632835426330569106e-01
5.632716455698011382e-01
5.631797447204591744e-01
5.632202180027962024e-01
5.633392566204066254e-01
5.632912293255327718e-01
5.633420971870424232e-01
5.633217736244201523e-01
5.633481175065041535e-01
5.632735508680339898e-01
5.633426637172701534e-01
5.633966147542004421e-01
5.634818101823332315e-01
5.636614681184292097e-01
5.636929618835445632e-01
5.633400340676312235e-01
5.632353715002532679e-01
5.631527524888511049e-01
5.630349123477931261e-01
5.631770287156102617e-01
5.631681058168409582e-01
5.629493455231191490e-01
5.629194479644293869e-01
5.630025820851320972e-01
5.628470648288729228e-01
5.626648026466373187e-01
5.624950277507301255e-01
5.621789637207981194e-01
5.620395481288433803e-01
5.621754503488540777e-01
5.620888340473177980e-01
5.620165491580967343e-01
5.619087471187116378e-01
5.618352885186669310e-01
5.617700969636437724e-01
5.616865274190898649e-01
5.615674349427218770e-01
5.612671528756616457e-01
5.611633633673189792e-01
5.610361650466924033e-01
5.609623744964596925e-01
5.610316195487977664e-01
5.608737421631813103e-01
5.606865691959855846e-01
5.604397282123564361e-01
5.601316411018375518e-01
5.600004975080493663e-01
5.599093016803269318e-01
5.597979412078853967e-01
5.597532671868796772e-01
5.596069210767743440e-01
5.594547379016880928e-01
5.592938804626467197e-01
5.591262251615524148e-01
5.589079154014587880e-01
5.585200110197068302e-01
5.582170022606851578e-01
5.578862615108485246e-01
5.576604994833465057e-01
5.575023545622824761e-01
5.573286205887795219e-01
5.572589051485062894e-01
5.569708519637582844e-01
5.565387945652012780e-01
5.562672205924987789e-01
5.559442743301389322e-01
5.557666430532933743e-01
5.555418008565906618e-01
5.553731477856634902e-01
5.551595166325568043e-01
5.548507533729079011e-01
5.546883653163914296e-01
5.545553898334499854e-01
5.543522048950195735e-01
5.543606918334965661e-01
5.542000293731690341e-01
5.537887664794919340e-01
5.535176028430459638e-01
5.533328538060183766e-01
5.531706164538862103e-01
5.532317280173303375e-01
5.531110960304740365e-01
5.528433719873429020e-01
5.525662507772444165e-01
5.523162902832031707e-01
5.520396956205364525e-01
5.517790696740152434e-01
5.514138118922706777e-01
5.509855282902716977e-01
5.506745527982715993e-01
5.504207289218900900e-01
5.500950471639637351e-01
5.498880849838260199e-01
5.496492507457730881e-01
5.493707089900968787e-01
5.490160549581054594e-01
5.487136250317099506e-01
5.484204435467724403e-01
5.480981618702408520e-01
5.477508471965786274e-01
5.475308508038518873e-01
5.471270234227179063e-01
5.466349029779435931e-01
5.461649634957312927e-01
5.457154152929778457e-01
5.451888319730762156e-01
5.448192047595974419e-01
5.443423597812654391e-01
5.436574172973630548e-01
5.434530711174015982e-01
5.430313642024994225e-01
5.425287108063701069e-01
5.420577022612091955e-01
5.413561062097553833e-01
5.407432668924326835e-01
5.402285011887548727e-01
5.397471190094952354e-01
5.392453485727314311e-01
5.388739871025082229e-01
5.386168363571163242e-01
5.383016472816467557e-01
5.380396611988547129e-01
5.378011621534826148e-01
5.375379474639897515e-01
5.372080418050289019e-01
5.368074068963526457e-01
5.365310847282406259e-01
5.362635152161118191e-01
5.361096597433093747e-01
5.361162958145141433e-01
5.359104478836064223e-01
5.356359902143476015e-01
5.353857202053070585e-01
5.349854750454422492e-01
5.345695400238038575e-01
5.341699071228508400e-01
5.338978684902192517e-01
5.336907760560508640e-01
5.335308578848841909e-01
5.333186504065990929e-01
5.329285776615143577e-01
5.324577697515484598e-01
5.319818996191026939e-01
5.315720418334005659e-01
5.312273658871653481e-01
5.308876480102544537e-01
5.307493118286128464e-01
5.307067983448504611e-01
5.309544893145561328e-01
5.310792004227637975e-01
5.311086861133574866e-01
5.312662972927092442e-01
5.313765440106390514e-01
5.316003127276895945e-01
5.319522735476491793e-01
5.320589427709575547e-01
5.321328518807891816e-01
5.321735036849972733e-01
5.320689305365088329e-01
5.322904367625712618e-01
5.324523478388790698e-01
5.322975735962390820e-01
5.320705963671209515e-01
5.316789954185486833e-01
5.313067651033398509e-01
5.309142704844476146e-01
5.301719231963161194e-01
5.295224524080749395e-01
5.296063318192957281e-01
5.295641870498652981e-01
5.295475504875183370e-01
5.299760353922847722e-01
5.303534949541094390e-01
5.305814941763878911e-01
5.309246970176693114e-01
5.315755802392962970e-01
5.319757987260819165e-01
5.321280224204066878e-01
5.324997661650183733e-01
5.330733116149902751e-01
5.335653376936911885e-01
5.342712869048120705e-01
5.350455132126810120e-01
5.353863004982475360e-01
5.354176493167872586e-01
5.355502542257307708e-01
5.355823919177057357e-01
5.352611589431763850e-01
5.350024527370925709e-01
5.349459394454955108e-01
5.343814586400982281e-01
5.337974410057070296e-01
5.334545159459110897e-01
5.332197833180429836e-01
5.327670284271236456e-01
5.323260551095008175e-01
5.319985964655875588e-01
5.313635189533235659e-01
5.304712153673168951e-01
5.295846991300580120e-01
5.285927157819270139e-01
5.278844289183617366e-01
5.272989289283748215e-01
5.266478689789767520e-01
5.261296237349510907e-01
5.254305422306064788e-01
5.246270446419712963e-01
5.236055153489110880e-01
5.224970004022125858e-01
5.215410369873049179e-01
5.207146924138069677e-01
5.199806499719614727e-01
5.192607925415034797e-01
5.184119230329985450e-01
5.176089064478878177e-01
5.167374270379545553e-01
5.157934219598770964e-01
5.148207814633846136e-01
5.140040093421939238e-01
5.132174075603488372e-01
5.122938997328282396e-01
5.112538428425791315e-01
5.103498197317120066e-01
5.092196349799636979e-01
5.077222477197651518e-01
5.065506327688690247e-01
5.055404532313348964e-01
5.046599577963351013e-01
5.036542981624601012e-01
5.026522336006161717e-01
5.014294864237309746e-01
5.001522330939772720e-01
4.989191368460659803e-01
4.978144566178325237e-01
4.967735960781577420e-01
4.959042968511582217e-01
4.950376694440837277e-01
4.942860278964040233e-01
4.934971535205843196e-01
4.928193541944031475e-01
4.919815150737761322e-01
4.912797675132748454e-01
4.910026316642765454e-01
4.905430495321753126e-01
4.898661737680433115e-01
4.893147731184956384e-01
4.889228458881381689e-01
4.887032781600953446e-01
4.886293150484559700e-01
4.889548496603965955e-01
4.889967564940450595e-01
4.887048092365267049e-01
4.883090048074719136e-01
4.879358684897424081e-01
4.878124572187658714e-01
4.878408840179441763e-01
4.879539239108558468e-01
4.878898610651495882e-01
4.876829126983884266e-01
4.873804634809495995e-01
4.871199417114258634e-01
4.866527915775775703e-01
4.864059000074859584e-01
4.863851894050838509e-01
4.860385404467580384e-01
4.856913708895446158e-01
4.854871373414992863e-01
4.850697348475460635e-01
4.849065947055818948e-01
4.848174942642446417e-01
4.848992295563217536e-01
4.847199141949413148e-01
4.848671039700508389e-01
4.849377691090107079e-01
4.846471435606481415e-01
4.846968277692795257e-01
4.848673534870151514e-01
4.848259844005111674e-01
4.848652974724768083e-01
4.848957089424134059e-01
4.847630343228582772e-01
4.847046685159208668e-01
4.846056495249272400e-01
4.846189598083499028e-01
4.846744413971898480e-01
4.845798859506842415e-01
4.843930275321005618e-01
4.843433413088318873e-01
4.842839524716136546e-01
4.842886215209957768e-01
4.843231377571823870e-01
4.841329681992529999e-01
4.839558697491884165e-01
4.840341672897336966e-01
4.841313603401188326e-01
4.844043942332265096e-01
4.846287775039672119e-01
4.847566180974249295e-01
4.844984179615975384e-01
4.840835929602387289e-01
4.839823200464250519e-01
4.838456961393353128e-01
4.838237629860643318e-01
4.839391634464266789e-01
4.839476469755167876e-01
4.839323553264137101e-01
4.839016349613669554e-01
4.838750697076323326e-01
4.836429378509516930e-01
4.835152532219888499e-01
4.835078748345371658e-01
4.837303206324576887e-01
4.838340256571769804e-01
4.836023878008129384e-01
4.830840960294011666e-01
4.825915807008743230e-01
4.821269167423252733e-01
4.819324458539481770e-01
4.817934493541720653e-01
4.819961245268580829e-01
4.818771564811468733e-01
4.814663596749306773e-01
4.811968624770642800e-01
4.809985698401930132e-01
4.807932809710501187e-01
4.804942951351402480e-01
4.800511679679160260e-01
4.797452883958815417e-01
4.793125892132517607e-01
4.789143235802645893e-01
4.787085218667984088e-01
4.783438117980957638e-01
4.777678007572892516e-01
4.771250046193601935e-01
4.769072307944296485e-01
4.764836518287658973e-01
4.758889882177114727e-01
4.755039694905276448e-01
4.752027466058729166e-01
4.747963947206734758e-01
4.743926457166671717e-01
4.740257321476936681e-01
4.735502244353297918e-01
4.730724525392054347e-01
4.725880573272702723e-01
4.720021913766861421e-01
4.715270415276291982e-01
4.710379144698380594e-01
4.705515069901946013e-01
4.699395324289801223e-01
4.695779995143417596e-01
4.689850139617920965e-01
4.681480504870415005e-01
4.675961728334424583e-01
4.669169239103795888e-01
4.661584018379448802e-01
4.656447299003603213e-01
4.650962529480459628e-01
4.644209473490717999e-01
4.639409866929053439e-01
4.635721226483585089e-01
4.631892630279061951e-01
4.625346980452532675e-01
4.617809169292452776e-01
4.611550012409684207e-01
4.604340381681920613e-01
4.599779365956787602e-01
4.598028262585397985e-01
4.593723030298951238e-01
4.587559871077540041e-01
4.579788693934676025e-01
4.570149046361446366e-01
4.562433004885910748e-01
4.554647086858744642e-01
4.547326630413531245e-01
4.540321139901880576e-01
4.534600148200984560e-01
4.527264326214787138e-01
4.520488532304765550e-01
4.514455176591872787e-01
4.507071943402288228e-01
4.499098388552661976e-01
4.489753127634524277e-01
4.481583297252659248e-01
4.473832374423742375e-01
4.465756466835735239e-01
4.456738633602862487e-01
4.448255078494549042e-01
4.439455351829528218e-01
4.432343577861780903e-01
4.426610178083179026e-01
4.421290192991498280e-01
4.412289155364039206e-01
4.400455240845681515e-01
4.388380827069286449e-01
4.376232078552248494e-01
4.366015197336676756e-01
4.358358379006382344e-01
4.349307833164934300e-01
4.339859593033791874e-01
4.332504680156704646e-01
4.323649838387967348e-01
4.314472267448900555e-01
4.304765725582842539e-01
4.295126573145393589e-01
4.283652605116367584e-01
4.272560695648194851e-01
4.265345869064328665e-01
4.256825335353609518e-01
4.248024746865032286e-01
4.240137242585421684e-01
4.230202708184722660e-01
4.219702042043214085e-01
4.209707818537948842e-01
4.199612616211173544e-01
4.191688106775281475e-01
4.183674960613252836e-01
4.176844029814001935e-01
4.172475623607639350e-01
4.165765674859288059e-01
4.157053864598271864e-01
4.150984338521960804e-01
4.144916873872280250e-01
4.138602722525596689e-01
4.131961041390894152e-01
4.125028334915636363e-01
4.117583781659601705e-01
4.110070459008218213e-01
4.102443295776844190e-01
4.093047974020245783e-01
4.083473705649373064e-01
4.071573219895359141e-01
4.060260317087168724e-01
4.052078378915786039e-01
4.039442212581632052e-01
4.022755985021589931e-01
4.008845815658574341e-01
3.992235974520444430e-01
3.978580508887771261e-01
3.967219754934313558e-01
3.957999382019046219e-01
3.945273417860266085e-01
3.935701482951642904e-01
3.930021125376225721e-01
3.924872303247451955e-01
3.920225980758663131e-01
3.913451162695888996e-01
3.904302276372910718e-01
3.895918587923051790e-01
3.889637872695918541e-01
3.885214577168223382e-01
3.881247891634706515e-01
3.874904827117921502e-01
3.866341214001181581e-01
3.857632404863833298e-01
3.846106287956241876e-01
3.829689620256427340e-01
3.816645199507479602e-01
3.804188306212423210e-01
3.787851672172549145e-01
3.770680904388432619e-01
3.754447612762448205e-01
3.734325763195750492e-01
3.712901672899719951e-01
3.694739556044337458e-01
3.674611263275147643e-01
3.649898443073036902e-01
3.624724184185271203e-01
3.597337839663025116e-01
3.568069516837597543e-01
3.537962428629394251e-01
3.506246347427371401e-01
3.474234924316406126e-01
3.440279938548803096e-01
3.407993436217304217e-01
3.377239637464285460e-01
3.343963449925180798e-01
3.310667082041502396e-01
3.274980735182760339e-01
3.238088895320890281e-01
3.207350475311282478e-01
3.180260609775780734e-01
3.153540202617645671e-01
3.128841847836966727e-01
3.105584894418717545e-01
3.089044150173660408e-01
3.076450427055354986e-01
3.063504520833496558e-01
3.055344527065758098e-01
3.050480779409407983e-01
3.045928877234455046e-01
3.042335045814515970e-01
3.041895909547802090e-01
3.042474381923680471e-01
3.042953120291236879e-01
3.044861423492435382e-01
3.050047261476512839e-01
3.055098492801187060e-01
3.059781312108041385e-01
3.064752218574282039e-01
3.074118584275249977e-01
3.081729653596878560e-01
3.086786886453626866e-01
3.088913871198894490e-01
3.090595994085070242e-01
3.093707986235613716e-01
3.099622140884396027e-01
3.103364813804623257e-01
3.103140967726704114e-01
3.101751190423963078e-01
3.096521945297713851e-01
3.090586247444150891e-01
3.085556922912601197e-01
3.077002025216814540e-01
3.070242977499965664e-01
3.064973096549509224e-01
3.056676060885192281e-01
3.047012714624403040e-01
3.038105358242984555e-01
3.027514744937416791e-01
3.015907245516772917e-01
3.004423870503898364e-01
2.992817213326691150e-01
2.978827745825055606e-01
2.963449567317960609e-01
2.945740775763990293e-01
2.925120527029041462e-01
2.900807855963710158e-01
2.871759020835162879e-01
2.843898796081540392e-01
2.809180218517780547e-01
2.774611916691063773e-01
2.750549206137656300e-01
2.728566645383836975e-01
2.712978466212752626e-01
2.711687931925054751e-01
2.717744484275584349e-01
2.734137537628416603e-01
2.767818857789041687e-01
2.809541133821009118e-01
2.864088064193726080e-01
2.923772959291938700e-01
3.001189239948986454e-01
3.068990280300381013e-01
3.141678465664387576e-01
3.206850049644706102e-01
3.267211566209795026e-01
3.321711358308790385e-01
3.377355181396010653e-01
3.426440598964693995e-01
3.467225809365508948e-01
3.502890356212853273e-01
3.530732483685012912e-01
3.553922887474298409e-01
3.574275962442163834e-01
3.591204796910290598e-01
3.605535360217091423e-01
3.620750865161421195e-01
3.630415670245883963e-01
3.635759906768802341e-01
3.640508283019067703e-01
3.640021161049600829e-01
3.639522075176241933e-01
3.643628109246495606e-01
3.642668185651298240e-01
3.642673891603944725e-01
3.640928440690038292e-01
3.634729208439588244e-01
3.631764425873758584e-01
3.632146970033648947e-01
3.629014111965891964e-01
3.625542589038612817e-01
3.621984868049624717e-01
3.615851763010026754e-01
3.609571614682670626e-01
3.601712304711345292e-01
3.598201470732689811e-01
3.595210559070106116e-01
3.589092209547753987e-01
3.586755830705170012e-01
3.587675035953525327e-01
3.588803422898053652e-01
3.584685888707638268e-01
3.575812628448013508e-01
3.571272143840792390e-01
3.567250780761237472e-01
3.560044938206677334e-01
3.556648032903674816e-01
3.551247552156446829e-01
3.537606208682063658e-01
3.529218914955856712e-01
3.524839900732041897e-01
3.518233790516857029e-01
3.515207468450069483e-01
3.510851551711559049e-01
3.499473856389526127e-01
3.491503661274909520e-01
3.481023561060427873e-01
3.468681470632548614e-01
3.461867469549175236e-01
3.454652098238466529e-01
3.444936574548484454e-01
3.432305107712742553e-01
3.422533367574215335e-01
3.411995257735256359e-01
3.403770460456609359e-01
3.400099631309508874e-01
3.393681178092955997e-01
3.386764122456308868e-01
3.378027302831411172e-01
3.366232446670536782e-01
3.357216420561079384e-01
3.351362129688261748e-01
3.343406962752339950e-01
3.334300886690612087e-01
3.328164691925052932e-01
3.322345880270002882e-01
3.317175310939547983e-01
3.311033316850665043e-01
3.305817174017425808e-01
3.297568810701372866e-01
3.289004535645242977e-01
3.286137834489344933e-01
3.277076511681078497e-01
3.264355213165284764e-01
3.258687929242847781e-01
3.249409387439490815e-01
3.239166134834292610e-01
3.235051659733060303e-01
3.224000014364716837e-01
3.207241031885142979e-01
3.200169234275815344e-01
3.192279105931524752e-01
3.177413487911228684e-01
3.164270503580569049e-01
3.151358284950256383e-01
3.138023703366515371e-01
3.121925785809756548e-01
3.112332880377771671e-01
3.104443304657934499e-01
3.092030875682828528e-01
3.086837652951476829e-01
3.080191995948552974e-01
3.067214399337770403e-01
3.059355671942233235e-01
3.050988833814861634e-01
3.041099578142170134e-01
3.038458709269762914e-01
3.038500472009177944e-01
3.032637970954181750e-01
3.026439075946810719e-01
3.015700100362299629e-01
3.009238220006230646e-01
3.004259881228206752e-01
3.001789892613891397e-01
3.005042813748121100e-01
3.005895300805566106e-01
3.000541683286424566e-01
3.001640897005800612e-01
3.007470650970933135e-01
3.013880439996717286e-01
3.015854487419127317e-01
3.018397907495502519e-01
3.015540751338006698e-01
3.008990712523459399e-01
3.006294639408587099e-01
3.007371868550772764e-01
3.004368275165558155e-01
2.997053055047986803e-01
2.991626278877262402e-01
2.982264315247533659e-01
2.971823445886372372e-01
2.970204150676730159e-01
2.963907837152479074e-01
2.951586344093081737e-01
2.941948568344113779e-01
2.925941281616686873e-01
2.910309194207189587e-01
2.901518935710188929e-01
2.892979009985920391e-01
2.885509813129906176e-01
2.877302025794980511e-01
2.869123269885778815e-01
2.865136370658878939e-01
2.859937820971013012e-01
2.851014094978573943e-01
2.851745488405226236e-01
2.853323398321865323e-01
2.848807412087913105e-01
2.852481351792811037e-01
2.848685839891438309e-01
2.836990919530388844e-01
2.836164522171019664e-01
2.837203644990922702e-01
2.836374760597941691e-01
2.841455306500199618e-01
2.837127280533313645e-01
2.820647011041639840e-01
2.814691242724657871e-01
2.810785766512154948e-01
2.799129853576418636e-01
2.787953764200208906e-01
2.769292408823968987e-01
2.750854243636133845e-01
2.741401001363988899e-01
2.735155125617979577e-01
2.730454991340637294e-01
2.720069195628164183e-01
2.707552132427689107e-01
2.709155758649106627e-01
2.716870064377781557e-01
2.717090335607531548e-01
2.717631598591803699e-01
2.715428848117590888e-01
2.709841518133875304e-01
2.709920089244844399e-01
2.708067505955694121e-01
2.711549361318348339e-01
2.721814749956130153e-01
2.722449066817757002e-01
2.722096789836884745e-01
2.732652926445006680e-01
2.735671565055851073e-01
2.736261280417441877e-01
2.752022099435328939e-01
2.759335076004270082e-01
2.762978192776444630e-01
2.783392494380477755e-01
2.798743541896339115e-01
2.801615797877307079e-01
2.800323262453076612e-01
2.797419262647628524e-01
2.802405032157894160e-01
2.802507451206450173e-01
2.804661143749948571e-01
2.817687536627050404e-01
2.806112788081172038e-01
2.798147744178768881e-01
2.803624833136800776e-01
2.783687219053506690e-01
2.771615415811540251e-01
2.772753253072503532e-01
2.767111002922061913e-01
2.761496237754817451e-01
2.756435299217703805e-01
2.756827743530270713e-01
2.741291257888078814e-01
2.722018531322477619e-01
2.718100629508491961e-01
2.704075393736365962e-01
2.690426252692941222e-01
2.702632938742636215e-01
2.718797947704789664e-01
2.712642000496385264e-01
2.700543844223018408e-01
2.677370801866055250e-01
2.641699733644723991e-01
2.633232474386691391e-01
2.639039617896077883e-01
2.628030202388760839e-01
2.616738070249561843e-01
2.601338280379768553e-01
2.578677412569521654e-01
2.568721157848836145e-01
2.564421991288661218e-01
2.558421289443967850e-01
2.538437752187255314e-01
2.515291889280076298e-01
2.512958811432120521e-01
2.496607591629026179e-01
2.480641431659462159e-01
2.493508376181123587e-01
2.478545724391933158e-01
2.447571384072305400e-01
2.442823699265717352e-01
2.438500044286247004e-01
2.444084478050473352e-01
2.450173868715767311e-01
2.452668671309951032e-01
2.456828146517277822e-01
2.435875224530695826e-01
2.432511681258680558e-01
2.426183388054373447e-01
2.404763732880352278e-01
2.406357355058196257e-01
2.393803354561327423e-01
2.386776233911512279e-01
2.386710036993025252e-01
2.367403238058091164e-01
2.367167941063644532e-01
2.380783727437256747e-01
2.377619080245495786e-01
2.383739313662054105e-01
2.376448186010122754e-01
2.332309147059920817e-01
2.316866457521918887e-01
2.310278851687913027e-01
2.307585113346574679e-01
2.332510817050933438e-01
2.338008129596710893e-01
2.332065402269360987e-01
2.333362730562688059e-01
2.333353622585534193e-01
2.333684545755387030e-01
2.342375487953423929e-01
2.334667379289869782e-01
2.300779356300829692e-01
2.287229308292265950e-01
2.284180619940162360e-01
2.275758915066719013e-01
2.287162514284256931e-01
2.262215073823931055e-01
2.234420086026192021e-01
2.214231897220019230e-01
2.187038653254508580e-01
2.210921870112421972e-01
2.232897240668532401e-01
2.246904591724272759e-01
2.262633144542572361e-01
2.235673801124092308e-01
2.219372240543364683e-01
2.207466438040133760e-01
2.175470535710454234e-01
2.160211983919143042e-01
2.147529280483724268e-01
2.162866305917504617e-01
2.212713927850126772e-01
2.232589238137004939e-01
2.242084490656854612e-01
2.232876159667971094e-01
