6.526984968781471275e-02
6.350163441672922182e-02
6.893345504328608764e-02
7.022437575757504991e-02
6.317914394438269021e-02
6.721749529838562387e-02
6.840797847434879064e-02
6.604009337425230386e-02
6.448979178667073320e-02
6.636512440592046147e-02
6.755251475423577900e-02
6.705571566224094449e-02
6.667153818011284372e-02
6.615762074142696181e-02
6.616985357254741296e-02
6.642209213376046306e-02
6.452900811284784099e-02
6.612770881429316794e-02
6.792572688758376220e-02
6.635931882038713370e-02
6.734446331262590457e-02
6.691486648097638712e-02
6.493796487450602395e-02
6.393125065416097041e-02
6.500450505316254790e-02
6.669535158574578515e-02
6.729286173731090226e-02
6.532966908961536368e-02
6.479721569642427070e-02
6.636543779969213130e-02
6.867342529445888410e-02
6.731044291779400557e-02
6.583552992343902344e-02
6.603281676918268395e-02
6.791349421665067443e-02
6.704376675188537804e-02
6.579910505115986463e-02
6.594163338989016132e-02
6.764121637344364113e-02
6.684050638452174176e-02
6.556670914962892116e-02
6.578910455703737559e-02
6.586387052237988038e-02
6.684011970460417007e-02
6.737942606210713115e-02
6.603847753107541796e-02
6.670919741243125367e-02
6.782729378938670561e-02
6.814114469289775378e-02
6.723351782113314024e-02
6.690438192710276843e-02
6.683843698203559280e-02
6.652361210063098551e-02
6.592737143859270232e-02
6.625476896166802854e-02
6.715910744145510425e-02
6.763683765530585645e-02
6.674895934984088897e-02
6.637359678745273495e-02
6.686843110471965557e-02
6.699828675985335102e-02
6.682637665271762284e-02
6.675396435558791919e-02
6.697979669421916249e-02
6.719349955022338450e-02
6.705851144790650475e-02
6.657338228002188107e-02
6.603873636499048294e-02
6.659578058570625458e-02
6.677282745391133201e-02
6.634962290525435458e-02
6.643565510213376990e-02
6.645321515500549059e-02
6.677063224613667691e-02
6.741967700719830869e-02
6.715992930755022849e-02
6.718720625638961719e-02
6.746423633694645372e-02
6.755496130138632926e-02
6.784136534482236580e-02
6.760703836530447541e-02
6.710249199047685353e-02
6.760739911794663715e-02
6.780400124341250112e-02
6.775474067777396969e-02
6.775918577313423674e-02
6.790460567101838651e-02
6.805522044897083234e-02
6.820348683595653383e-02
6.845753374546766079e-02
6.896486682817334901e-02
6.923411849886182412e-02
6.919734969586130435e-02
6.948661888018248245e-02
6.980172098278995818e-02
6.989453723430630316e-02
6.977793276682492385e-02
7.029914430081848908e-02
7.048875983208419127e-02
7.022980936765670090e-02
7.007476884573698994e-02
7.014962440431117552e-02
7.009599632173775519e-02
6.982675184458489448e-02
6.994113290458912890e-02
6.981956145167350636e-02
6.960252460837364208e-02
6.960639658570291766e-02
6.948292231112716821e-02
6.948911368474361416e-02
6.973357355669142221e-02
7.011280071213837894e-02
7.014266178756950465e-02
7.021379984468223423e-02
7.060143672823902816e-02
7.078028850629924928e-02
7.093128993064162779e-02
7.109696662873028761e-02
7.129397463127970513e-02
7.186272432729601256e-02
7.245007399395106407e-02
7.285467858090997895e-02
7.315068761482831916e-02
7.360272952914238831e-02
7.394581809341910228e-02
7.403874635100368695e-02
7.458044614493848645e-02
7.495784221217036136e-02
7.510497816279526617e-02
7.536984202265738231e-02
7.576791947782035574e-02
7.623319247663018494e-02
7.663860768154268088e-02
7.663560956120490930e-02
7.696437150388954485e-02
7.746875231266026063e-02
7.773725513219831296e-02
7.789481722787018614e-02
7.798442692309615065e-02
7.808084770515563711e-02
7.831468743085864825e-02
7.867288235723976508e-02
7.906137826815243241e-02
7.940564039647576844e-02
7.984795877784486851e-02
8.010115974023944430e-02
8.029253523945810433e-02
8.071776486039164422e-02
8.092726301774386122e-02
8.114709792137148048e-02
8.155436059534545978e-02
8.221052155569200104e-02
8.242692768573763040e-02
8.259464487433430813e-02
8.322985516488548563e-02
8.371415076479318818e-02
8.398085968643420607e-02
8.415330074727536691e-02
8.446297403424982142e-02
8.485516538470980197e-02
8.524358503594998970e-02
8.556783962398770149e-02
8.594892195537685853e-02
8.610901186466218826e-02
8.622585920095447720e-02
8.665039837360383190e-02
8.711916760206225852e-02
8.741681654453278827e-02
8.756857419013974742e-02
8.791435546055439976e-02
8.807341229170564945e-02
8.823300784826275389e-02
8.857307641580702828e-02
8.875240593999626781e-02
8.887481966167683212e-02
8.901693943887947769e-02
8.919953412562607598e-02
8.951119240522383003e-02
8.976472631990908835e-02
8.984078313410280570e-02
8.993600915893909531e-02
9.013170192465189134e-02
9.031514912992713584e-02
9.034849779903886269e-02
9.054406508281824528e-02
9.078325823247436477e-02
9.094122640490528986e-02
9.098972637653347795e-02
9.118705261051651689e-02
9.137641354277727113e-02
9.141227170675994551e-02
9.146506596878171969e-02
9.162792547047141078e-02
9.182602238655088178e-02
9.183571499884130018e-02
9.195287289246917295e-02
9.216981639266015602e-02
9.237546651884914750e-02
9.240421664416789693e-02
9.248031774610282474e-02
9.262753757908938346e-02
9.277109629213810271e-02
9.279315896853802814e-02
9.285734705775980369e-02
9.300667762756346935e-02
9.303541747033593212e-02
9.312811711728573305e-02
9.327048783302312185e-02
9.339549950659278843e-02
9.345354085862636606e-02
9.345148885995144261e-02
9.349155450314287907e-02
9.368995620235803790e-02
9.375175177752975708e-02
9.369999632835385173e-02
9.365695168077950439e-02
9.376719499528404778e-02
9.384269775152206949e-02
9.384838987514373954e-02
9.387197081744674820e-02
9.398899231106043473e-02
9.403128514438868768e-02
9.399061970487239404e-02
9.407627724185586848e-02
9.414202101230624564e-02
9.417416059970858122e-02
9.421910580396657131e-02
9.426101269498471380e-02
9.429880563169716623e-02
9.433342500478032744e-02
9.430850293487305636e-02
9.442644326984880876e-02
9.450437090396883455e-02
9.444475126639012563e-02
9.445660041645166649e-02
9.441714511066680304e-02
9.434156614914533667e-02
9.430904348790643266e-02
9.425251793265346234e-02
9.421282961964608238e-02
9.421135843172673274e-02
9.420843987911942108e-02
9.424646972790357013e-02
9.425213689208032652e-02
9.418124931305647818e-02
9.420702124089005980e-02
9.424629978686570320e-02
9.423687914237376118e-02
9.415558708906170138e-02
9.407764279246332018e-02
9.405022041052579773e-02
9.404838042855266644e-02
9.390654663741587749e-02
9.383018369078635623e-02
9.380742336213586385e-02
9.376490854769942151e-02
9.365894661620265127e-02
9.356842715293164914e-02
9.350940589159725813e-02
9.340742649137977194e-02
9.331251072734596252e-02
9.322533097490670606e-02
9.312870102301239184e-02
9.298586927503350863e-02
9.287568837255236187e-02
9.282113729938869240e-02
9.279526192918417793e-02
9.269212988540533049e-02
9.253270302563901262e-02
9.238517942726616472e-02
9.238080615699291454e-02
9.229631504192953306e-02
9.214007272943854077e-02
9.205661690235142358e-02
9.198918725401160346e-02
9.188490995541211126e-02
9.172952473685143382e-02
9.155189940854908948e-02
9.144714923053981481e-02
9.137855954989786145e-02
9.127287839055057972e-02
9.105475537404422726e-02
9.091329054310921809e-02
9.083482950478789786e-02
9.067840247377749463e-02
9.056577589809890194e-02
9.043094615638258560e-02
9.025035055428748398e-02
9.012817772552368656e-02
9.000729792639608484e-02
8.989112475514410283e-02
8.978579825535419612e-02
8.959454070031643014e-02
8.945866732299326274e-02
8.937823276966810893e-02
8.924849556684492924e-02
8.904524775892494470e-02
8.886434575617310760e-02
8.878145987242463955e-02
8.869724080115555520e-02
8.855333822518585141e-02
8.839048709720373487e-02
8.829959058761592539e-02
8.815593218803402520e-02
8.799714446067809226e-02
8.787617956101897998e-02
8.783347019702193725e-02
8.765257366597653532e-02
8.747423042207956578e-02
8.747477007210256728e-02
8.737557150125502270e-02
8.719321055561303491e-02
8.701970694065089273e-02
8.693205898404121612e-02
8.694763065576549543e-02
8.692080130800602933e-02
8.674813503399496362e-02
8.654377507045868390e-02
8.641642352566118734e-02
8.634820740669962857e-02
8.627324279397723117e-02
8.612489014118906994e-02
8.603188500851391418e-02
8.597258092463018475e-02
8.578110133856532704e-02
8.561439118534330817e-02
8.551935752257706913e-02
8.548105264753100285e-02
8.542692731916902427e-02
8.531043730527164415e-02
8.516325309723615788e-02
8.505580862537027997e-02
8.500913865789770651e-02
8.492166390269997867e-02
8.477258626967669464e-02
8.467978044152257855e-02
8.455279723405834114e-02
8.443880304694172112e-02
8.437736409306526020e-02
8.434162209630016727e-02
8.419662734866147080e-02
8.401983317136765828e-02
8.399747962951663316e-02
8.389390032887462934e-02
8.376918798089026674e-02
8.367672627568248367e-02
8.359810423851016248e-02
8.351974849104885912e-02
8.342969079017639733e-02
8.332296779155733135e-02
8.323539039418101360e-02
8.316518639698626536e-02
8.309253376722336437e-02
8.295935330763461180e-02
8.282640217617158462e-02
8.272003091424703913e-02
8.263718427941199596e-02
8.252783175185321451e-02
8.246964898705480551e-02
8.241706626713278527e-02
8.230609364733097733e-02
8.223177967965605850e-02
8.215186187624931580e-02
8.206511532515289864e-02
8.197773990780114761e-02
8.189078620076184478e-02
8.179880156368017630e-02
8.170052086561922777e-02
8.160462985932824542e-02
8.156520364433524073e-02
8.150949621945619006e-02
8.133999554067854187e-02
8.131538097560406242e-02
8.128634215146306186e-02
8.120714199542999889e-02
8.113384578377011436e-02
8.104912640154361692e-02
8.096550198644401897e-02
8.090338479727506027e-02
8.089398139715192615e-02
8.084202964603899588e-02
8.077969790250059956e-02
8.075655562430614220e-02
8.064499605596069098e-02
8.054693239033219876e-02
8.050551277175549414e-02
8.052428808733826104e-02
8.048991845920677735e-02
8.041562354415651703e-02
8.034365193247795800e-02
8.037352815866473377e-02
8.036445378139613072e-02
8.030543507859115582e-02
8.026480701193218492e-02
8.031552062183615337e-02
8.026095722615717021e-02
8.016063456237312868e-02
8.022254459559918782e-02
8.023782234638926480e-02
8.026023488640787740e-02
8.029942089915276249e-02
8.028616366535422377e-02
8.031720746308562697e-02
8.034232512116433467e-02
8.031108690723777477e-02
8.032494276463982008e-02
8.034217936247589620e-02
8.035427457168693721e-02
8.037147418111562081e-02
8.040520021095874659e-02
8.043317084461445998e-02
8.045214589759712431e-02
8.048694459125400880e-02
8.054362071156498382e-02
8.060761160850522800e-02
8.065548458099364160e-02
8.074956621527673573e-02
8.079143287539483631e-02
8.080654136985539193e-02
8.088252983987330447e-02
8.093286831825974303e-02
8.101349420025941162e-02
8.112259541898969584e-02
8.119733393266799493e-02
8.126197664514185626e-02
8.132018467113377724e-02
8.138542647510763062e-02
8.149576285779480678e-02
8.156694380342965900e-02
8.160591433569784614e-02
8.164574282616379741e-02
8.169357399567962752e-02
8.173985936120149731e-02
8.180680968537928921e-02
8.192430558130144036e-02
8.204863098263737164e-02
8.208848567605021851e-02
8.208904784321781334e-02
8.220602299571037885e-02
8.227110863924023965e-02
8.230593341588969547e-02
8.235069227814671711e-02
8.240147964358328359e-02
8.240520769953732505e-02
8.242869297266007533e-02
8.253173229694361901e-02
8.255677832365033997e-02
8.257957568168636242e-02
8.262519998550417466e-02
8.267992252111433515e-02
8.276920354366304466e-02
8.285268536806110473e-02
8.289781407713890660e-02
8.289416738748549285e-02
8.296163484454159576e-02
8.303654361963272446e-02
8.306838033720846670e-02
8.307788635790348819e-02
8.310821685194971775e-02
8.314077995717523983e-02
8.312525805830958681e-02
8.308748169243336534e-02
8.317162399739026768e-02
8.326930542290211790e-02
8.316890743076797710e-02
8.316372165605426248e-02
8.319505823478105799e-02
8.321302720308304535e-02
8.320942995697262756e-02
8.319273170828818398e-02
8.318091642111537232e-02
8.316612696647644742e-02
8.312456260621552129e-02
8.305238355696203945e-02
8.303248250633475658e-02
8.306963374689224633e-02
8.297583444863559921e-02
8.290931732654571729e-02
8.292206738293170232e-02
8.300262287557123864e-02
8.289408089816567571e-02
8.286731832101938700e-02
8.290677124857899483e-02
8.283496262803675958e-02
8.265346139967440220e-02
8.259231713265177688e-02
8.265885154008860425e-02
8.257907917797566166e-02
8.250632358342410710e-02
8.241547697409984385e-02
8.232165469974277172e-02
8.229764188528057578e-02
8.222418293952944712e-02
8.214637617543335546e-02
8.207345770597454515e-02
8.193303282931448106e-02
8.186241395175453128e-02
8.185215147137640812e-02
8.185478743314741901e-02
8.179889171570535467e-02
8.161678081750869951e-02
8.144207430630925892e-02
8.145027096271517664e-02
8.140682201981541688e-02
8.132130894809966315e-02
8.119409618452191890e-02
8.106353630125519294e-02
8.103727770298715938e-02
8.092180947884917985e-02
8.074616715162995229e-02
8.079377474561334760e-02
8.080246837064625209e-02
8.067995786592367657e-02
8.048244818374511445e-02
8.044105349555610851e-02
8.036467696353788437e-02
8.027987339124086075e-02
8.023168820142741187e-02
8.014937928318974225e-02
8.011874116957191927e-02
8.006288966238499227e-02
7.993025187253953445e-02
7.997572853267193027e-02
7.990811347886921101e-02
7.974142744690178308e-02
7.961170045956970920e-02
7.961355666816234689e-02
7.951887993514535069e-02
7.940919889509678864e-02
7.945451958775517909e-02
7.939851457402109791e-02
7.926445946842433643e-02
7.913734297156335695e-02
7.909891033619646794e-02
7.898840854316954707e-02
7.888231108188625829e-02
7.880703067928551686e-02
7.876026457101102662e-02
7.880803027153014673e-02
7.869237374663348716e-02
7.847725409120319406e-02
7.850182237625119575e-02
7.844993765354157933e-02
7.840802563652396473e-02
7.836543774604795565e-02
7.819700703620909021e-02
7.812209712266918182e-02
7.817171970382327806e-02
7.826788105815650487e-02
7.820169101655483068e-02
7.805327787250283811e-02
7.801551949605350922e-02
7.808388577029115596e-02
7.795038796216247068e-02
7.801245561242105275e-02
7.800418824106453153e-02
7.781741374135012212e-02
7.788825260549785134e-02
7.777461140602823231e-02
7.764772782772777493e-02
7.767020363733175004e-02
7.765972430035468499e-02
7.777357537448402469e-02
7.775010283887386076e-02
7.750959814786911872e-02
7.756555278226735795e-02
7.762616679593922764e-02
7.763113903924821757e-02
7.759887125194070423e-02
7.755834598913791122e-02
7.762459077239033944e-02
7.764388041272757279e-02
7.756470927670594540e-02
7.769021116197109833e-02
7.749438221007584615e-02
7.737128718942404282e-02
7.763022471964355076e-02
7.784907757490869273e-02
7.781834451109169437e-02
7.768067111223934951e-02
7.761708803996437978e-02
7.756706491783266211e-02
7.758346557766196416e-02
7.754658813551072727e-02
7.743287097588186230e-02
7.748564603552222929e-02
7.756918805241587445e-02
7.751700480729344089e-02
7.735960943102838938e-02
7.749438161253927038e-02
7.748867857456206987e-02
7.742251297831534429e-02
7.736626667380332167e-02
7.719951013922696226e-02
7.722917925119399118e-02
7.741234958767886920e-02
7.755201747491954900e-02
7.743259856924417095e-02
7.754292755573989615e-02
7.754966548606755106e-02
7.744365587532521522e-02
7.773746957704427696e-02
7.760135725289579733e-02
7.760629741102459400e-02
7.796543507426977049e-02
7.825237099528309370e-02
7.795732226967815037e-02
7.791221004724498134e-02
7.823500741273166359e-02
7.831144643947483830e-02
7.825599357485775454e-02
7.830498347058893749e-02
7.842025207355615701e-02
7.838242078199986196e-02
7.823147274553780839e-02
7.829071169719098444e-02
7.853594217449426373e-02
7.866059465333816170e-02
7.813236895948649785e-02
7.826045257970691560e-02
7.884257085621353134e-02
7.905921843945980243e-02
7.877417403459548162e-02
7.870722367912535988e-02
7.879214949533341894e-02
7.878259746655823237e-02
7.883965263515706201e-02
7.903258860707286504e-02
7.894542403966185729e-02
7.860099426060919436e-02
7.890247502848507510e-02
7.876078312844042584e-02
7.894231640473006739e-02
7.945557533651588511e-02
7.906244492530822843e-02
7.885873484611512219e-02
7.909810638427738905e-02
7.929538631439203566e-02
7.877157306671146719e-02
7.916755199432376489e-02
7.924806940928100230e-02
7.901736118122930363e-02
7.908948983475563854e-02
7.872707222253086390e-02
7.879006758928303045e-02
7.912445660233503875e-02
7.933506724536415478e-02
7.968660875409842859e-02
7.931922578513618538e-02
7.887307883948088683e-02
7.896653314828877557e-02
7.889522421360020688e-02
7.883320198953154556e-02
7.900940568745135062e-02
7.950634162500505586e-02
7.988826987147330805e-02
7.996966259926555076e-02
7.989369211345916100e-02
7.981134077906608393e-02
7.936883000135422361e-02
7.926028530150652784e-02
7.936173156946893514e-02
7.935364334583280832e-02
7.935951561778786800e-02
7.938778968080882625e-02
7.942564908936620982e-02
7.932548340484497917e-02
7.918378020301458653e-02
7.906964065954091847e-02
7.899579043984410187e-02
7.888247428536412920e-02
7.882942771911620461e-02
7.882298798561097886e-02
7.889462263584132162e-02
7.906199662685391150e-02
7.914665105938914480e-02
7.938339988589292184e-02
7.935158523917197615e-02
7.915203473567959669e-02
7.883656902909276509e-02
7.845215681791309348e-02
7.834631914123887930e-02
7.834706495255228109e-02
7.830162215232851219e-02
7.831162672489881682e-02
7.839506794512267340e-02
7.849491535872216152e-02
7.868718235939736738e-02
7.873879320174451135e-02
7.874906851574774158e-02
7.878749588727948505e-02
7.876552473306656921e-02
7.872305898070336427e-02
7.880135336592797302e-02
7.866139799952509559e-02
7.841165330708023407e-02
7.832915073707698295e-02
7.826844048500060380e-02
7.826659460365774368e-02
7.828052731603388215e-02
7.837088689953086718e-02
7.833978749066594638e-02
7.820598324388264300e-02
7.818823560923335303e-02
7.823574380055067778e-02
7.822324475347991468e-02
7.832812453061338553e-02
7.831641544103620789e-02
7.820505358278749541e-02
7.794740931540730666e-02
7.794785966500641927e-02
7.790878205001355861e-02
7.791998797953127165e-02
7.806848500072952057e-02
7.807400676310058407e-02
7.799482705295082696e-02
7.798765171468255430e-02
7.799874691367149337e-02
7.793836186528210752e-02
7.787892909944055253e-02
7.780558119714260645e-02
7.756012852489950482e-02
7.751415320932861230e-02
7.763413342833515307e-02
7.766936788260940527e-02
7.777290830910205122e-02
7.791390518248085539e-02
7.784757759571075963e-02
7.758378056585786553e-02
7.752583158910276995e-02
7.743534260094168953e-02
7.739071081578734190e-02
7.753967312425379121e-02
7.750290687829257397e-02
7.722191087678079158e-02
7.723373070806260898e-02
7.752732911556958761e-02
7.749684731662277726e-02
7.730285995453597958e-02
7.732146363258363131e-02
7.717761066034434236e-02
7.713712270557883388e-02
7.715660241097216376e-02
7.753309682309623974e-02
7.750694868564608764e-02
7.717435712814330051e-02
7.712457473874087532e-02
7.710580202937128425e-02
7.709046335220340329e-02
7.722919825315477382e-02
7.724819989800457698e-02
7.720592806935314134e-02
7.713905675411222851e-02
7.694806548357012443e-02
7.692243019640446211e-02
7.696673737391826475e-02
7.697037855386731908e-02
7.700198222324247666e-02
7.716668468341225662e-02
7.717094626724722850e-02
7.704192441627381871e-02
7.703234508484602117e-02
7.708377952128650512e-02
7.703001857027413912e-02
7.694941776543851031e-02
7.689425459951157449e-02
7.665570001453160531e-02
7.665481363385918956e-02
7.693582585304972743e-02
7.697652549892665397e-02
7.698584726899862507e-02
7.700777780413629869e-02
7.696050416827206198e-02
7.677726712375881890e-02
7.673821466863152418e-02
7.680300983414052596e-02
7.682125376462932420e-02
7.681825484335422227e-02
7.679882833361627303e-02
7.678122629076240824e-02
7.676401573270560941e-02
7.668842962086204473e-02
7.669826844632628149e-02
7.678124845027921308e-02
7.682449644058941818e-02
7.693252007290717065e-02
7.695331518352033218e-02
7.686422494053841981e-02
7.687155309319493313e-02
7.692283538728955650e-02
7.691722846403717395e-02
7.696045865491031590e-02
7.708174992352724575e-02
7.711714240610596793e-02
7.711528839319943540e-02
7.714525544643399679e-02
7.717230482995515728e-02
7.720652651041745584e-02
7.728390754312279565e-02
7.729367989003657624e-02
7.724243970066303755e-02
7.724273516088722702e-02
7.723629412800073202e-02
7.721643181443216264e-02
7.718324424475431211e-02
7.722594563364980347e-02
7.730861540436745338e-02
7.737011545002463186e-02
7.744364072680479105e-02
7.749997451379891933e-02
7.754265682399276438e-02
7.753144523948428402e-02
7.750107499212029183e-02
7.740918874517078996e-02
7.745981074795130206e-02
7.755044880136845176e-02
7.760889232456687215e-02
7.777744276598098916e-02
7.787116806730624841e-02
7.789186296835540202e-02
7.788939612433309900e-02
7.784785122126336443e-02
7.788246828094121110e-02
7.791878406554460235e-02
7.792049017623067786e-02
7.808984566554430518e-02
7.817131799012420890e-02
7.823608372434968927e-02
7.827485896721482483e-02
7.832867900431159103e-02
7.837365090027446912e-02
7.838344663381578703e-02
7.833387102484699882e-02
7.839358626008038899e-02
7.852265417575837736e-02
7.859751725271343914e-02
7.873897033706310500e-02
7.881214845702053107e-02
7.874831143915654585e-02
7.877681097388267162e-02
7.875792391598226971e-02
7.904401337355378143e-02
7.917349825799462060e-02
7.913923131674528710e-02
7.928373429179191856e-02
7.930713268369440905e-02
7.937612434476612466e-02
7.958888801187280482e-02
7.962059286981824913e-02
7.947347612678999640e-02
7.951294106990099142e-02
7.954710464179517992e-02
7.962257165461775199e-02
7.982394964993003161e-02
7.993998480811712048e-02
8.005702402442697874e-02
8.014776577726011320e-02
8.014308789670464284e-02
8.023080123960973919e-02
8.041183827221388969e-02
8.041982563436030074e-02
8.042539168894292934e-02
8.056113993525503003e-02
8.052177877798671890e-02
8.048997279852629361e-02
8.059510451480747517e-02
8.072595264613623145e-02
8.082004933357236909e-02
8.091591753065587034e-02
8.101766123473647108e-02
8.108810826838015740e-02
8.119519602656366519e-02
8.139758200049397596e-02
8.150617196112876217e-02
8.149704222679141075e-02
8.158709963858125358e-02
8.168210691213607932e-02
8.176225892081857849e-02
8.182579899951815394e-02
8.207233598083255033e-02
8.220784386992460724e-02
8.229234996065494523e-02
8.247827328443531336e-02
8.252677581310269295e-02
8.264006644487380260e-02
8.284123424291606197e-02
8.286983546018598934e-02
8.291769601106646626e-02
8.300017610564830450e-02
8.295323319733138856e-02
8.305380511283871892e-02
8.341704625263808570e-02
8.350789159163829467e-02
8.336614039167759838e-02
8.347155312299731067e-02
8.363018804788584226e-02
8.368657878637308922e-02
8.381093062162399410e-02
8.409026664867995382e-02
8.395581908449534225e-02
8.391902345269917907e-02
8.417688682228331720e-02
8.426102795004847268e-02
8.437576383948322545e-02
8.456024249419565042e-02
8.460636237189171627e-02
8.464902252107855962e-02
8.474761046469207748e-02
8.481451883912081990e-02
8.489073581993585027e-02
8.497793577611448268e-02
8.507184796035288654e-02
8.514251751303676674e-02
8.522268734723327521e-02
8.530338082984094406e-02
8.535824590772392306e-02
8.541538258716457888e-02
8.548361182063819730e-02
8.552437852472068169e-02
8.564944410622118975e-02
8.579925141930577759e-02
8.587032029181720927e-02
8.597910279035568537e-02
8.599343898296353539e-02
8.595793035775418922e-02
8.604363778084518632e-02
8.615807658582920470e-02
8.620830488204955788e-02
8.624764091670514277e-02
8.632394574433568946e-02
8.640943930447102239e-02
8.654736616164450391e-02
8.663164322376255833e-02
8.671136917769908803e-02
8.683241075500845729e-02
8.694256854504342491e-02
8.706932484805586514e-02
8.724115971326831809e-02
8.743694756180049599e-02
8.766403314769270760e-02
8.781422393918035529e-02
8.796643536686894749e-02
8.823055711090561914e-02
8.841087698489426272e-02
8.854474166929726664e-02
8.883663204908376354e-02
8.911373662948608720e-02
8.916491107642646186e-02
8.925304320752623644e-02
8.938137751221653104e-02
8.945330194383856182e-02
8.965811033919453277e-02
8.990030957907434173e-02
9.004061842709779051e-02
9.020646546185012715e-02
9.035545419603588368e-02
9.051574761196966301e-02
9.065075302273031821e-02
9.074806312322612756e-02
9.090149210765963161e-02
9.110750719308850776e-02
9.126353904604912748e-02
9.139767296612268110e-02
9.150793053209783923e-02
9.154010091349482070e-02
9.166939443498850482e-02
9.182727407962081034e-02
9.197227274030450594e-02
9.212107822448013794e-02
9.218357357680800890e-02
9.227048866897820389e-02
9.243699293136597994e-02
9.249516503065820239e-02
9.248823749721046816e-02
9.250341314822435601e-02
9.257347788214684292e-02
9.280991408228873862e-02
9.298828130215404386e-02
9.305828732252119373e-02
9.311902805715800702e-02
9.322158448398114305e-02
9.331622689962383588e-02
9.346385866478083837e-02
9.369697808697821650e-02
9.384595237225290543e-02
9.396984876394270936e-02
9.403156666308644385e-02
9.403565218299630990e-02
9.415493609011173215e-02
9.432059138566255274e-02
9.434260004013782230e-02
9.432390735670920234e-02
9.431771333143113001e-02
9.436279698684808814e-02
9.434316782578824889e-02
9.432213329672813062e-02
9.429404917955395982e-02
9.408076030015943836e-02
9.392433272600175798e-02
9.386868798136711878e-02
9.381217321157458988e-02
9.361906292289495779e-02
9.329369165003303932e-02
9.306841533333060079e-02
9.285092942193153009e-02
9.263206314444540068e-02
9.257196723222733958e-02
9.243125700950619028e-02
9.227152452170850339e-02
9.223694916889069173e-02
9.234477778002618542e-02
9.234887514933942665e-02
9.241888383775950788e-02
9.245929337292908834e-02
9.249226059764627250e-02
9.242482013925909512e-02
9.236035119667646009e-02
9.215869982242581859e-02
9.188802744895224750e-02
9.144860024377708674e-02
9.090808906257148714e-02
9.012147678807383433e-02
8.896307393163443988e-02
8.753645241558555279e-02
8.582631178498265068e-02
8.391612382754681798e-02
8.200116628035901412e-02
8.005327956900003261e-02
7.792281713634728602e-02
7.577251768037673862e-02
7.372292020320894701e-02
7.174471833780407537e-02
7.014011911153793244e-02
6.886327056586745432e-02
6.774122080206866625e-02
6.682714110240338401e-02
6.613641190528866953e-02
6.562300442308183213e-02
6.536403250694278189e-02
6.538404698595402798e-02
6.552248024940493520e-02
6.589856507778164840e-02
6.633365328311924269e-02
6.686981120109559973e-02
6.753307428359980880e-02
6.833240096569064004e-02
6.921184523105625153e-02
7.017246504947544095e-02
7.117682062983515801e-02
7.218331982940440206e-02
7.326942022889851303e-02
7.436266602575782036e-02
7.539275240302084624e-02
7.648269069120292030e-02
7.760431918501857484e-02
7.861719767749310306e-02
7.965226035118100345e-02
8.070617308616642727e-02
8.163007800579072382e-02
8.250665276870136622e-02
8.340419307127593107e-02
8.427109036445620815e-02
8.497212933003904511e-02
8.566525519341230965e-02
8.647861585021023034e-02
8.714749534428116451e-02
8.769801262766122041e-02
8.823654115945102350e-02
8.874121086299419092e-02
8.920848479866978764e-02
8.965903932601210213e-02
9.011771017089489910e-02
9.057689557000996039e-02
9.104100286364556760e-02
9.147565535604956777e-02
9.194569206833841379e-02
9.246973068714145483e-02
9.285914793014521385e-02
9.317405042499307677e-02
9.355472007840871795e-02
9.390937130153183265e-02
9.431217436119915254e-02
9.470026982426639484e-02
9.504447537064548979e-02
9.548722969889639201e-02
9.584617755487560842e-02
9.614963588714596499e-02
9.658352038264271522e-02
9.694130716919904800e-02
9.715616876631974486e-02
9.748729784414168764e-02
9.785991113260392171e-02
9.805357538163667064e-02
9.826920021325345755e-02
9.862975275814533926e-02
9.889035371839995092e-02
9.910506644099906226e-02
9.935481639951444788e-02
9.953599569350439491e-02
9.973106309026458227e-02
1.000736878931526019e-01
1.004365919798610590e-01
1.006456654250620364e-01
1.007444608323278396e-01
1.008693336881692632e-01
1.011358662396668884e-01
1.014496629238133552e-01
1.017449181489649274e-01
1.020120552331206798e-01
1.021696023419504246e-01
1.023243553303186670e-01
1.025723759122190437e-01
1.027796716354791723e-01
1.029197389036421856e-01
1.030985858082772988e-01
1.032335871696477003e-01
1.034329114079477890e-01
1.036830141484737372e-01
1.039146472871304017e-01
1.041657249480481828e-01
1.043854283355173107e-01
1.045754506438970055e-01
1.047755730710928090e-01
1.049616806618866444e-01
1.051625845581292407e-01
1.053554083593193635e-01
1.055413242690266817e-01
1.057421691864730562e-01
1.058917193278668539e-01
1.060589884042740239e-01
1.062535840183500835e-01
1.063973155617710109e-01
1.065395882524548810e-01
1.067309947289526162e-01
1.069021755672991264e-01
1.071201528161767058e-01
1.073778783440594575e-01
1.075665680110454853e-01
1.077323450647296177e-01
1.079302199989558841e-01
1.081305268250407486e-01
1.082799432426686248e-01
1.084275883659719941e-01
1.085887180715799510e-01
1.086953936442736218e-01
1.088430977165699143e-01
1.090837201401596013e-01
1.092479004561905109e-01
1.093639415502548756e-01
1.094760228820141901e-01
1.095254466153686157e-01
1.096039955750104794e-01
1.097785406321282881e-01
1.099706212416288881e-01
1.102053545035425464e-01
1.104227806173266324e-01
1.105856770575044112e-01
1.107711600065230118e-01
1.109055291652675385e-01
1.110198670864108450e-01
1.111854507923124846e-01
1.113015862941741513e-01
1.114362943410875523e-01
1.116041242569686676e-01
1.117604264453053720e-01
1.119115563824772119e-01
1.120213230460881809e-01
1.121715541020032597e-01
1.123428572922946928e-01
1.125161424420775547e-01
1.127353663183751492e-01
1.129039654970167700e-01
1.130373756848279260e-01
1.131815962791444946e-01
1.132863191664216090e-01
1.134097952023149225e-01
1.135601519793270342e-01
1.136796194836496438e-01
1.137691777423023159e-01
1.138770044572652573e-01
1.139934169478711706e-01
1.141265692599118808e-01
1.142810073748230931e-01
1.144003743849697080e-01
1.145191961720582324e-01
1.146299353957175027e-01
1.146895194344218216e-01
1.148858881495896378e-01
1.150193646483127913e-01
1.150954527363181462e-01
1.152841293856501775e-01
1.154563314571973726e-01
1.156464964181185828e-01
1.158364919178190150e-01
1.158990967869760191e-01
1.159395980186759129e-01
1.159464796178046320e-01
1.160040227539841096e-01
1.162392201922837626e-01
1.163908069379630261e-01
1.164875692948697666e-01
1.166588282778858732e-01
1.167517831325535355e-01
1.168259262293579043e-01
1.169256479658191406e-01
1.169387580737467347e-01
1.170162912078205053e-01
1.171740104489028128e-01
1.173998482465746784e-01
1.176469755500553355e-01
1.177574609339240574e-01
1.177267791479829212e-01
1.177015291363004840e-01
1.178089043319223428e-01
1.180394851304589349e-01
1.182038036987182045e-01
1.183161282248796353e-01
1.183757732190189871e-01
1.183439532190558724e-01
1.184453762441874253e-01
1.186359129592772232e-01
1.187054124087099233e-01
1.187844421446319354e-01
1.188701049834485213e-01
1.189197648137812480e-01
1.189808925420041685e-01
1.190990944355727471e-01
1.192050324589013499e-01
1.192239146918054604e-01
1.193107125282284187e-01
1.195111943781377029e-01
1.196432520866398397e-01
1.197473107308153900e-01
1.198552902758120847e-01
1.198011641561982504e-01
1.197609419688581561e-01
1.198066622614864934e-01
1.198357889533046838e-01
1.198936001300813098e-01
1.200094804376360819e-01
1.201226927638057440e-01
1.201759270995853141e-01
1.201941239118575755e-01
1.202401583917438177e-01
1.203250485792757424e-01
1.204944898948073911e-01
1.206029447197913274e-01
1.206323028527203911e-01
1.206673365473749093e-01
1.206483123593030810e-01
1.207129032000899410e-01
1.208823445156215759e-01
1.209390927620234146e-01
1.209551545470955031e-01
1.210548648238186226e-01
1.211291260957716026e-01
1.211760663539171307e-01
1.212437682241198217e-01
1.212458448976274916e-01
1.212328084833916159e-01
1.212867448970672835e-01
1.213285660676660105e-01
1.213192764297127968e-01
1.213675040751697326e-01
1.215069552883509679e-01
1.216084359809751769e-01
1.216426558718089468e-01
1.217316983267666963e-01
1.217876777648929515e-01
1.218030118718745058e-01
1.218835804089907909e-01
1.219307079046963033e-01
1.219555081859226842e-01
1.219613430976863450e-01
1.219816100835804384e-01
1.220382854461672939e-01
1.220831728629765967e-01
1.221758862353860553e-01
1.221788254246113231e-01
1.221546828716991578e-01
1.221767724379893699e-01
1.220902703151106050e-01
1.222546918652951953e-01
1.224232716783885538e-01
1.223034868262708186e-01
1.223302562840280772e-01
1.224136114597324659e-01
1.223811666011813126e-01
1.225862060092392652e-01
1.227329373225565512e-01
1.226024781242016221e-01
1.225957880683246765e-01
1.226458219230173730e-01
1.225727995194490910e-01
1.226755873560900906e-01
1.228313121907410599e-01
1.228711966015402363e-01
1.229880925752218357e-01
1.230518460035327916e-01
1.229391040146350367e-01
1.228704443849620437e-01
1.228991064995531984e-01
1.230150192350151633e-01
1.231702781409027420e-01
1.233296448737383894e-01
1.233648525260390566e-01
1.232409367062154426e-01
1.232088678017260047e-01
1.232447810322049586e-01
1.232611608803273751e-01
1.233843452095986643e-01
1.234476870179177510e-01
1.234089356325564629e-01
1.234399455524976125e-01
1.233915996283288380e-01
1.232403058335184154e-01
1.232747508376837303e-01
1.232991878226395860e-01
1.233441640883684159e-01
1.235061465017492782e-01
1.234714913442731682e-01
1.233244359999895040e-01
1.233218073181807234e-01
1.233449228033422912e-01
1.233888170048590832e-01
1.234467624351382187e-01
1.233900807753205153e-01
1.234144795417787266e-01
1.235081289231772933e-01
1.235530202627186658e-01
1.236207920014859157e-01
1.236350648820404713e-01
1.234740907654168218e-01
1.234694733470675515e-01
1.235280911810697352e-01
1.235265348613266978e-01
1.235396522283553483e-01
1.235591102465983665e-01
1.235543528571725475e-01
1.235082311943175720e-01
1.234750879436727622e-01
1.234534085497255990e-01
1.233476444192232041e-01
1.233021850630642985e-01
1.233682876199481138e-01
1.233116801261905093e-01
1.231439442694189923e-01
1.231102390788491735e-01
1.230995157137516338e-01
1.231104678489272353e-01
1.232761522047224612e-01
1.233221549510960247e-01
1.233389712274071126e-01
1.233074569322163971e-01
1.232289126232270215e-01
1.231860494710502185e-01
1.230909014582638322e-01
1.230456513360144444e-01
1.230503585264083877e-01
1.230178726464513789e-01
1.229118643164636149e-01
1.229064185738560355e-01
1.229557475566866453e-01
1.229335491612551234e-01
1.229928855299952661e-01
1.229382218331101367e-01
1.227717028155927426e-01
1.226981853812930956e-01
1.226427282541986824e-01
1.225148363284761788e-01
1.223160015262663297e-01
1.223139298707245637e-01
1.224106375873085101e-01
1.223675908148291330e-01
1.224245438009504278e-01
1.223535710029299978e-01
1.220120609700680592e-01
1.219509265847505269e-01
1.220645222842691863e-01
1.220083957947786513e-01
1.219482311457395635e-01
1.219051662325861540e-01
1.217486268773671498e-01
1.216771885082126026e-01
1.216190839260815892e-01
1.215767794698479343e-01
1.214432776696984656e-01
1.211769486643377025e-01
1.210466004908086757e-01
1.209710352495309282e-01
1.208852718323471659e-01
1.209512367859479770e-01
1.209292805060739606e-01
1.208129416942596013e-01
1.206778336286547099e-01
1.205059731245043675e-01
1.203691654443742320e-01
1.201879928827282867e-01
1.200620861686770152e-01
1.200006431177261940e-01
1.199636638447641457e-01
1.200092986248433163e-01
1.199877666696903822e-01
1.199625515200198195e-01
1.199096345871688979e-01
1.199075648412107897e-01
1.197246611699459562e-01
1.193669854983691186e-01
1.191618845164777452e-01
1.187980732396245048e-01
1.187510704547162510e-01
1.191070233844217091e-01
1.191222509413953773e-01
1.191433860629801389e-01
1.190807023853068247e-01
1.187837723374367133e-01
1.186672751463947600e-01
1.186611487902705098e-01
1.185878975994881235e-01
1.185377086050811019e-01
1.184223132535819761e-01
1.182890490397808664e-01
1.181274312078951366e-01
1.178877470523120030e-01
1.178724163025616500e-01
1.178310570433739879e-01
1.178216264255345508e-01
1.178676457792517673e-01
1.177204923033716155e-01
1.175074599385263208e-01
1.175772585868836845e-01
1.175208646357061154e-01
1.174542597457767651e-01
1.173771666169169392e-01
1.171064500540496267e-01
1.169773709356784347e-01
1.169655807226898520e-01
1.169569183751938690e-01
1.171057974494993520e-01
1.170901964999739864e-01
1.169861043155192848e-01
1.168754689157011639e-01
1.166044758632782119e-01
1.164523532614114842e-01
1.163307323947546656e-01
1.162795155823229398e-01
1.163786738991740566e-01
1.162981077313424844e-01
1.161734433978799524e-01
1.160589563928541151e-01
1.157887007519600164e-01
1.156710350200530202e-01
1.157106917798522289e-01
1.156198328852654500e-01
1.154767304509881354e-01
1.152656161725517797e-01
1.150170867294072613e-01
1.148151848673819725e-01
1.147431476630270675e-01
1.145552264466885989e-01
1.144127602435644903e-01
1.143856423646215092e-01
1.141573349088425837e-01
1.142018989518287231e-01
1.143815588772292557e-01
1.141862904936078865e-01
1.141318475827574896e-01
1.138695908546449864e-01
1.137450871244069794e-01
1.138694053068753237e-01
1.138354741118848545e-01
1.137318144947292720e-01
1.136919052183625184e-01
1.135605468057100803e-01
1.135717396453024691e-01
1.137785773351785573e-01
1.137460906773802988e-01
1.136463588751847886e-01
1.134830032706265479e-01
1.131498805351551784e-01
1.129460261367259133e-01
1.136283652737735822e-01
1.134600076824422016e-01
1.133170833252366422e-01
1.132098892599344986e-01
1.131602247767154873e-01
1.130640591949223644e-01
1.129365519136194679e-01
1.128961004301910348e-01
1.125632443435490571e-01
1.126349072456358930e-01
1.127145583011209262e-01
1.123253056690092788e-01
1.120946269780401100e-01
1.118872958064074802e-01
1.116748379558320237e-01
1.112597602866586544e-01
1.112368271872404835e-01
1.113337547600265903e-01
1.111927824698392547e-01
1.109010356426243515e-01
1.106047825947407554e-01
1.103350049033762909e-01
1.101140348911285177e-01
1.098477448783811289e-01
1.096333495795727281e-01
1.093609053827826888e-01
1.089478302374478624e-01
1.087128174543384035e-01
1.084957664489743651e-01
1.083484829083081885e-01
1.081842834353448218e-01
1.077529197737576161e-01
1.074362016335127651e-01
1.072433830879627736e-01
1.068215723454954968e-01
1.062817518040541503e-01
1.057327924847599881e-01
1.052709300279620203e-01
1.044072321876879789e-01
1.036190619237724320e-01
1.032307175159453971e-01
1.026745397403838328e-01
1.018429908335205386e-01
1.011226293444635466e-01
1.005170465223489129e-01
9.972045555710784548e-02
9.871050517186490125e-02
9.792712698876858413e-02
9.717004556953903749e-02
9.623427204489710951e-02
9.525838155671956242e-02
9.421802535429596448e-02
9.323383512496945247e-02
9.230858948528768149e-02
9.138760101795194435e-02
9.053156392872330205e-02
8.975524052679538511e-02
8.882400467395784593e-02
8.772243210822343318e-02
8.667465893030167068e-02
8.555422782897946499e-02
8.434330827146764575e-02
8.333089567571881628e-02
8.219224488660692440e-02
8.116672481596469424e-02
8.025770335793495913e-02
7.959874771088364109e-02
7.862035710811615674e-02
7.764945150241256422e-02
7.672857204675677389e-02
7.571942802518606686e-02
7.486827781423925632e-02
7.410766128301624067e-02
7.339422439634805950e-02
7.263497812002894793e-02
7.198800129592414221e-02
7.144477834850551656e-02
7.105663987845182994e-02
7.067091389745472352e-02
7.027642204537988546e-02
6.989792586565014842e-02
6.956037032604216186e-02
6.916923615932460412e-02
6.882644593790178400e-02
6.862436414584520417e-02
6.852705445140595819e-02
6.843177940398452452e-02
6.835573545098307113e-02
6.840771123021836819e-02
6.835644083842634666e-02
6.805891687050460992e-02
6.792503923177721503e-02
6.783593813180928411e-02
6.773687790334220749e-02
6.787390026301148849e-02
6.789566407650712843e-02
6.755838018804791179e-02
6.725069960653781709e-02
6.719766649082301035e-02
6.718325964510439563e-02
6.734796142578122757e-02
6.754541308209302541e-02
6.766539441347124706e-02
6.763940662071105114e-02
6.733926591575142839e-02
6.724224712699654327e-02
6.733777202814816842e-02
6.719989610239866795e-02
6.708937373161312501e-02
6.710171753317117904e-02
6.718659158796068398e-02
6.729777726605531973e-02
6.734122013151644381e-02
6.725235933959480827e-02
6.708666138499976006e-02
6.678058345243338689e-02
6.661974205970763729e-02
6.668559043332934755e-02
6.672565672397610947e-02
6.669917561039324927e-02
6.667994466722013125e-02
6.663388992547987499e-02
6.653179396241903909e-02
6.640179736018177181e-02
6.631048529595139074e-02
6.628793540522461003e-02
6.641178607642647669e-02
6.637368482276796711e-02
6.630187979713085544e-02
6.630522651672365875e-02
6.610695460662242839e-02
6.599346911609170474e-02
6.610820131376382580e-02
6.621538826823231139e-02
6.612455331757663424e-02
6.593997637629507580e-02
6.563212680816649103e-02
6.536472684368486996e-02
6.530382815748457526e-02
6.540357573106882205e-02
6.545196975469588785e-02
6.550152806192637012e-02
6.550400467738511090e-02
6.545708643198015764e-02
6.576528222113849076e-02
6.589336842745538436e-02
6.609619899988175562e-02
6.595658999085428353e-02
6.579927306771274353e-02
6.559310115575793521e-02
6.560656239464879302e-02
6.579159133136276705e-02
6.581868435442453369e-02
6.579444233924151841e-02
6.576047357171777019e-02
6.582117132991549546e-02
6.608112692534923172e-02
6.635260764509437470e-02
6.641608152389523456e-02
6.632419810071590871e-02
6.625453101843592485e-02
6.630075748711826422e-02
6.621471776962276068e-02
6.644566377103330868e-02
6.673884177803993123e-02
6.675677027553318654e-02
6.700014310926195871e-02
6.729352354630829813e-02
6.743763319328427430e-02
6.762779633104799848e-02
6.794420012533666786e-02
6.818004050254820869e-02
6.841787630617619798e-02
6.859118037819864067e-02
6.892022144794464344e-02
6.910472009181976849e-02
6.924242445826528369e-02
6.959919687360527352e-02
6.982606206536291771e-02
6.980478373989459917e-02
6.971133679151539364e-02
6.967943225502964966e-02
6.985281453281638742e-02
7.016161625161765336e-02
7.039251673817631394e-02
7.090517773032184445e-02
7.105276800245043101e-02
7.086238236874342622e-02
7.084653747081758046e-02
7.083854825049643034e-02
7.089791740179064716e-02
7.127237696200613981e-02
7.147214261889461850e-02
7.161925721168516112e-02
7.170656979829073685e-02
7.161904513984916620e-02
7.178914539813996409e-02
7.197328772395844565e-02
7.234055026918648212e-02
7.244656663388011897e-02
7.252735204473134689e-02
7.244234783202406491e-02
7.234582314491273813e-02
7.239490595459935340e-02
7.267186208739880027e-02
7.298543659672142303e-02
7.318403720855710948e-02
7.334329140707850081e-02
7.370212383046750859e-02
7.403647229075428771e-02
7.419686351940034397e-02
7.450542942881585584e-02
7.472946032434704677e-02
7.477298753857609948e-02
7.495816338509325716e-02
7.518653549626468091e-02
7.545092290639879296e-02
7.581200923174617745e-02
7.604717412739993299e-02
7.634801174402239266e-02
7.665231075286865758e-02
7.677635068893431947e-02
7.710079662948846058e-02
7.742888703942302220e-02
7.757704327702520664e-02
7.779132207110521502e-02
7.782448861673475771e-02
7.795822630822657473e-02
7.815025776624680287e-02
7.825800477415321976e-02
7.829221588969227652e-02
7.858162695467470205e-02
7.858855398595333830e-02
7.851610307991503668e-02
7.871784942448141476e-02
7.858188762664797267e-02
7.836631762012835622e-02
7.847425908669825034e-02
7.833565323427321703e-02
7.813587080240248783e-02
7.825860029458994727e-02
7.805816290974615379e-02
7.787041961103680077e-02
7.782845012098549287e-02
7.746486423611638472e-02
7.675476673990484777e-02
7.624926224350925263e-02
7.588844425976278008e-02
7.540717028826476875e-02
7.523938243612650345e-02
7.513005060926077061e-02
7.463836425319315959e-02
7.423574804887171641e-02
7.392935634627942343e-02
7.350284798666834041e-02
7.317445292174817872e-02
7.279439325332641431e-02
7.250853392481801385e-02
7.232178800255062434e-02
7.203964792191983046e-02
7.178015499413017975e-02
7.151383831351994236e-02
7.125253086015581605e-02
7.069422876536841926e-02
7.027430276423689282e-02
7.001395351141692647e-02
6.972794584482909508e-02
6.958811012506488369e-02
6.954026476666332057e-02
6.943088721781971728e-02
6.925257593393326083e-02
6.915194858536119482e-02
6.904766285568472717e-02
6.898047588393092788e-02
6.889491230249407405e-02
6.878806749582289104e-02
6.870403718948363270e-02
6.861370899528265732e-02
6.854768280386926149e-02
6.853133476749066755e-02
6.852705688476559698e-02
6.838181510269641938e-02
6.820591489970687094e-02
6.787719840556387385e-02
6.774283833205703431e-02
6.785509303808211212e-02
6.786407173275951776e-02
6.795062324404715914e-02
6.803116871416568789e-02
6.788007874488828641e-02
6.785157959014179174e-02
6.792411413043741852e-02
6.777107540965084109e-02
6.751387095898386814e-02
6.699709381535649821e-02
6.675820322036739307e-02
6.646384393423795944e-02
6.637077761888501848e-02
6.649128392040730418e-02
6.675828019380575240e-02
6.686295795440676260e-02
6.676840710639950216e-02
6.683548973724245945e-02
6.702177881002427395e-02
6.708816685229536392e-02
6.726701927036043971e-02
6.746282658800484278e-02
6.732082152813674558e-02
6.730212482884526115e-02
6.775120841115714332e-02
6.808614340424537503e-02
6.852284908294681287e-02
6.880998206734655065e-02
6.906074795648456388e-02
6.932424535453318715e-02
6.951586628034711612e-02
6.975369496345516784e-02
7.014011060893536598e-02
7.029411745369432141e-02
7.023758721351627821e-02
7.055741574540733141e-02
7.104874459952113808e-02
7.131925181150437776e-02
7.142283655107017903e-02
7.160093263983727252e-02
7.173689424693588390e-02
7.183512280583381759e-02
7.209232180193064776e-02
7.227679828777913706e-02
7.244243738651272302e-02
7.261535209715368200e-02
7.275307577848437457e-02
7.308744291812183103e-02
7.310052216053009033e-02
7.268633786290880361e-02
7.261721969246864861e-02
7.259366346076127907e-02
7.256850296258922361e-02
7.259539720416068043e-02
7.294137181788679092e-02
7.311355306506159280e-02
7.321260542273524963e-02
7.338450534641739742e-02
7.314775648340586522e-02
7.312862338274719876e-02
7.323716542571780119e-02
7.295953291654591610e-02
7.297916751801969415e-02
7.314031085371970609e-02
7.295334801077842102e-02
7.293104775622488711e-02
7.296688048541546956e-02
7.280142294317479279e-02
7.255325842872263620e-02
7.243951806798580584e-02
7.258099344521760921e-02
7.258316834121941730e-02
7.255898993611338554e-02
7.241144965663549871e-02
7.206493440568451092e-02
7.199297120273114026e-02
7.203938290327786820e-02
7.190401779413223282e-02
7.193503886684779469e-02
7.184250257313251620e-02
7.144602594897146719e-02
7.123400183916094031e-02
7.108280867934226033e-02
7.081899070367213278e-02
7.064638170450923682e-02
7.047523993849758028e-02
7.016645286977288287e-02
6.998867207467551754e-02
6.986214358061547391e-02
6.968424878120423049e-02
6.966720919460056560e-02
6.949653789773579948e-02
6.931684908941387890e-02
6.902790265381333890e-02
6.853265545517205071e-02
6.774168848991392322e-02
6.745009402409196664e-02
6.715704734250904639e-02
6.687882902473209212e-02
6.718365426063539758e-02
6.691085739061232440e-02
6.611436679959299678e-02
6.571549560427661363e-02
6.551929831281305683e-02
6.526338643729685807e-02
6.484747701585291679e-02
6.386713438406591004e-02
6.288729836717250887e-02
6.218349611312150998e-02
6.157064907103777102e-02
6.101873017549516026e-02
6.049017576128241924e-02
5.973995373286305338e-02
5.884484947286543199e-02
5.846071267873045874e-02
5.801429720669984413e-02
5.699640535749493642e-02
5.631024823486805581e-02
5.607884292490776523e-02
5.560152359269564248e-02
5.500996251851322100e-02
5.445584319233897491e-02
5.381315321624282472e-02
5.314643793702123614e-02
5.241417681276801244e-02
5.187219682559369993e-02
5.121726051717994527e-02
5.070861365795135273e-02
5.067675146274271819e-02
5.041392282694576871e-02
5.003020071387288825e-02
4.977402330636977040e-02
4.942378761805592269e-02
4.874661876037713476e-02
4.846139000952239678e-02
4.836017336249352067e-02
4.827697061933581418e-02
4.778399170041083138e-02
4.726935304477813266e-02
4.713445581793780648e-02
4.675348808988930016e-02
4.659727669954299989e-02
4.668206730186938436e-02
4.615208667516704222e-02
4.549388522543013069e-02
4.487245861403642289e-02
4.426056707650423416e-02
4.394244014061989001e-02
4.377791192159055655e-02
4.393820306286213423e-02
4.380863555334504195e-02
4.296035503186289989e-02
4.227857755869629530e-02
4.199025610685351573e-02
4.161164499670263334e-02
4.137099766656757160e-02
4.115466939061876439e-02
4.089503822252154447e-02
4.058009856417774813e-02
4.037988502532245672e-02
4.026005967669189084e-02
4.011296443343161100e-02
3.996933887153863302e-02
3.997169293947521601e-02
3.982509835548701804e-02
3.964786541461944036e-02
3.913936380185182445e-02
3.888604484796525512e-02
3.886553147993985352e-02
3.899735262729227964e-02
3.942282871901988534e-02
3.967593602724376473e-02
3.925238477624956590e-02
3.820674148723485902e-02
3.752026207000013630e-02
3.735640455596149490e-02
3.729090340510013424e-02
3.723427019044756731e-02
3.683274632319806507e-02
3.632433404475452626e-02
3.599455960951741806e-02
3.552732840031381373e-02
3.556184429526333679e-02
3.596042077392335584e-02
3.564905276522040839e-02
3.551383605301381557e-02
3.568468829542396220e-02
3.512548137456177055e-02
3.485785001702607772e-02
3.474144644364717677e-02
3.408889389038089607e-02
3.382557929791513845e-02
3.366407917402686883e-02
3.351786928176880842e-02
3.356967756673692738e-02
3.349265939891337557e-02
3.312505852170287424e-02
3.224703497178854628e-02
3.176293182969095602e-02
3.154473642632361907e-02
3.103299344927076819e-02
3.144292883872988609e-02
3.164688110016284500e-02
3.121670659631487280e-02
3.156833639368411548e-02
3.124656411595640171e-02
3.046943445838990946e-02
3.048539412021641568e-02
3.121694148108361197e-02
3.129599187299608731e-02
3.171597168743606893e-02
3.191810464486479620e-02
3.154401783831422418e-02
3.124031635895368336e-02
3.098585146069525453e-02
3.074126193076373581e-02
3.025958186388019028e-02
3.016830252557988964e-02
3.037330502271654714e-02
3.042378185205156862e-02
3.051588230207562605e-02
3.058352724872526879e-02
3.073592498525981598e-02
3.094812172502280773e-02
3.101645861864093037e-02
3.109890791475770910e-02
3.159864565096797556e-02
3.234908574819562316e-02
3.313176090493802350e-02
3.378840951807799559e-02
3.354011335372921593e-02
3.344682093709706178e-02
3.394732321240007816e-02
3.420718231238428775e-02
3.491691839843984874e-02
3.544794313758616033e-02
3.532309052981436048e-02
3.550544711686666466e-02
3.581459249258037159e-02
3.617108139172200976e-02
3.593734277561309864e-02
3.484139446020124292e-02
3.480587133318181758e-02
3.502332183346149042e-02
3.506438160017132100e-02
3.649724066853524129e-02
3.694639481641354140e-02
3.617704200744632781e-02
3.604046516865491018e-02
3.614868931621310205e-02
3.659829786904151422e-02
3.658877391815187202e-02
3.629377325288948158e-02
3.638476377390323369e-02
3.568647543266412203e-02
3.470822548829022997e-02
3.451155377179385836e-02
3.445278502851729235e-02
3.476128808557989169e-02
3.556914901174604987e-02
3.543058553338047229e-02
3.445321767926212697e-02
3.372684196755286468e-02
3.356167246960107403e-02
3.382145080752673588e-02
3.430941776186226255e-02
3.407454114183781912e-02
3.286274421103296123e-02
3.231512018479409248e-02
3.191212324574586867e-02
3.199673925340178193e-02
3.263664699345831394e-02
3.276101367138323228e-02
3.351523088514805210e-02
3.341362706422804779e-02
3.239654839038851736e-02
3.254044680297373676e-02
3.259122710973025999e-02
3.304531951993704142e-02
3.449677169248460684e-02
3.480906198360022435e-02
3.398247851654882801e-02
3.331203847192230200e-02
3.269911660775540185e-02
3.262285763248806009e-02
3.395543201118711441e-02
3.414087150692939054e-02
3.345685850679869927e-02
3.291907332912084871e-02
3.189892349615690292e-02
3.216702512651681972e-02
3.288277949094769309e-02
3.373653599470850112e-02
3.425433721430598544e-02
3.393060876615345417e-02
3.394038341939449588e-02
3.362192794494329312e-02
3.250128948688506270e-02
3.175192835330966495e-02
3.124533721730111610e-02
3.057080935388802045e-02
3.130751155503090633e-02
3.206151645928616983e-02
3.172255843207239662e-02
3.222002549543973721e-02
3.210034542270009256e-02
3.083968237042429561e-02
3.047805157005783680e-02
3.131578288525346115e-02
3.140352737903594899e-02
3.101028982065621303e-02
3.266210466548797459e-02
3.193393759317699615e-02
2.953825987726450483e-02
3.006775768026713827e-02
2.993393227457999406e-02
2.944542287215595050e-02
3.082903283312915868e-02
3.126881426051256879e-02
3.074628448560837862e-02
3.084441209435459172e-02
2.973197136223313525e-02
2.812048450931910540e-02
2.789463294204319946e-02
2.804123473167419514e-02
2.848795005641874614e-02
3.035068241879346554e-02
3.129983954019843057e-02
3.011046540588140433e-02
3.019650675356392103e-02
3.072909409962593097e-02
3.031087168827650488e-02
3.045517304688691307e-02
2.980008741766216468e-02
2.890041336640717176e-02
2.864155622348191904e-02
2.860819244459275254e-02
2.907686769813303679e-02
2.898669892214239888e-02
2.912849517129360508e-02
2.919661946371195083e-02
3.026494496874507223e-02
3.189854355901482197e-02
3.153599546253678387e-02
3.088809446766970640e-02
2.791033607143908468e-02
2.697117054574192999e-02
2.740720303282143805e-02
2.779877792019393515e-02
3.031122788675125884e-02
2.945182402953509110e-02
2.472953940555457433e-02
2.321570868417617908e-02
2.190859119594098375e-02
2.215608409792181252e-02
2.667224571108817166e-02
2.821033773198725753e-02
2.637601700853555581e-02
2.700825034752488488e-02
2.967597685530785206e-02
3.084817006476226267e-02
3.300204796157775455e-02
3.180649486072358728e-02
3.005172231271858660e-02
2.958945452235636070e-02
2.707817000895736820e-02
2.681823368780316200e-02
2.786111092269424189e-02
2.623333542421461134e-02
2.694210772737860859e-02
2.854082655832170662e-02
2.716194558888676211e-02
2.645048772934823281e-02
2.657633441407236674e-02
2.551397220902146615e-02
2.613783006295564496e-02
2.424235742390151369e-02
2.024907813798635867e-02
2.285788855701683872e-02
2.431136104203760959e-02
2.432714297287162999e-02
2.937226758077744748e-02
2.676578161306676640e-02
2.171903351321812295e-02
2.066329708099365683e-02
