1.835725325703617405e-01
1.819581590920686109e-01
1.877749290302399565e-01
1.904011211574074824e-01
1.847258891373869949e-01
1.874684868335723398e-01
1.889272520542143174e-01
1.878108731567855183e-01
1.861005196094508707e-01
1.842645714193579531e-01
1.861140598088507347e-01
1.903270685553549446e-01
1.916502645760777557e-01
1.902760587215426846e-01
1.904516837164763332e-01
1.928588813573124672e-01
1.906023814156654617e-01
1.916451770961288548e-01
1.931626733735202772e-01
1.914807676747442844e-01
1.919059935212133194e-01
1.932273858860130422e-01
1.938424576386814369e-01
1.925296513557438749e-01
1.928616374731066951e-01
1.932688509583470604e-01
1.931415480628614345e-01
1.941976916223761840e-01
1.948659590333697567e-01
1.952892689108846613e-01
1.960207511976364281e-01
1.976490032315255940e-01
1.982625420987606524e-01
1.977261783510444459e-01
1.969558159381146756e-01
1.975529544800520565e-01
1.990966518610714220e-01
2.004985893696549781e-01
2.002055042982099908e-01
1.995642702460292128e-01
1.998073458954693349e-01
2.010208769798275119e-01
2.006438932478423476e-01
2.012746523395183007e-01
2.021906322121623245e-01
2.018070158556106442e-01
2.017919223904610926e-01
2.028458615735176940e-01
2.042980309724804489e-01
2.043295822709803311e-01
2.044057853177186912e-01
2.045394569396969675e-01
2.046670193597671106e-01
2.052610448226336592e-01
2.060442640990015617e-01
2.068816795319319002e-01
2.076583462715149153e-01
2.077833984911439946e-01
2.079822269827122649e-01
2.088088594019414379e-01
2.104662116646764669e-01
2.106119462192063141e-01
2.107716439992191881e-01
2.118611063092946667e-01
2.119039584472776627e-01
2.121724449157716685e-01
2.128323305621746819e-01
2.135906317889686434e-01
2.144452871739866706e-01
2.148197140634057478e-01
2.150007557570930705e-01
2.160289547443389468e-01
2.168474867910143988e-01
2.175670737862584747e-01
2.184319499760870031e-01
2.193651663556691334e-01
2.202578824639316313e-01
2.210126948118209533e-01
2.217296020910139998e-01
2.228168776839967724e-01
2.237772963374852486e-01
2.245708844259382553e-01
2.255555221498010132e-01
2.261389116361737783e-01
2.268403096050028711e-01
2.280862816229460854e-01
2.294620231360197660e-01
2.302676285266880840e-01
2.309226102590564711e-01
2.323817084357144291e-01
2.338237557739023809e-01
2.348019123226407767e-01
2.354810537427661221e-01
2.370040560141201125e-01
2.383539734423163192e-01
2.391680545270442881e-01
2.396477457612752604e-01
2.410258247300987033e-01
2.420200129628179431e-01
2.423667129337786497e-01
2.427283712938423932e-01
2.433359452307223558e-01
2.438071009844537951e-01
2.440042279824612692e-01
2.444804624319072972e-01
2.448918482065199076e-01
2.451466773152346512e-01
2.453890218734736950e-01
2.460314207300544065e-01
2.466416207224134682e-01
2.471733279377223702e-01
2.478896426260476238e-01
2.486440756022932352e-01
2.493665590703489920e-01
2.500322911262516379e-01
2.504329794973136902e-01
2.507926378369332299e-01
2.511671408087010615e-01
2.515476817756886474e-01
2.525043947547677692e-01
2.533112770915036394e-01
2.537039824098351604e-01
2.541558011740446821e-01
2.548242020726207424e-01
2.554286223649981369e-01
2.558521201252940691e-01
2.566281841158867816e-01
2.574499401748183702e-01
2.581311344057318213e-01
2.587287517637013035e-01
2.594616149842735586e-01
2.602117910921574739e-01
2.609004096388815586e-01
2.612537016570571913e-01
2.618459888011220316e-01
2.625343359947202027e-01
2.629858071237801687e-01
2.634444723367693197e-01
2.639478919506071386e-01
2.645002816379066757e-01
2.651719376325611388e-01
2.657609866499900386e-01
2.663666422665120215e-01
2.670411182463167665e-01
2.678601919591421798e-01
2.685042421370746335e-01
2.689551829576491970e-01
2.694173291802402503e-01
2.698859514355658740e-01
2.704310052454468871e-01
2.710645201295617812e-01
2.718642123818398315e-01
2.724400725960731684e-01
2.729042342305181279e-01
2.735503614127631211e-01
2.740279662370684322e-01
2.745344881951810034e-01
2.750506699681281586e-01
2.753033368110651691e-01
2.757415051460265776e-01
2.763653130501511068e-01
2.769919381588694662e-01
2.774596934974195017e-01
2.779399292469027505e-01
2.784176492691044502e-01
2.789216092109678691e-01
2.795722647666926686e-01
2.801024941444396621e-01
2.804385953426364320e-01
2.808117543309929798e-01
2.812021752744909286e-01
2.816738920956852188e-01
2.822036141455174230e-01
2.826649298608303607e-01
2.831665412306783036e-01
2.837128787040710809e-01
2.841559180676936358e-01
2.848173625230784878e-01
2.855040532112123053e-01
2.859952633112669562e-01
2.864575092285874813e-01
2.870204654693604418e-01
2.875859018236402442e-01
2.880241733103994783e-01
2.886724277406932382e-01
2.893511555433276317e-01
2.898807427525519897e-01
2.903243144869804282e-01
2.909211455851796191e-01
2.914638685315849576e-01
2.918379687756298968e-01
2.922776871711016966e-01
2.927553368091587727e-01
2.932751206755636608e-01
2.937173636436465896e-01
2.942201759278770257e-01
2.947375748455521305e-01
2.951790055245163136e-01
2.956600589692597869e-01
2.961358864605430630e-01
2.965981323778625889e-01
2.970457928657535551e-01
2.974546572923656429e-01
2.978280827164653255e-01
2.982047857403758995e-01
2.984596802473068466e-01
2.987333213388924102e-01
2.990146677196023339e-01
2.992738429427148628e-01
2.995750657647853199e-01
2.998993996560570530e-01
3.003027428776028906e-01
3.008035191297527833e-01
3.014232044935226673e-01
3.020589748978610434e-01
3.027066451430319161e-01
3.033392560362814794e-01
3.040841999173163335e-01
3.047879855990413001e-01
3.053503876626496027e-01
3.057520809769634362e-01
3.059214885830874864e-01
3.059240029633042979e-01
3.059365857601161753e-01
3.058996892452239824e-01
3.058532522678379384e-01
3.059467465639117978e-01
3.061519758969547533e-01
3.064860486179591947e-01
3.069457380831240312e-01
3.072996698856350628e-01
3.078487531661984744e-01
3.083880567133427952e-01
3.088035660088059298e-01
3.092190249860283791e-01
3.096589209884406113e-01
3.100872042328117195e-01
3.104817317605020888e-01
3.106948902130124979e-01
3.108653756022455306e-01
3.111272246360774485e-01
3.114919624358415962e-01
3.121716083675618592e-01
3.131579461514950036e-01
3.143392875820402721e-01
3.155024822652339189e-01
3.163283957093951382e-01
3.168364455252888900e-01
3.173392819404601273e-01
3.176989134371278611e-01
3.179988083302976998e-01
3.183492768645290183e-01
3.189010349929334853e-01
3.197552891135220232e-01
3.209014647066595893e-01
3.223097882539036063e-01
3.235169607222078136e-01
3.245461236476902545e-01
3.253731897354127933e-01
3.258740576952695034e-01
3.262878862887624853e-01
3.265935141623022564e-01
3.267438602596521857e-01
3.268727494537833067e-01
3.270627287566664210e-01
3.273127046346664959e-01
3.275519520610567503e-01
3.275320024609569836e-01
3.274400569707160424e-01
3.274454950839282841e-01
3.274986205101013126e-01
3.276353857219221344e-01
3.277720478713507801e-01
3.280000939667225279e-01
3.283276516228916808e-01
3.286983299702403993e-01
3.290783181309701599e-01
3.294530750632287952e-01
3.297899425327779910e-01
3.301996038764719033e-01
3.307250615656371351e-01
3.310751401036980401e-01
3.314215538263322047e-01
3.318269001454113853e-01
3.322712590157984591e-01
3.327236272811888163e-01
3.330614996194836142e-01
3.332989737480874237e-01
3.337251563161611756e-01
3.340997950285669038e-01
3.344520606338974300e-01
3.348541263520721789e-01
3.350499870926143542e-01
3.353928008079526402e-01
3.358830784142018411e-01
3.363278072297571364e-01
3.367492148280148423e-01
3.371742876112461262e-01
3.376366807132955006e-01
3.379656051099297343e-01
3.384141330033542117e-01
3.389360311090949818e-01
3.393828840255732615e-01
3.397574882507324867e-01
3.402113828659055206e-01
3.408001757115124986e-01
3.413577775776390211e-01
3.419318943381310927e-01
3.424530040562150934e-01
3.429686137795444067e-01
3.435335100799799535e-01
3.441295803338285664e-01
3.447959112167354734e-01
3.453734383463860635e-01
3.459880239844319583e-01
3.466787681728601966e-01
3.473652626574040281e-01
3.480939069390292517e-01
3.489060226082801863e-01
3.497467409819359774e-01
3.505706599235536292e-01
3.512930766999724508e-01
3.521224612116818364e-01
3.530343789041042180e-01
3.538355105102057863e-01
3.547093853116033979e-01
3.557273379206657427e-01
3.568279799491163029e-01
3.577805798113347646e-01
3.587830004185437183e-01
3.598384369254111204e-01
3.608668625414370168e-01
3.620541583478449343e-01
3.632730802685026350e-01
3.644412051469083647e-01
3.656274307727816475e-01
3.668786669492721808e-01
3.681815041542049194e-01
3.694535996913910769e-01
3.707664375543590629e-01
3.720002169609071263e-01
3.732637024641040635e-01
3.747579132080082198e-01
3.761097773075099404e-01
3.774337697505951161e-01
3.788260211229324548e-01
3.802732465267177897e-01
3.816605863332748205e-01
3.830713892221449535e-01
3.845799500226973477e-01
3.860228556394572630e-01
3.875187851965427588e-01
3.890859100401398152e-01
3.905310915023088580e-01
3.920920318841931707e-01
3.935944122195240702e-01
3.949749971270564708e-01
3.965131526499982018e-01
3.980287896305320650e-01
3.995272048085924399e-01
4.010444692790504639e-01
4.025946130156516367e-01
4.040751565396785150e-01
4.055075806975367847e-01
4.068781540095806060e-01
4.083969621956344831e-01
4.099351838529110559e-01
4.113832334876057484e-01
4.128172557055951875e-01
4.143035700023169898e-01
4.158572983324531624e-01
4.172905811369418405e-01
4.186969924271107812e-01
4.201144717633726877e-01
4.215605090260509114e-01
4.229890564084057836e-01
4.243510475456710451e-01
4.257389331758026918e-01
4.271927535831923084e-01
4.285722937881943917e-01
4.300121163725854623e-01
4.314114547669887778e-01
4.326685362160210824e-01
4.340201670855280414e-01
4.354515000879768949e-01
4.367984107494357615e-01
4.379742574244742670e-01
4.392559501260517307e-01
4.406220651686192924e-01
4.419333688020709028e-01
4.431422057390209113e-01
4.444271957933899064e-01
4.457234471321108171e-01
4.470471290737395020e-01
4.483925896883010354e-01
4.495818719565864430e-01
4.507392522096636545e-01
4.520496023297308485e-01
4.533029253780838097e-01
4.545765121400351383e-01
4.557925807893274950e-01
4.568623971641067594e-01
4.579462370574478580e-01
4.590499639213084793e-01
4.601628928303716504e-01
4.613732127010824469e-01
4.624996428638695201e-01
4.635921028733248628e-01
4.648034288287161142e-01
4.660301715523006427e-01
4.671181337714193083e-01
4.680816965788605066e-01
4.691467555761336117e-01
4.702225970745084749e-01
4.713117811679839453e-01
4.723356946945193591e-01
4.734568927288055340e-01
4.745803394317629209e-01
4.756323804616930939e-01
4.766961598724125948e-01
4.776579014271495338e-01
4.786187554389240151e-01
4.796294893652200408e-01
4.806597788214688194e-01
4.816821691453461174e-01
4.826122845858332733e-01
4.834973128437993761e-01
4.846406752735372137e-01
4.856793372184041724e-01
4.865775898665191113e-01
4.874286843985318196e-01
4.883819351255893615e-01
4.892471711754803332e-01
4.900521430581805116e-01
4.909476739078761365e-01
4.919421031236647646e-01
4.928292325019832387e-01
4.936526002883909747e-01
4.945196691751484463e-01
4.954785488367080548e-01
4.963506180524826505e-01
4.970660793304445546e-01
4.979229996204374009e-01
4.987524033069609675e-01
4.995439346790315760e-01
5.003280099391940183e-01
5.010838584899905968e-01
5.018656850814817716e-01
5.026953254699706441e-01
5.035451447010045323e-01
5.043309360504150130e-01
5.050939448356629446e-01
5.058315673351286845e-01
5.064691240787505544e-01
5.072541461467738877e-01
5.080344341754915449e-01
5.087536462843414986e-01
5.094877921938895105e-01
5.101153523087498254e-01
5.107619764208789492e-01
5.114268286228175198e-01
5.120029588937757836e-01
5.126627801656722383e-01
5.134273631572726648e-01
5.141369686841962272e-01
5.147065309762959284e-01
5.153103001475333178e-01
5.160129023432735718e-01
5.167268838286396271e-01
5.174329304695128862e-01
5.180875432491304222e-01
5.186127723455433713e-01
5.190541328787806608e-01
5.196548259258269020e-01
5.203087991714475669e-01
5.207540517210963449e-01
5.212261780619619200e-01
5.218241254806521567e-01
5.224345890045161145e-01
5.230484268903727862e-01
5.234814700126643183e-01
5.240947914898398396e-01
5.247259199202056745e-01
5.251543294250965443e-01
5.257617165327074238e-01
5.263016096055511683e-01
5.267889093160629255e-01
5.273782389283184768e-01
5.278525391817093793e-01
5.282861276268957518e-01
5.288701277971266101e-01
5.295555682182307988e-01
5.300430341720584471e-01
5.304983680307862048e-01
5.309309776365759292e-01
5.314872576773164159e-01
5.320148018360141284e-01
5.324632707476615323e-01
5.329754173874853285e-01
5.334667725086211787e-01
5.338552955031397040e-01
5.341533665061001246e-01
5.344529183864595856e-01
5.349675529003140584e-01
5.355637945175173442e-01
5.359832211971287119e-01
5.362506945669646141e-01
5.367200022161006112e-01
5.371634807646278320e-01
5.374944013059139714e-01
5.378562456786631918e-01
5.383720575571055988e-01
5.387971121370793703e-01
5.390732939422132608e-01
5.395671866297720998e-01
5.399880350947384722e-01
5.403497609853743500e-01
5.407798129320147140e-01
5.411751682758331183e-01
5.416826189756390741e-01
5.421009867429734674e-01
5.422208555161956989e-01
5.426283974945548261e-01
5.429926255464553320e-01
5.433181021511552800e-01
5.437165784239772481e-01
5.440577133893965689e-01
5.444999923706050904e-01
5.449319623708727134e-01
5.452046248018740382e-01
5.454191366672518360e-01
5.456868470013144234e-01
5.460155756235118840e-01
5.463564486622810579e-01
5.466417833209040733e-01
5.469667470574374191e-01
5.472754211425781001e-01
5.475495611667637874e-01
5.478934208989146848e-01
5.482219387412071709e-01
5.485117760658264618e-01
5.487559267401697083e-01
5.490115596890445815e-01
5.492644088685516568e-01
5.494697161674497732e-01
5.497487165451049318e-01
5.500923886299137200e-01
5.503268933296201482e-01
5.505748358070853277e-01
5.509793485999102680e-01
5.511938925683501633e-01
5.513393300473689029e-01
5.515717576146121903e-01
5.519313837587829230e-01
5.521865109682083661e-01
5.524527839779854732e-01
5.527465902209278692e-01
5.532609583854674051e-01
5.534681385636327500e-01
5.535848298490044783e-01
5.539209383010862409e-01
5.541325972259043553e-01
5.545727230072026170e-01
5.548672988891601987e-01
5.547650616407396873e-01
5.550241732478145007e-01
5.554561072885992878e-01
5.557849264740943873e-01
5.559725102722643530e-01
5.563092021763329509e-01
5.566847249329093250e-01
5.569683203816417905e-01
5.571451901793474937e-01
5.573672693967821612e-01
5.574980735778805041e-01
5.577086623907087093e-01
5.581315564513202876e-01
5.584431189894676351e-01
5.584894627332684935e-01
5.585283838629722108e-01
5.589053105294700119e-01
5.593288129985330981e-01
5.595311543822286682e-01
5.595954846203325950e-01
5.597288204312325099e-01
5.601965314447880928e-01
5.604468689858914665e-01
5.606273132324218755e-01
5.608893321037291546e-01
5.612703630924226195e-01
5.614181834697725693e-01
5.616025151252745928e-01
5.619069138526918694e-01
5.619663260459897280e-01
5.622537414073940365e-01
5.623991355895991973e-01
5.622484674274917937e-01
5.624215974748133506e-01
5.625218898296352465e-01
5.626959665894512019e-01
5.629622886478904409e-01
5.631387321889401720e-01
5.631882028102876969e-01
5.634175799727441092e-01
5.636861825823782368e-01
5.636306279897689286e-01
5.640363717556001744e-01
5.643426023960113058e-01
5.642327421903605700e-01
5.640644979476926446e-01
5.644841620326044307e-01
5.647018028795715017e-01
5.645533172786233456e-01
5.644790153205391237e-01
5.647545714676379669e-01
5.650849667191508718e-01
5.651647703349593765e-01
5.649385516345505343e-01
5.652283647656438648e-01
5.653681541979308500e-01
5.654551750421523693e-01
5.657497996330260737e-01
5.661006872177127835e-01
5.661224848210809624e-01
5.661729360938074773e-01
5.663804783165450329e-01
5.661621267318724948e-01
5.664386049628258313e-01
5.666654058218006940e-01
5.664686479449274614e-01
5.663155816555019983e-01
5.664143350481984918e-01
5.668853355109689796e-01
5.674737756371497355e-01
5.674489192962642869e-01
5.672203311920169799e-01
5.671929550170902168e-01
5.674375076293948217e-01
5.676968421936039455e-01
5.681527767181401289e-01
5.679672088444233102e-01
5.678189903736114985e-01
5.684803273558620695e-01
5.680772462725636185e-01
5.679533393740653358e-01
5.683074435353282494e-01
5.687612073481086439e-01
5.688988743662838354e-01
5.687145105063914352e-01
5.688359222948553562e-01
5.692951312780383244e-01
5.683084496736523494e-01
5.686743032217026483e-01
5.689526237964627198e-01
5.690305218994615721e-01
5.691955235302447180e-01
5.693812094628807330e-01
5.694981053173541197e-01
5.694742315649989894e-01
5.695210324645045841e-01
5.695797699570652739e-01
5.693945754885669785e-01
5.695400601029392273e-01
5.699737366199494337e-01
5.703378831148145922e-01
5.705570924878122785e-01
5.705787179946903986e-01
5.706014661371706653e-01
5.708422419309617801e-01
5.710844948768616369e-01
5.715627419471743798e-01
5.716447451591493145e-01
5.714526165962215964e-01
5.713931229114537214e-01
5.710645192623140520e-01
5.711392556190494352e-01
5.716007895469665812e-01
5.718038479328154677e-01
5.720763254642484696e-01
5.722224306106570291e-01
5.723095737934107419e-01
5.722370661914353285e-01
5.722797177374358002e-01
5.725762109637259067e-01
5.727199798822406596e-01
5.730135488510127439e-01
5.731414315104483848e-01
5.731059315204619642e-01
5.732305063605304118e-01
5.733406357347968774e-01
5.734232638120646541e-01
5.735235514998435757e-01
5.736955407500267112e-01
5.739045029640194029e-01
5.739374596953391583e-01
5.740864146709437899e-01
5.741657352626324817e-01
5.743996433019640246e-01
5.745503262877466044e-01
5.747632080912588037e-01
5.752104725241665717e-01
5.753364059329035829e-01
5.751620365977290206e-01
5.751820192694664380e-01
5.751745774269100275e-01
5.753677109599115713e-01
5.760018622577187664e-01
5.762160219490530810e-01
5.761203411161903709e-01
5.762952834784981215e-01
5.766190626919269757e-01
5.764968542337413071e-01
5.766398885488506210e-01
5.770920825004580701e-01
5.772176952123643234e-01
5.770032027959827170e-01
5.771604696750645136e-01
5.774900037288663857e-01
5.776342191696168804e-01
5.779527096986766255e-01
5.779926908016201903e-01
5.776828224897385677e-01
5.776181558609011502e-01
5.774851020574570670e-01
5.774942557811736377e-01
5.778566251277924559e-01
5.780153684139250903e-01
5.779586153268814197e-01
5.776720151901245659e-01
5.776928620576862183e-01
5.776131360769273249e-01
5.776485107898708948e-01
5.782041751563550269e-01
5.782340015888218776e-01
5.778421236097814884e-01
5.777358706355095741e-01
5.776410166740422181e-01
5.775737322568892385e-01
5.775554211139680705e-01
5.775727037072184711e-01
5.773921730637550098e-01
5.772757969617847706e-01
5.771582984507082070e-01
5.771175372779366874e-01
5.770249357223513620e-01
5.767739042758941448e-01
5.766885925769802412e-01
5.767007040023800490e-01
5.765993815898899921e-01
5.765151924133304906e-01
5.764676329135890454e-01
5.763202870845799408e-01
5.762945872306820538e-01
5.764169421672820093e-01
5.765788507759573855e-01
5.767977056324483653e-01
5.768791262567041223e-01
5.769253315746788457e-01
5.769327173352245541e-01
5.769473706841470317e-01
5.768656546294684828e-01
5.768316210448743986e-01
5.767980601489539616e-01
5.767982374072077034e-01
5.767278067946429720e-01
5.768466141700744343e-01
5.770693320870394771e-01
5.771687249064448855e-01
5.772257487297058898e-01
5.773390281796452195e-01
5.774221706867214143e-01
5.775137633562085204e-01
5.777111307859420508e-01
5.778226374745367711e-01
5.778148373246194680e-01
5.776451182544226626e-01
5.777050443053244333e-01
5.776410476207729516e-01
5.776658662796020360e-01
5.777634272456166897e-01
5.778762930512425511e-01
5.780305823802950327e-01
5.781643076777454038e-01
5.784621906757352328e-01
5.785384194135660962e-01
5.784120938479897500e-01
5.784467843770985107e-01
5.785384453833102292e-01
5.785753225386143228e-01
5.786963552534580835e-01
5.788805046379564834e-01
5.788820411860940984e-01
5.786868404746055017e-01
5.785942613959309533e-01
5.785888249278069440e-01
5.785414331078528871e-01
5.785780701756478850e-01
5.784498995304108160e-01
5.781514256119723028e-01
5.779550036549567782e-01
5.776942304611203394e-01
5.775318455219263791e-01
5.774651306033133924e-01
5.773829335689539821e-01
5.773517329692839928e-01
5.772637449145322508e-01
5.771304332613942378e-01
5.770588137030596698e-01
5.770831596255303619e-01
5.769005154192448082e-01
5.766462679982180539e-01
5.762411147177223247e-01
5.760496167182926897e-01
5.757547180712226931e-01
5.756069437742229455e-01
5.756789106249811105e-01
5.756128523826600230e-01
5.755025977492331801e-01
5.753535826444621248e-01
5.751370321452620171e-01
5.750473985552784217e-01
5.749978253304960374e-01
5.748992106556894965e-01
5.748327388107773439e-01
5.748261802554126554e-01
5.747752480506898021e-01
5.746771060645580187e-01
5.745766006350516708e-01
5.745005568444727651e-01
5.744738499343398086e-01
5.744457840442653840e-01
5.743063638210295085e-01
5.742489379405971706e-01
5.742144351482395548e-01
5.740371356964115712e-01
5.739463771104807988e-01
5.741452798187730577e-01
5.741716268956660318e-01
5.741585124313832722e-01
5.741032981276515956e-01
5.740604736804957309e-01
5.740083755254750120e-01
5.739974479079245073e-01
5.740457656979557344e-01
5.741021758317947921e-01
5.740683297514920236e-01
5.740455294251439744e-01
5.740032956600190639e-01
5.740199528932575790e-01
5.740771309137343570e-01
5.740755951404572510e-01
5.740640177726745730e-01
5.740809112787249591e-01
5.740259349346156226e-01
5.740096337556834794e-01
5.740347942709924656e-01
5.740379245698452593e-01
5.738969604730609353e-01
5.738887516498566432e-01
5.739557214736936697e-01
5.739881433725357862e-01
5.739012125253681873e-01
5.739837732076649157e-01
5.740816756606104132e-01
5.740829157173633623e-01
5.740787821948530878e-01
5.741485796749589143e-01
5.741981228947640181e-01
5.741371829628947321e-01
5.742194991111759794e-01
5.744793205261228275e-01
5.745850206017492079e-01
5.745629807353015428e-01
5.746388527393343493e-01
5.746731575131412972e-01
5.746967162132267104e-01
5.746652684807782574e-01
5.747839356660842114e-01
5.749543795287612724e-01
5.750360886752607925e-01
5.751281885802741467e-01
5.751425349116326968e-01
5.750514108657840406e-01
5.751339382171634096e-01
5.753107994079592613e-01
5.754505291938781797e-01
5.756190077781676573e-01
5.756615111351010006e-01
5.756901751160619085e-01
5.755383283495901781e-01
5.755128827989103302e-01
5.754356015324594287e-01
5.754729728400710398e-01
5.756992670297624848e-01
5.757104490280150477e-01
5.756543091773990151e-01
5.757173558235170185e-01
5.758206035614013008e-01
5.758559612989423426e-01
5.758515343129634312e-01
5.758684158861638869e-01
5.758784336805340409e-01
5.759075898170467056e-01
5.759490222215654098e-01
5.760135485708716141e-01
5.760116010904310357e-01
5.758962276279923076e-01
5.758792501688008159e-01
5.759864687919612480e-01
5.760409337282179632e-01
5.760889667272565129e-01
5.761479753255847047e-01
5.761481911718842053e-01
5.761813506543634889e-01
5.761889619946478636e-01
5.761834157466886319e-01
5.762360460996629463e-01
5.761872150301932116e-01
5.761439114689826946e-01
5.760652688980097968e-01
5.762865654349328404e-01
5.763310489296917805e-01
5.762296336412433551e-01
5.764057387232778273e-01
5.764398388028141307e-01
5.762702823519707529e-01
5.762652676343917868e-01
5.762905772089961243e-01
5.763071552753452620e-01
5.763560635209080685e-01
5.764157091617582163e-01
5.765365343570707513e-01
5.765524379074574712e-01
5.765189311802383365e-01
5.765274848341943592e-01
5.765572161555293507e-01
5.765755622684957116e-01
5.765963569879527517e-01
5.766583624958987464e-01
5.767919899702075304e-01
5.768428451061249351e-01
5.769209567070010536e-01
5.768567120254036729e-01
5.768121150434015743e-01
5.768660325586797422e-01
5.768195425510406205e-01
5.769394760012624968e-01
5.771111979782577173e-01
5.769988796532153907e-01
5.767376097679139946e-01
5.766739587843415782e-01
5.764047841429709162e-01
5.762927600860592303e-01
5.764759447693825756e-01
5.763739985108375929e-01
5.761173629641531679e-01
5.757721083581447408e-01
5.755013452529910145e-01
5.750697999596591226e-01
5.747467015147205149e-01
5.746354225397110049e-01
5.743867456912998826e-01
5.739224660396577971e-01
5.735130053758618063e-01
5.731110945403580237e-01
5.727240180492403354e-01
5.723706671595577555e-01
5.719149107098578932e-01
5.714603346705436904e-01
5.709009972095493435e-01
5.704081168532367796e-01
5.700184633851048677e-01
5.695919220924372528e-01
5.693223753809926180e-01
5.690391359090803958e-01
5.685200504422192047e-01
5.681399582982062935e-01
5.677805455029014681e-01
5.674433953285219490e-01
5.672553749442097448e-01
5.669452303647996017e-01
5.666854155063630882e-01
5.663616006374363465e-01
5.661118424713608155e-01
5.658878094553945193e-01
5.656089927792549155e-01
5.654469289064407711e-01
5.652774904489515917e-01
5.651914732933048802e-01
5.651676976323126711e-01
5.651261130094528129e-01
5.650887128949161342e-01
5.650973845303054466e-01
5.651414505958560763e-01
5.651179132997987686e-01
5.650536762237544641e-01
5.650624059677121780e-01
5.650618751049040211e-01
5.650847611904142864e-01
5.651010999679566549e-01
5.652384164810181355e-01
5.653168318867686226e-01
5.653725668489937295e-01
5.654089015960697129e-01
5.653635483264926043e-01
5.652544559240345601e-01
5.652143625020978890e-01
5.651680781841281753e-01
5.651107092142103605e-01
5.649938008368016185e-01
5.649215220630167122e-01
5.648674014151091605e-01
5.647980307936667499e-01
5.646651008129123239e-01
5.644783504009244224e-01
5.642231671988963138e-01
5.639224398434160568e-01
5.636755783081058846e-01
5.633399459838872581e-01
5.630172981441018409e-01
5.626666699767116642e-01
5.621546037197115986e-01
5.617940771877764083e-01
5.615040656328198487e-01
5.610413611173626913e-01
5.604193243682387138e-01
5.598694839060305295e-01
5.592699846148491138e-01
5.587014116406441300e-01
5.581873867988587090e-01
5.576196385264399202e-01
5.569237669408322322e-01
5.561850845813750555e-01
5.553303714275362735e-01
5.544712465703487414e-01
5.534821701049810194e-01
5.525258870482443463e-01
5.514492066740989129e-01
5.503578933954238472e-01
5.491842213630672154e-01
5.479367866516112739e-01
5.464391956329340827e-01
5.450436836242678051e-01
5.436788778305053915e-01
5.421657863616938799e-01
5.405879819869990888e-01
5.390770711898807965e-01
5.373712441802022122e-01
5.355840403378009373e-01
5.338983748018744091e-01
5.322514270067215669e-01
5.304952798604961606e-01
5.287414899587634665e-01
5.270423291981222169e-01
5.252870660185816609e-01
5.235277955234050040e-01
5.218937908172606166e-01
5.202190938949581289e-01
5.185016675949092324e-01
5.168762326776978888e-01
5.151746651947496369e-01
5.134092034637931512e-01
5.118379590272902346e-01
5.103715153038499430e-01
5.089116731286046358e-01
5.074124233722689947e-01
5.059562653303146806e-01
5.045289922952649331e-01
5.032182614207263427e-01
5.020141692757604801e-01
5.007257211208347991e-01
4.995148914635185733e-01
4.983538915514947876e-01
4.971888558387757562e-01
4.959464314460756418e-01
4.949222500622272314e-01
4.938819564521316763e-01
4.928503604561085827e-01
4.920269382834435157e-01
4.911438790440557645e-01
4.902706194221975178e-01
4.893831949681044513e-01
4.887371338367462736e-01
4.880547686815263630e-01
4.873305833339691695e-01
4.867072458833452964e-01
4.860353075742723794e-01
4.854102461099625287e-01
4.848653154373174234e-01
4.842877808660270844e-01
4.837633414119481556e-01
4.833334154784680869e-01
4.828708742707969459e-01
4.823589905977248016e-01
4.819608944714070531e-01
4.815050049662593090e-01
4.811258980929850604e-01
4.808610510885717448e-01
4.806105934560301329e-01
4.803325365364554123e-01
4.800706381738183426e-01
4.798869083046917727e-01
4.797021169245244687e-01
4.795148628205065378e-01
4.792956681251527851e-01
4.791122735589745107e-01
4.789188231080765967e-01
4.787963536381718010e-01
4.787627652138474188e-01
4.786654207110405124e-01
4.785317747592926496e-01
4.784974196106192568e-01
4.784408589452507909e-01
4.783507688343521802e-01
4.784181046009063909e-01
4.785523244142528831e-01
4.786216609954835888e-01
4.787059502124787480e-01
4.788400815486906770e-01
4.788992126584056819e-01
4.790017178058621483e-01
4.791350688636298871e-01
4.792999735772605630e-01
4.794594817310566803e-01
4.796448815762997531e-01
4.798892012387514505e-01
4.800773435980076886e-01
4.802850669175383058e-01
4.804354736208913956e-01
4.806526410877708932e-01
4.809621600151059440e-01
4.812217584371561441e-01
4.814936646342282134e-01
4.818576376706365516e-01
4.821052395790810796e-01
4.824538452267648214e-01
4.829294829249383136e-01
4.832868745088577667e-01
4.836306876450773284e-01
4.840452883601185086e-01
4.844212735801931013e-01
4.847600051462648829e-01
4.852546461522574961e-01
4.857128566801552361e-01
4.860674054026601909e-01
4.865755162537101497e-01
4.871495026052001798e-01
4.875845461785793256e-01
4.880213876962661845e-01
4.884356591910125611e-01
4.889103863805533967e-01
4.894549610644582383e-01
4.900151261806491854e-01
4.905172029376025922e-01
4.909905744373802561e-01
4.914868747770783086e-01
4.920279423505067307e-01
4.925781961441041412e-01
4.930902414321894356e-01
4.934738628387456139e-01
4.939824603080752441e-01
4.944920007705685405e-01
4.949014366149902533e-01
4.954785559296612241e-01
4.959225148558618623e-01
4.962597279489042723e-01
4.967491319537163941e-01
4.971556031107902673e-01
4.974611637949947762e-01
4.978293809235091461e-01
4.982526508450512703e-01
4.986386098265649935e-01
4.990355322122570492e-01
4.994966346025470072e-01
4.998941866159440361e-01
5.002316106557843645e-01
5.005541206002230847e-01
5.009023912549014357e-01
5.012224842906000122e-01
5.015037717282774254e-01
5.018821270585059890e-01
5.022234072208409117e-01
5.025325044870380120e-01
5.027938578963282445e-01
5.029928495764728336e-01
5.032909834384914349e-01
5.035775055229668729e-01
5.039910498440268727e-01
5.044613563060764694e-01
5.048248579919334400e-01
5.051270589232447206e-01
5.053953086674217721e-01
5.056991010606288750e-01
5.060611291706557102e-01
5.064441410005093847e-01
5.068294516086582213e-01
5.070869737207885919e-01
5.073508027374744600e-01
5.076346723854540111e-01
5.078288307368751253e-01
5.080622451484204660e-01
5.082582307338713301e-01
5.084039454460146379e-01
5.086362044811251204e-01
5.090451956212524998e-01
5.093084884464735840e-01
5.095512059926989856e-01
5.097993473947044496e-01
5.100352599143981314e-01
5.102684503316882170e-01
5.105366045713423118e-01
5.107828253507612493e-01
5.110102375984193479e-01
5.112657742023464236e-01
5.116113498806954540e-01
5.118742242097858997e-01
5.122000161945823304e-01
5.123789806604385211e-01
5.123200137853626268e-01
5.125033417999742547e-01
5.128378019154069545e-01
5.130277621746062167e-01
5.133057628870009159e-01
5.135102393388747410e-01
5.136165458679197160e-01
5.137751507282256602e-01
5.140164187908173865e-01
5.142128765583033889e-01
5.143051503896712839e-01
5.144317394733430859e-01
5.145885165452961374e-01
5.147890426158909793e-01
5.150383883237841243e-01
5.151656259775161395e-01
5.153386173009871785e-01
5.157051841497418687e-01
5.158893712043761681e-01
5.160317618131641249e-01
5.161425493717188839e-01
5.162852937459948555e-01
5.165265028476717646e-01
5.167958363056185389e-01
5.169901714801783399e-01
5.171462756097316982e-01
5.171858423829076568e-01
5.172960514724249670e-01
5.175120471358302110e-01
5.177334087848667332e-01
5.179887353539466277e-01
5.181261281728747337e-01
5.181856257498264062e-01
5.184270361363882973e-01
5.186244572341437431e-01
5.186860053062436471e-01
5.189189009189604240e-01
5.190708431959150104e-01
5.191341672182082645e-01
5.193577470064160151e-01
5.195324565947059270e-01
5.196276688456535897e-01
5.197892643749711938e-01
5.198472170948977844e-01
5.196916166543958937e-01
5.197728483676914424e-01
5.199289453029635188e-01
5.199952629208564048e-01
5.201096829175947400e-01
5.202364822030067781e-01
5.203090484142307570e-01
5.203450662493702694e-01
5.204688001871111691e-01
5.205436092615125521e-01
5.205833368659020799e-01
5.205539154052730710e-01
5.204960391998292302e-01
5.204781812667846896e-01
5.204795837402343972e-01
5.205008578717710277e-01
5.205563709795472116e-01
5.205031900644299103e-01
5.203605322718619641e-01
5.203961819887159557e-01
5.206351029455659196e-01
5.206246132075784683e-01
5.206190147519116351e-01
5.206180129230018050e-01
5.206605325698853148e-01
5.208146530151370746e-01
5.209758385241030076e-01
5.209849746942516457e-01
5.209206442236897772e-01
5.208169671356679409e-01
5.209577103853222368e-01
5.210962896704673941e-01
5.211346914768214544e-01
5.211682541370390442e-01
5.210175043344495993e-01
5.209861865937714942e-01
5.212961295604707779e-01
5.214389316558838416e-01
5.214268517374995859e-01
5.213346492469314031e-01
5.212860869765281180e-01
5.212821692466740320e-01
5.214054626226428679e-01
5.215589267075061430e-01
5.213972858309743330e-01
5.212523462057111479e-01
5.212725227594378064e-01
5.212363395273680311e-01
5.212911579132079032e-01
5.213118782997128164e-01
5.212116053402423566e-01
5.210756989419459417e-01
5.210550322294236203e-01
5.208081677556039013e-01
5.206181039571762259e-01
5.205190865635875852e-01
5.204313288390632897e-01
5.203971387028690776e-01
5.202894309163094144e-01
5.200829274177549699e-01
5.198380402386187926e-01
5.195328656315806315e-01
5.194060831069945428e-01
5.193018898189072363e-01
5.192790281176562495e-01
5.192551498889919070e-01
5.192188746929164989e-01
5.191147385120388202e-01
5.187394237041472733e-01
5.185689168095588553e-01
5.182907114624981659e-01
5.182033415436743118e-01
5.184179854989047209e-01
5.183621114730839752e-01
5.180093227922919485e-01
5.177781313955780451e-01
5.173286910653109860e-01
5.170420374631883309e-01
5.170826336979861271e-01
5.169548766970634146e-01
5.167967914223673409e-01
5.166307004392145519e-01
5.163394060432906496e-01
5.160261847972867910e-01
5.156991172313692973e-01
5.154345406353475489e-01
5.152817049026486851e-01
5.150581329524520635e-01
5.149197501182556369e-01
5.146943960189814815e-01
5.144216150522232800e-01
5.141658535182473955e-01
5.140246051490311441e-01
5.138597366511825637e-01
5.136561242938042504e-01
5.134614550352092355e-01
5.131799032390114146e-01
5.130028470754623982e-01
5.127475699424741684e-01
5.125717123031612310e-01
5.125361157417299696e-01
5.122349194228650315e-01
5.119117494463923945e-01
5.115197445392610787e-01
5.110278085112572866e-01
5.106297151088715625e-01
5.101626842737196910e-01
5.099008956909184542e-01
5.097498774349686901e-01
5.094791758060458475e-01
5.093680036067963490e-01
5.091504389047623036e-01
5.087604524314405241e-01
5.085263889670373905e-01
5.082881160020823463e-01
5.080426249444489617e-01
5.078206490516659066e-01
5.075552992522712747e-01
5.073027308464048701e-01
5.069603345632551772e-01
5.065712152004239188e-01
5.065134276628491250e-01
5.063884094238286782e-01
5.063318659067155281e-01
5.060724510133264298e-01
5.053243716001507568e-01
5.049323213100428420e-01
5.049412226080899346e-01
5.047397938966751152e-01
5.046491488099099643e-01
5.044729680836197439e-01
5.039461941957477098e-01
5.035871698379520423e-01
5.034402986526484991e-01
5.032084991455080258e-01
5.029182929992678242e-01
5.027151535272597060e-01
5.026243996143341386e-01
5.024956940650944226e-01
5.025523857951168516e-01
5.024435400307175614e-01
5.021670352518556868e-01
5.018705267310143991e-01
5.015823238134380357e-01
5.013063773274419876e-01
5.010178797841072784e-01
5.006814421713349228e-01
5.003681688308720954e-01
5.001194120049478054e-01
4.998805536031719066e-01
4.996376322984697471e-01
4.995552716016771200e-01
4.993762932062147941e-01
4.991663264513018783e-01
4.989058195710178722e-01
4.986478057265279484e-01
4.984068749904634332e-01
4.982083574891092437e-01
4.978645594239239358e-01
4.974663865685464148e-01
4.972499831557272709e-01
4.970549020171165511e-01
4.969872877657412480e-01
4.969894668936731263e-01
4.968188470661635825e-01
4.966309120059010929e-01
4.964669942855838292e-01
4.962918572425845665e-01
4.963091707229617677e-01
4.962005198001861461e-01
4.959734112560751362e-01
4.957434125840662897e-01
4.953205706834792887e-01
4.950352753400801831e-01
4.948104811668399550e-01
4.946965532660482223e-01
4.947535010278226175e-01
4.947958885133264539e-01
4.949060959756376721e-01
4.948533401012422117e-01
4.947602659463885000e-01
4.946320109069345383e-01
4.943191401481627500e-01
4.941077171444892557e-01
4.939118721127505607e-01
4.937157416343686545e-01
4.935532948017115618e-01
4.934570395231248074e-01
4.933666917085647863e-01
4.932026458203787600e-01
4.930642382264140422e-01
4.929160466194151824e-01
4.925700659483669419e-01
4.924624269604682136e-01
4.923744976669551798e-01
4.921614624023442630e-01
4.920871412485834373e-01
4.918966716170311004e-01
4.916293219149112104e-01
4.916514300704007412e-01
4.915240750908849154e-01
4.911779943495984124e-01
4.910210577785969477e-01
4.908041222870347942e-01
4.905075164884331040e-01
4.903836750030517999e-01
4.901909460872414526e-01
4.900353369712829310e-01
4.898409591972824884e-01
4.894554396986959266e-01
4.893897879481312052e-01
4.894196746975183476e-01
4.893835346698763855e-01
4.895151543617246581e-01
4.894346961736680823e-01
4.891371811866758734e-01
4.889198741912845203e-01
4.887531356513503122e-01
4.886234541445975688e-01
4.896281397521491940e-01
4.892723322063685099e-01
4.887496038824322153e-01
4.883068968653674902e-01
4.880674399405715014e-01
4.877626552551983519e-01
4.873801890790464553e-01
4.869515688925977193e-01
4.867010744690893898e-01
4.864084217548370614e-01
4.858379290908578785e-01
4.852691255986688601e-01
4.847549197733403981e-01
4.839544095933436263e-01
4.833741383910177269e-01
4.831003293991093517e-01
4.825582842886449453e-01
4.816625266849990927e-01
4.808793493360279947e-01
4.799406123876575614e-01
4.791058323115108264e-01
4.788002335727215009e-01
4.784488904476162929e-01
4.776684864163401878e-01
4.765883923888204476e-01
4.756513397127394849e-01
4.744139897078276102e-01
4.732772424697879732e-01
4.724224284291266285e-01
4.716987408399580528e-01
4.705399009585380932e-01
4.692984678179021873e-01
4.682186755001541134e-01
4.671238797992470215e-01
4.658519014120100499e-01
4.646047725677494022e-01
4.634411654859780794e-01
4.618317115426066044e-01
4.600046653747559833e-01
4.583983051240445028e-01
4.563500416427854200e-01
4.543508088052276572e-01
4.526881887316703823e-01
4.506292909860605822e-01
4.483368746548886397e-01
4.460277611017230970e-01
4.436522631168361985e-01
4.406816418528554102e-01
4.379114150851963205e-01
4.353804960966113358e-01
4.326535099893804581e-01
4.297797998964787425e-01
4.266820592880251062e-01
4.234836897194382277e-01
4.204251363575456923e-01
4.173496948957439168e-01
4.142184572339059345e-01
4.108908531546595078e-01
4.075587874710555059e-01
4.038797430992125959e-01
4.000752611786126400e-01
3.964394385993482706e-01
3.928946826457979102e-01
3.892774472415446163e-01
3.853069569468499100e-01
3.815792796850203117e-01
3.779621006667610028e-01
3.745343494713302412e-01
3.709016903221610262e-01
3.673754213809972136e-01
3.639601589739321352e-01
3.602935469895604537e-01
3.564634207785125630e-01
3.530014640986920971e-01
3.495366282820701609e-01
3.460889194130899460e-01
3.430352015376093022e-01
3.403792965710166762e-01
3.378262593746181319e-01
3.351970225781206181e-01
3.324216562271121722e-01
3.297699144601821120e-01
3.274085540056230759e-01
3.249626577496531610e-01
3.228241855829954710e-01
3.208038762927051257e-01
3.184255363583569087e-01
3.164000648140906646e-01
3.145529843866825548e-01
3.131289668977258467e-01
3.113712662458417713e-01
3.097123098969457589e-01
3.082745289206502703e-01
3.066513000965114810e-01
3.054644913256168159e-01
3.047109920233488922e-01
3.036938185393810996e-01
3.027170201539993166e-01
3.017929459810259063e-01
3.008591554760935427e-01
2.999573206901547939e-01
2.993376927763222173e-01
2.986867488741874466e-01
2.980891450732943149e-01
2.974437125802036896e-01
2.967127595394847828e-01
2.962496773064138833e-01
2.958331025183196239e-01
2.955587842226031214e-01
2.953447578519585170e-01
2.952374674379822372e-01
2.950602882117031589e-01
2.950688931584359298e-01
2.950672941684727157e-01
2.949703624784948408e-01
2.949045197963716114e-01
2.949375635147094554e-01
2.950796259313822056e-01
2.954110379874707037e-01
2.957815378546716500e-01
2.960284391433000706e-01
2.963426732897759819e-01
2.965774419814347640e-01
2.968006080150605297e-01
2.972723595947024400e-01
2.977895042628053712e-01
2.982761009573936528e-01
2.989550686120981959e-01
2.994326358497145235e-01
2.996245147705076106e-01
2.999827721506362344e-01
3.003387756049636370e-01
3.007416225969795631e-01
3.014189927697179527e-01
3.019149673908950726e-01
3.024004609882834926e-01
3.027485522031784226e-01
3.031712269276376492e-01
3.033491381585602387e-01
3.036874387532477182e-01
3.043367369174961867e-01
3.048806792557240408e-01
3.054717408061031758e-01
3.061036299705507946e-01
3.067101335823537722e-01
3.072007378399375654e-01
3.074555896669625699e-01
3.078274356424804403e-01
3.084030833005907968e-01
3.087704462945460859e-01
3.090763742595911134e-01
3.096505466103557369e-01
3.102933910846708554e-01
3.110176904737947945e-01
3.115113005340097163e-01
3.120018540024753761e-01
3.125963373184206806e-01
3.131160711944100949e-01
3.136936264753338310e-01
3.144799861639734906e-01
3.152587683200835933e-01
3.156827442526820016e-01
3.163113070070740496e-01
3.170503304064278272e-01
3.176184111714362990e-01
3.182884948700664407e-01
3.188668268591166588e-01
3.194231320083142367e-01
3.202432195723053932e-01
3.211271554708482467e-01
3.218211409270765322e-01
3.224450269699092320e-01
3.229020622551446174e-01
3.234248038500543987e-01
3.240748647451396902e-01
3.244804735183717814e-01
3.249258541405205536e-01
3.254185493290426279e-01
3.259660934448239678e-01
3.266941906601187884e-01
3.274101363420482969e-01
3.279210544884208489e-01
3.281012072086337827e-01
3.283091118007899212e-01
3.287175354838370311e-01
3.292072629690172003e-01
3.296489669591189942e-01
3.302065957635643145e-01
3.306858249425886354e-01
3.310683428049090438e-01
3.314205399513239780e-01
3.316340269744400548e-01
3.318901561558250668e-01
3.319252809584138375e-01
3.319943861663341989e-01
3.323959021896128463e-01
3.326733689785008052e-01
3.329605907052751723e-01
3.332866735398767322e-01
3.335751906037326964e-01
3.337027067422869697e-01
3.340641679018734878e-01
3.343785199999811386e-01
3.344916429519652068e-01
3.346757415801288049e-01
3.349209525883202754e-01
3.350751419365409767e-01
3.351944565534594744e-01
3.354463800072666757e-01
3.356424136161799687e-01
3.359057894110682452e-01
3.363440741300585124e-01
3.366157076328994413e-01
3.368054660081860607e-01
3.368863405346868567e-01
3.367185459852215512e-01
3.367994408607480339e-01
3.368577545046805288e-01
3.368841797173019459e-01
3.372762267351153698e-01
3.374437211900946365e-01
3.373817107796672210e-01
3.376670311808586122e-01
3.378724336624140956e-01
3.379437646448611998e-01
3.381778957396746610e-01
3.382772880017757000e-01
3.384033469855790011e-01
3.385257510185245566e-01
3.386783227980141309e-01
3.388185023993254830e-01
3.390962267965078603e-01
3.392372169554236372e-01
3.392401884198185114e-01
3.393215924978253417e-01
3.394027626037598999e-01
3.393087550252673612e-01
3.393232528656718872e-01
3.396404978781940587e-01
3.397153782248493736e-01
3.395814628005025537e-01
3.398856847465037134e-01
3.402136609643697795e-01
3.403781819492582850e-01
3.406620245754723442e-01
3.412503880262372502e-01
3.416465894699097228e-01
3.416780054509643283e-01
3.417227815985676154e-01
3.415443597167728829e-01
3.413848582714795188e-01
3.415172130674126172e-01
3.417313621491190889e-01
3.421679285496473932e-01
3.424614977329968890e-01
3.424766960978509189e-01
3.425076319694522198e-01
3.426620437175031397e-01
3.429448664009568937e-01
3.430268744677307802e-01
3.429753831624987037e-01
3.431198716461660303e-01
3.431915039598940065e-01
3.432159649848942062e-01
3.435670002043251792e-01
3.438721010625361285e-01
3.439010262131687035e-01
3.440667920082806641e-01
3.442388805538416086e-01
3.442931668698784864e-01
3.444919571280479764e-01
3.445939976364372770e-01
3.445590404748917202e-01
3.446166435629126057e-01
3.446905275106426081e-01
3.447380560636517099e-01
3.449235262870790630e-01
3.453195402175189277e-01
3.454436312377450191e-01
3.454989077359435501e-01
3.456090129852295578e-01
3.454586599230762833e-01
3.454119132220747068e-01
3.456834748834375359e-01
3.458152046203617491e-01
3.458318563938140855e-01
3.458482000350951435e-01
3.458717074394225266e-01
3.458104986429211825e-01
3.457820177078250179e-01
3.459711863279342769e-01
3.459487017095089212e-01
3.459057498455046509e-01
3.459852540791038544e-01
3.463167866617441470e-01
3.463277715206150575e-01
3.462450519293546192e-01
3.464028266876932327e-01
3.465179196000099382e-01
3.463335066616538560e-01
3.466258010864256001e-01
3.470304164886472975e-01
3.470749861657616009e-01
3.469858475506306106e-01
3.470346540361644583e-01
3.469409009754656492e-01
3.466835846275092559e-01
3.469330214053396033e-01
3.471475115984675175e-01
3.472581229567531791e-01
3.473402392566203312e-01
3.473835353851316143e-01
3.473406708598135162e-01
3.470918091952797102e-01
3.471407093286517642e-01
3.473263113766906218e-01
3.475474440962080247e-01
3.480210835218434107e-01
3.483116401612763036e-01
3.484933940887449677e-01
3.487769608557226286e-01
3.488897814989085355e-01
3.487682981908326041e-01
3.487881809681652179e-01
3.491486565560102395e-01
3.493965797513725602e-01
3.496123664200301850e-01
3.498771610826251766e-01
3.496519061058760980e-01
3.496496774911879157e-01
3.503037570655344601e-01
3.506753943085670344e-01
3.507892730712895424e-01
3.513040552139283235e-01
3.522158784449102575e-01
3.525498844742774307e-01
3.526930905729528387e-01
3.530983509004115839e-01
3.533346291661261795e-01
3.535234292060140948e-01
3.541523318320517477e-01
3.547233151197434209e-01
3.552442400157454494e-01
3.554968609362840204e-01
3.559690278738740776e-01
3.564130233943463288e-01
3.567198371171956262e-01
3.571927325248719365e-01
3.573141805529595483e-01
3.576473660767073293e-01
3.581321575343608954e-01
3.582209526300432767e-01
3.586368284344677027e-01
3.590470446825025919e-01
3.593666646569965151e-01
3.597105275273326241e-01
3.598452729135748207e-01
3.596114195823668092e-01
3.596677663147447301e-01
3.596515350461010341e-01
3.597831043362615944e-01
3.601270729810003290e-01
3.606652405142781181e-01
3.609015835702419905e-01
3.607358702778813986e-01
3.604875120520588672e-01
3.603298161506651720e-01
3.604701511979104822e-01
3.605951672494415172e-01
3.604454107731577261e-01
3.602904920637610142e-01
3.604481434673074691e-01
3.605617171168322699e-01
3.605727059751747676e-01
3.607941040098671670e-01
3.605507709026334329e-01
3.599014878749844382e-01
3.599511728435757507e-01
3.600114429831502427e-01
3.598092505455018908e-01
3.594864667892452292e-01
3.594771552026271855e-01
3.596420247793200020e-01
3.593540789276366554e-01
3.590076235592366549e-01
3.587319421768189187e-01
3.581688391685483031e-01
3.574488076686861970e-01
3.574758316904308453e-01
3.574972379535441003e-01
3.568939523756505805e-01
3.567333768606189004e-01
3.565153183937075920e-01
3.558738440424201732e-01
3.552908516019581131e-01
3.545412019073958532e-01
3.536377918243405194e-01
3.531561457425357320e-01
3.525310094207524392e-01
3.515746784210204146e-01
3.508855438292025619e-01
3.503923850595951350e-01
3.496538031578060313e-01
3.491696497052911852e-01
3.486380716234445121e-01
3.474549423426386840e-01
3.465856119275094738e-01
3.460913052499298148e-01
3.450954543590548096e-01
3.437430851578709423e-01
3.427193375080826998e-01
3.414456657350064539e-01
3.403587543487547884e-01
3.397232062071562919e-01
3.388588285028934499e-01
3.378178558945651999e-01
3.367652348041536015e-01
3.360814067512752912e-01
3.352117582738395885e-01
3.339458511829375698e-01
3.328823661208155094e-01
3.321744981408123465e-01
3.312996621847152934e-01
3.306999384075399173e-01
3.303027915000914527e-01
3.292263901233676848e-01
3.279287157177929735e-01
3.269685379922392943e-01
3.257692124843596382e-01
3.244259921073914810e-01
3.236980715751649473e-01
3.227451843023302347e-01
3.215539182543753483e-01
3.207838474452496813e-01
3.197486776471136216e-01
3.184509189128880147e-01
3.174346419930460517e-01
3.161693430840973873e-01
3.149077892303466797e-01
3.138840465784070166e-01
3.129501773655419261e-01
3.118623071402315539e-01
3.105499298840765365e-01
3.095481111109251726e-01
3.086694146841761355e-01
3.075608505964278483e-01
3.064737771272658118e-01
3.056162716448310168e-01
3.047576275765900289e-01
3.039500124335292597e-01
3.033870906829831404e-01
3.028572810620066003e-01
3.018133078336712738e-01
3.004234614819283888e-01
2.992982570081944571e-01
2.981767747700209692e-01
2.974339574843648526e-01
2.970624079078431623e-01
2.962956669867038983e-01
2.955555960386990755e-01
2.946553955644373168e-01
2.935282620817421528e-01
2.930047792404893436e-01
2.926192325949667494e-01
2.920743329286572543e-01
2.915496011495588013e-01
2.904629414319988556e-01
2.896876248836512957e-01
2.892544698357579769e-01
2.884970913827420436e-01
2.880526448965072261e-01
2.874598346054556552e-01
2.867089471220973795e-01
2.865774297475812693e-01
2.859511182606218060e-01
2.847101273536679633e-01
2.837095525562763898e-01
2.823426918357606619e-01
2.817058555483815674e-01
2.817740161478515248e-01
2.812895449876781639e-01
2.808209709763526685e-01
2.806218032866720780e-01
2.800072968959811948e-01
2.791817166686054730e-01
2.784819191843271868e-01
2.776538752555843814e-01
2.768222908794877313e-01
2.765921347439287414e-01
2.767335054129365646e-01
2.764780444025990436e-01
2.757166782438752461e-01
2.751800222694872344e-01
2.745845300823449575e-01
2.741496047705416217e-01
2.738770829290153030e-01
2.737463804900642228e-01
2.736556157469750006e-01
2.735285227477545766e-01
2.735006514489651819e-01
2.736327953815463898e-01
2.733017027378087382e-01
2.732026965260506701e-01
2.726151440471409337e-01
2.715038744300599660e-01
2.709277912527321974e-01
2.705181297153236297e-01
2.699524186611175214e-01
2.696708306908608965e-01
2.697022452831268624e-01
2.697910581767554716e-01
2.702747192144391852e-01
2.705461951494213535e-01
2.705117978990080330e-01
2.704412778317926702e-01
2.702132549285884422e-01
2.708351897299292599e-01
2.711810309708122535e-01
2.707473609596487973e-01
2.713530953168866167e-01
2.719112924158577083e-01
2.721464720070365662e-01
2.734736053258183808e-01
2.736413611412049085e-01
2.731091246366499359e-01
2.739780637979503108e-01
2.744905756473537406e-01
2.744685112416743178e-01
2.755192085206510932e-01
2.767119104325766465e-01
2.766343321323397886e-01
2.771546805769204425e-01
2.779414100646971364e-01
2.775103844404225306e-01
2.775624873608354970e-01
2.782143304646014226e-01
2.783994067043070730e-01
2.782278166830536859e-01
2.782872610598799978e-01
2.787438856244085494e-01
2.785444017887119261e-01
2.782536710500714272e-01
2.783880882740023543e-01
2.787301127254963595e-01
2.792091667056087467e-01
2.791403507709498411e-01
2.789801640987395470e-01
2.783218499988320827e-01
2.768678477078678202e-01
2.758762993067507829e-01
2.749909368693833067e-01
2.742609502851967584e-01
2.743909492671494088e-01
2.743861468791960467e-01
2.742736219614739790e-01
2.736009418368335888e-01
2.713990363478661072e-01
2.700532192736864179e-01
2.701282914698126536e-01
2.697382652342316667e-01
2.695757776021961427e-01
2.699896208792925134e-01
2.691770375430583284e-01
2.681972862482069897e-01
2.677345098137854373e-01
2.668612259954215027e-01
2.666239850401880274e-01
2.668664091795684978e-01
2.670922912418841055e-01
2.659423687547447512e-01
2.633795196890828527e-01
2.617658310770989982e-01
2.612803237795827127e-01
2.607728435158734315e-01
2.599395216852428692e-01
2.585833296328783892e-01
2.558081922054293855e-01
2.538576153516766132e-01
2.538775426983829742e-01
2.539485082089898427e-01
2.528168275952341615e-01
2.517147140085699286e-01
2.509242742538454474e-01
2.491477903366085267e-01
2.486446713477369064e-01
2.494799025177953378e-01
2.490185588747260981e-01
2.475345426678657590e-01
2.459399403601885414e-01
2.430924293160434957e-01
2.401097963511947542e-01
2.399127074122424652e-01
2.400582192063327458e-01
2.394459345877166245e-01
2.390602578163146807e-01
2.366425208121534507e-01
2.340014799952511160e-01
2.331496006846426328e-01
2.329433768570419450e-01
2.325290289044383840e-01
2.315660563766957780e-01
2.296225035309786833e-01
2.269663862854246206e-01
2.250892139822242566e-01
2.244108318418268355e-01
2.247892064452169381e-01
2.249175782859323958e-01
2.244004071846600057e-01
2.237069462299350053e-01
2.216569111824034377e-01
2.188304135352375501e-01
2.169188871979713940e-01
2.157410246819258803e-01
2.145893037021159577e-01
2.128099726915357870e-01
2.118121870666740680e-01
2.117364079743625505e-01
2.105624283224346305e-01
2.106841899126763729e-01
2.108972658008338719e-01
2.082757511734966149e-01
2.063063574254515864e-01
2.049128697991374759e-01
2.031423888072375894e-01
2.018024528592822775e-01
2.006838401794437121e-01
2.008174129351970594e-01
2.000186919495459403e-01
1.993599191546440719e-01
1.983213883295657787e-01
1.957183216616513455e-01
1.953151011765004996e-01
1.963010514110327676e-01
1.956097233071924790e-01
1.955678770512343234e-01
1.944473962932823652e-01
1.917048937678336451e-01
1.900341053903102373e-01
1.869187270402911105e-01
1.866907210350040591e-01
1.889796121120452810e-01
1.893354422360661871e-01
1.919752790138122001e-01
1.919417312979697088e-01
1.887218405753370021e-01
1.870426469877363718e-01
1.844442515060303045e-01
1.835494755506512088e-01
1.824830832257868518e-01
1.826272100642320206e-01
1.837541809231038603e-01
1.828136097818614247e-01
1.816388961553574988e-01
1.793434359803800504e-01
1.772923562467098035e-01
1.765675171494486273e-01
1.763552758842710233e-01
1.745236458912495792e-01
1.735879503354430808e-01
1.747422040075062577e-01
1.737598651766779079e-01
1.740326868966220741e-01
1.751760552853347530e-01
1.718989627361298678e-01
1.675278195381167679e-01
1.678902398675676533e-01
1.682802209243179636e-01
1.709453877434134739e-01
1.757774875462051190e-01
1.737957321166989366e-01
